Date,Time,Open,High,Low,Close,Volume,OpenInt
2014-10-13,01:00:00,0.97209,0.97252,0.96904,0.96914,0,0
2014-10-13,02:00:00,0.96907,0.97121,0.96843,0.97068,0,0
2014-10-13,03:00:00,0.97068,0.97284,0.96896,0.97266,0,0
2014-10-13,04:00:00,0.97264,0.97771,0.97237,0.97741,0,0
2014-10-13,05:00:00,0.9773,0.97922,0.97653,0.97788,0,0
2014-10-13,06:00:00,0.97785,0.97825,0.9767,0.97768,0,0
2014-10-13,07:00:00,0.97767,0.97878,0.97766,0.9782,0,0
2014-10-13,08:00:00,0.97818,0.97859,0.97777,0.97805,0,0
2014-10-13,09:00:00,0.97809,0.97857,0.97592,0.97708,0,0
2014-10-13,10:00:00,0.97715,0.97839,0.97669,0.97839,0,0
2014-10-13,11:00:00,0.9783,0.97886,0.97758,0.97813,0,0
2014-10-13,12:00:00,0.97805,0.97975,0.9778,0.97954,0,0
2014-10-13,13:00:00,0.97956,0.98106,0.97929,0.98062,0,0
2014-10-13,14:00:00,0.98062,0.98153,0.98045,0.98117,0,0
2014-10-13,15:00:00,0.98118,0.98299,0.98113,0.98271,0,0
2014-10-13,16:00:00,0.98257,0.98309,0.98147,0.98276,0,0
2014-10-13,17:00:00,0.98283,0.98311,0.98102,0.98119,0,0
2014-10-13,18:00:00,0.98135,0.98135,0.97991,0.98052,0,0
2014-10-13,19:00:00,0.98052,0.98145,0.98039,0.98099,0,0
2014-10-13,20:00:00,0.98099,0.98177,0.98038,0.98052,0,0
2014-10-13,21:00:00,0.98055,0.98166,0.98053,0.98125,0,0
2014-10-13,22:00:00,0.98127,0.98234,0.98076,0.98076,0,0
2014-10-13,23:00:00,0.98073,0.98215,0.98042,0.98208,0,0
2014-10-13,23:59:00,0.98198,0.98231,0.97977,0.98,0,0
2014-10-14,01:00:00,0.98,0.98066,0.97966,0.98009,0,0
2014-10-14,02:00:00,0.98012,0.98097,0.9796,0.98089,0,0
2014-10-14,03:00:00,0.98089,0.98103,0.97952,0.98038,0,0
2014-10-14,04:00:00,0.98037,0.98385,0.98003,0.98341,0,0
2014-10-14,05:00:00,0.98341,0.98654,0.98309,0.98565,0,0
2014-10-14,06:00:00,0.98565,0.98643,0.98498,0.98543,0,0
2014-10-14,07:00:00,0.98541,0.98588,0.98496,0.98554,0,0
2014-10-14,08:00:00,0.98554,0.98591,0.98433,0.98487,0,0
2014-10-14,09:00:00,0.98475,0.98552,0.98388,0.98523,0,0
2014-10-14,10:00:00,0.98524,0.9857,0.98351,0.98382,0,0
2014-10-14,11:00:00,0.98378,0.98435,0.98265,0.98365,0,0
2014-10-14,12:00:00,0.98368,0.98405,0.98109,0.98179,0,0
2014-10-14,13:00:00,0.9818,0.98331,0.98151,0.98269,0,0
2014-10-14,14:00:00,0.9828,0.98299,0.98123,0.98283,0,0
2014-10-14,15:00:00,0.98283,0.98332,0.98141,0.98187,0,0
2014-10-14,16:00:00,0.98195,0.98219,0.97964,0.98007,0,0
2014-10-14,17:00:00,0.98011,0.98033,0.97913,0.97994,0,0
2014-10-14,18:00:00,0.98012,0.98067,0.97966,0.98032,0,0
2014-10-14,19:00:00,0.98028,0.98221,0.98022,0.98209,0,0
2014-10-14,20:00:00,0.98208,0.98379,0.98192,0.98355,0,0
2014-10-14,21:00:00,0.98355,0.98369,0.98273,0.98316,0,0
2014-10-14,22:00:00,0.98317,0.98418,0.98296,0.98407,0,0
2014-10-14,23:00:00,0.98415,0.98463,0.98372,0.98418,0,0
2014-10-14,23:59:00,0.98415,0.9846,0.98368,0.98457,0,0
2014-10-15,01:00:00,0.98462,0.98462,0.98357,0.9842,0,0
2014-10-15,02:00:00,0.98419,0.98546,0.98333,0.98544,0,0
2014-10-15,03:00:00,0.9854,0.98546,0.98319,0.98389,0,0
2014-10-15,04:00:00,0.98385,0.98695,0.98342,0.98624,0,0
2014-10-15,05:00:00,0.98622,0.98664,0.98573,0.98624,0,0
2014-10-15,06:00:00,0.98624,0.98743,0.98624,0.98715,0,0
2014-10-15,07:00:00,0.98718,0.98806,0.98665,0.98804,0,0
2014-10-15,08:00:00,0.98815,0.9894,0.98766,0.98899,0,0
2014-10-15,09:00:00,0.989,0.99093,0.98891,0.99057,0,0
2014-10-15,10:00:00,0.99052,0.99124,0.9897,0.99061,0,0
2014-10-15,11:00:00,0.99051,0.99213,0.99048,0.99105,0,0
2014-10-15,12:00:00,0.991,0.99228,0.9892,0.98968,0,0
2014-10-15,13:00:00,0.98975,0.99161,0.98971,0.99143,0,0
2014-10-15,14:00:00,0.99149,0.99245,0.99102,0.9919,0,0
2014-10-15,15:00:00,0.99189,0.99487,0.99084,0.99401,0,0
2014-10-15,16:00:00,0.99409,0.99492,0.9913,0.9913,0,0
2014-10-15,17:00:00,0.99147,0.99581,0.98979,0.9949,0,0
2014-10-15,18:00:00,0.99491,0.99545,0.99242,0.99254,0,0
2014-10-15,19:00:00,0.99248,0.99314,0.99124,0.99124,0,0
2014-10-15,20:00:00,0.99135,0.99144,0.98675,0.98801,0,0
2014-10-15,21:00:00,0.98806,0.99114,0.98765,0.98975,0,0
2014-10-15,22:00:00,0.9899,0.9928,0.98954,0.9923,0,0
2014-10-15,23:00:00,0.992,0.99371,0.99155,0.99342,0,0
2014-10-15,23:59:00,0.99325,0.99325,0.99122,0.99226,0,0
2014-10-16,01:00:00,0.99218,0.99268,0.99106,0.9912,0,0
2014-10-16,02:00:00,0.99122,0.99177,0.98934,0.9904,0,0
2014-10-16,03:00:00,0.99041,0.99136,0.98898,0.99023,0,0
2014-10-16,04:00:00,0.99031,0.99128,0.98964,0.99065,0,0
2014-10-16,05:00:00,0.99064,0.99122,0.98933,0.99022,0,0
2014-10-16,06:00:00,0.99021,0.99077,0.98946,0.98978,0,0
2014-10-16,07:00:00,0.98975,0.99011,0.98936,0.98984,0,0
2014-10-16,08:00:00,0.98984,0.99103,0.98961,0.99064,0,0
2014-10-16,09:00:00,0.99066,0.9907,0.98785,0.98862,0,0
2014-10-16,10:00:00,0.98867,0.9889,0.98675,0.98745,0,0
2014-10-16,11:00:00,0.98753,0.98774,0.98588,0.98658,0,0
2014-10-16,12:00:00,0.98657,0.98769,0.98554,0.98592,0,0
2014-10-16,13:00:00,0.98603,0.98906,0.98586,0.98768,0,0
2014-10-16,14:00:00,0.9877,0.98881,0.98679,0.9868,0,0
2014-10-16,15:00:00,0.98686,0.98771,0.98453,0.98652,0,0
2014-10-16,16:00:00,0.98654,0.98859,0.98503,0.98605,0,0
2014-10-16,17:00:00,0.98575,0.98887,0.98566,0.9885,0,0
2014-10-16,18:00:00,0.98847,0.99023,0.98666,0.9874,0,0
2014-10-16,19:00:00,0.98735,0.9881,0.98677,0.98733,0,0
2014-10-16,20:00:00,0.98735,0.98737,0.98543,0.98644,0,0
2014-10-16,21:00:00,0.98647,0.98649,0.98498,0.98593,0,0
2014-10-16,22:00:00,0.98604,0.98617,0.98443,0.98468,0,0
2014-10-16,23:00:00,0.98468,0.98571,0.98432,0.9856,0,0
2014-10-16,23:59:00,0.98532,0.98593,0.98482,0.98538,0,0
2014-10-17,01:00:00,0.98542,0.9859,0.98387,0.98578,0,0
2014-10-17,02:00:00,0.98576,0.98782,0.98576,0.98762,0,0
2014-10-17,03:00:00,0.98757,0.98852,0.98695,0.98697,0,0
2014-10-17,04:00:00,0.98698,0.98845,0.98682,0.98799,0,0
2014-10-17,05:00:00,0.98798,0.98798,0.98633,0.9864,0,0
2014-10-17,06:00:00,0.98648,0.98686,0.98449,0.98505,0,0
2014-10-17,07:00:00,0.98504,0.98603,0.98441,0.98483,0,0
2014-10-17,08:00:00,0.98498,0.9851,0.98332,0.98416,0,0
2014-10-17,09:00:00,0.98418,0.98494,0.98359,0.9841,0,0
2014-10-17,10:00:00,0.98412,0.98648,0.9832,0.98615,0,0
2014-10-17,11:00:00,0.98615,0.98754,0.98528,0.9875,0,0
2014-10-17,12:00:00,0.98747,0.98752,0.98549,0.9862,0,0
2014-10-17,13:00:00,0.9862,0.98735,0.98585,0.9869,0,0
2014-10-17,14:00:00,0.98688,0.98738,0.98605,0.98681,0,0
2014-10-17,15:00:00,0.9868,0.98975,0.98501,0.98595,0,0
2014-10-17,16:00:00,0.98589,0.98597,0.98365,0.98418,0,0
2014-10-17,17:00:00,0.98422,0.98542,0.98275,0.98401,0,0
2014-10-17,18:00:00,0.9841,0.98546,0.9837,0.98532,0,0
2014-10-17,19:00:00,0.98519,0.98694,0.98504,0.98629,0,0
2014-10-17,20:00:00,0.98645,0.98769,0.98623,0.98765,0,0
2014-10-17,21:00:00,0.98774,0.98806,0.98716,0.98718,0,0
2014-10-17,22:00:00,0.98724,0.98834,0.98688,0.98819,0,0
2014-10-17,23:00:00,0.98816,0.98816,0.98816,0.98816,0,0
2014-10-20,01:00:00,0.9886,0.98889,0.98751,0.98751,0,0
2014-10-20,02:00:00,0.98746,0.98938,0.98746,0.98833,0,0
2014-10-20,03:00:00,0.98834,0.98987,0.98833,0.98899,0,0
2014-10-20,04:00:00,0.98895,0.98945,0.98847,0.98896,0,0
2014-10-20,05:00:00,0.98896,0.98972,0.98827,0.98932,0,0
2014-10-20,06:00:00,0.98929,0.98937,0.98765,0.98845,0,0
2014-10-20,07:00:00,0.98847,0.98914,0.98821,0.98876,0,0
2014-10-20,08:00:00,0.98876,0.98927,0.98844,0.98881,0,0
2014-10-20,09:00:00,0.98889,0.98896,0.98602,0.98709,0,0
2014-10-20,10:00:00,0.98707,0.98708,0.98589,0.98665,0,0
2014-10-20,11:00:00,0.98666,0.98761,0.98615,0.98732,0,0
2014-10-20,12:00:00,0.98724,0.98833,0.98721,0.98749,0,0
2014-10-20,13:00:00,0.98759,0.9883,0.98672,0.98679,0,0
2014-10-20,14:00:00,0.98679,0.98779,0.98613,0.98734,0,0
2014-10-20,15:00:00,0.98734,0.98864,0.98716,0.98817,0,0
2014-10-20,16:00:00,0.9882,0.99018,0.98779,0.99017,0,0
2014-10-20,17:00:00,0.9902,0.99122,0.98987,0.98988,0,0
2014-10-20,18:00:00,0.98992,0.99058,0.98946,0.99047,0,0
2014-10-20,19:00:00,0.99044,0.99178,0.99033,0.99084,0,0
2014-10-20,20:00:00,0.9909,0.99239,0.9909,0.9914,0,0
2014-10-20,21:00:00,0.99141,0.99181,0.99113,0.99178,0,0
2014-10-20,22:00:00,0.9918,0.99279,0.99163,0.9924,0,0
2014-10-20,23:00:00,0.99236,0.99244,0.99092,0.99092,0,0
2014-10-20,23:59:00,0.99062,0.99173,0.9904,0.99097,0,0
2014-10-21,01:00:00,0.9909,0.99235,0.9909,0.99192,0,0
2014-10-21,02:00:00,0.99182,0.99222,0.99086,0.99126,0,0
2014-10-21,03:00:00,0.99126,0.993,0.99088,0.99139,0,0
2014-10-21,04:00:00,0.99139,0.9914,0.98943,0.98943,0,0
2014-10-21,05:00:00,0.99082,0.99417,0.99058,0.99262,0,0
2014-10-21,06:00:00,0.99261,0.9939,0.99255,0.99358,0,0
2014-10-21,07:00:00,0.99359,0.99447,0.99296,0.99308,0,0
2014-10-21,08:00:00,0.99313,0.99339,0.99209,0.99334,0,0
2014-10-21,09:00:00,0.99332,0.99371,0.99056,0.99063,0,0
2014-10-21,10:00:00,0.99064,0.99174,0.99059,0.99066,0,0
2014-10-21,11:00:00,0.99064,0.99108,0.98965,0.98976,0,0
2014-10-21,12:00:00,0.98964,0.99137,0.98959,0.99134,0,0
2014-10-21,13:00:00,0.99134,0.99155,0.99027,0.99035,0,0
2014-10-21,14:00:00,0.99033,0.99208,0.9903,0.99143,0,0
2014-10-21,15:00:00,0.99146,0.99173,0.9895,0.9895,0,0
2014-10-21,16:00:00,0.98954,0.99002,0.98831,0.98977,0,0
2014-10-21,17:00:00,0.98977,0.99061,0.98823,0.98847,0,0
2014-10-21,18:00:00,0.98852,0.98856,0.98551,0.9867,0,0
2014-10-21,19:00:00,0.98665,0.98755,0.98597,0.9863,0,0
2014-10-21,20:00:00,0.9863,0.98738,0.98624,0.98664,0,0
2014-10-21,21:00:00,0.98656,0.98692,0.98536,0.98571,0,0
2014-10-21,22:00:00,0.98557,0.98602,0.98504,0.98571,0,0
2014-10-21,23:00:00,0.98563,0.98615,0.985,0.985,0,0
2014-10-21,23:59:00,0.98482,0.9858,0.98457,0.98544,0,0
2014-10-22,01:00:00,0.98546,0.98546,0.98386,0.98388,0,0
2014-10-22,02:00:00,0.98394,0.98502,0.98388,0.98454,0,0
2014-10-22,03:00:00,0.9845,0.98588,0.98223,0.98487,0,0
2014-10-22,04:00:00,0.98487,0.98549,0.98393,0.98521,0,0
2014-10-22,05:00:00,0.9852,0.98628,0.98498,0.98601,0,0
2014-10-22,06:00:00,0.986,0.98667,0.98581,0.98613,0,0
2014-10-22,07:00:00,0.98612,0.9864,0.98572,0.98615,0,0
2014-10-22,08:00:00,0.98611,0.98625,0.9856,0.98615,0,0
2014-10-22,09:00:00,0.98593,0.98686,0.98507,0.98545,0,0
2014-10-22,10:00:00,0.98545,0.98604,0.98484,0.98604,0,0
2014-10-22,11:00:00,0.98605,0.98705,0.9859,0.98687,0,0
2014-10-22,12:00:00,0.98679,0.98755,0.98665,0.98743,0,0
2014-10-22,13:00:00,0.98748,0.98783,0.98693,0.98733,0,0
2014-10-22,14:00:00,0.98737,0.98829,0.987,0.98733,0,0
2014-10-22,15:00:00,0.98733,0.9902,0.9867,0.98929,0,0
2014-10-22,16:00:00,0.98922,0.99139,0.98873,0.99134,0,0
2014-10-22,17:00:00,0.99167,0.99167,0.98335,0.98653,0,0
2014-10-22,18:00:00,0.98668,0.98789,0.98563,0.98633,0,0
2014-10-22,19:00:00,0.98624,0.9867,0.98441,0.98483,0,0
2014-10-22,20:00:00,0.98483,0.98604,0.98436,0.98546,0,0
2014-10-22,21:00:00,0.98548,0.98715,0.98543,0.98655,0,0
2014-10-22,22:00:00,0.98646,0.98678,0.98598,0.98637,0,0
2014-10-22,23:00:00,0.98646,0.98714,0.98563,0.98566,0,0
2014-10-22,23:59:00,0.98601,0.98646,0.98381,0.98494,0,0
2014-10-23,01:00:00,0.98482,0.98609,0.98462,0.98527,0,0
2014-10-23,02:00:00,0.98523,0.98632,0.98508,0.98631,0,0
2014-10-23,03:00:00,0.98631,0.98715,0.98523,0.98544,0,0
2014-10-23,04:00:00,0.98548,0.98719,0.98488,0.9852,0,0
2014-10-23,05:00:00,0.98527,0.98631,0.98508,0.98597,0,0
2014-10-23,06:00:00,0.98596,0.98603,0.98531,0.9854,0,0
2014-10-23,07:00:00,0.9854,0.98602,0.98532,0.98583,0,0
2014-10-23,08:00:00,0.98579,0.98605,0.98544,0.98554,0,0
2014-10-23,09:00:00,0.98557,0.98732,0.98537,0.98723,0,0
2014-10-23,10:00:00,0.98732,0.98854,0.98631,0.98784,0,0
2014-10-23,11:00:00,0.9879,0.98821,0.98694,0.98794,0,0
2014-10-23,12:00:00,0.98794,0.9884,0.98667,0.98694,0,0
2014-10-23,13:00:00,0.98697,0.98785,0.98692,0.98754,0,0
2014-10-23,14:00:00,0.9875,0.98868,0.98686,0.98686,0,0
2014-10-23,15:00:00,0.98686,0.98784,0.98567,0.98703,0,0
2014-10-23,16:00:00,0.98716,0.98729,0.98583,0.98613,0,0
2014-10-23,17:00:00,0.9862,0.98624,0.98413,0.98551,0,0
2014-10-23,18:00:00,0.98548,0.98662,0.98493,0.98563,0,0
2014-10-23,19:00:00,0.98565,0.98569,0.98359,0.98379,0,0
2014-10-23,20:00:00,0.98368,0.98453,0.98322,0.9844,0,0
2014-10-23,21:00:00,0.9844,0.98456,0.98333,0.98364,0,0
2014-10-23,22:00:00,0.98384,0.98413,0.98282,0.98345,0,0
2014-10-23,23:00:00,0.98338,0.98402,0.98315,0.98376,0,0
2014-10-23,23:59:00,0.98352,0.98441,0.98297,0.98359,0,0
2014-10-24,01:00:00,0.98363,0.98388,0.98312,0.98317,0,0
2014-10-24,02:00:00,0.98311,0.98321,0.98246,0.98259,0,0
2014-10-24,03:00:00,0.98255,0.98274,0.97897,0.98018,0,0
2014-10-24,04:00:00,0.98019,0.98112,0.97989,0.98109,0,0
2014-10-24,05:00:00,0.98116,0.9814,0.98075,0.98075,0,0
2014-10-24,06:00:00,0.98075,0.98251,0.98035,0.98169,0,0
2014-10-24,07:00:00,0.98171,0.98278,0.98146,0.98246,0,0
2014-10-24,08:00:00,0.98241,0.98386,0.98217,0.98316,0,0
2014-10-24,09:00:00,0.98316,0.98378,0.98281,0.98286,0,0
2014-10-24,10:00:00,0.98289,0.98353,0.98277,0.98303,0,0
2014-10-24,11:00:00,0.98301,0.9847,0.983,0.98404,0,0
2014-10-24,12:00:00,0.98381,0.98462,0.98381,0.98423,0,0
2014-10-24,13:00:00,0.98421,0.98527,0.98414,0.98419,0,0
2014-10-24,14:00:00,0.98417,0.985,0.98398,0.98453,0,0
2014-10-24,15:00:00,0.98455,0.98732,0.98418,0.98693,0,0
2014-10-24,16:00:00,0.98697,0.98835,0.98617,0.98809,0,0
2014-10-24,17:00:00,0.98829,0.98915,0.98755,0.98755,0,0
2014-10-24,18:00:00,0.98748,0.98824,0.98717,0.98766,0,0
2014-10-24,19:00:00,0.98767,0.98905,0.98763,0.98845,0,0
2014-10-24,20:00:00,0.9884,0.98939,0.9884,0.98897,0,0
2014-10-24,21:00:00,0.98896,0.9894,0.98766,0.98769,0,0
2014-10-24,22:00:00,0.9878,0.9886,0.9874,0.98805,0,0
2014-10-24,23:00:00,0.98807,0.98807,0.98806,0.98806,0,0
2014-10-27,01:00:00,0.98917,0.98938,0.98865,0.98922,0,0
2014-10-27,02:00:00,0.98929,0.99062,0.98929,0.98981,0,0
2014-10-27,03:00:00,0.98981,0.99027,0.98786,0.98875,0,0
2014-10-27,04:00:00,0.98878,0.98943,0.98817,0.98921,0,0
2014-10-27,05:00:00,0.98909,0.98922,0.98835,0.98866,0,0
2014-10-27,06:00:00,0.9887,0.98924,0.98858,0.98904,0,0
2014-10-27,07:00:00,0.98909,0.9891,0.98859,0.98877,0,0
2014-10-27,08:00:00,0.98879,0.98923,0.98807,0.98825,0,0
2014-10-27,09:00:00,0.98821,0.98829,0.98755,0.98768,0,0
2014-10-27,10:00:00,0.9876,0.98819,0.98713,0.98801,0,0
2014-10-27,11:00:00,0.98798,0.98974,0.9879,0.9892,0,0
2014-10-27,12:00:00,0.98921,0.98997,0.98852,0.98873,0,0
2014-10-27,13:00:00,0.98878,0.98969,0.98784,0.98873,0,0
2014-10-27,14:00:00,0.98877,0.98935,0.98821,0.98854,0,0
2014-10-27,15:00:00,0.98856,0.98935,0.98838,0.9888,0,0
2014-10-27,16:00:00,0.98885,0.98943,0.98801,0.9886,0,0
2014-10-27,17:00:00,0.98867,0.98974,0.98835,0.98949,0,0
2014-10-27,18:00:00,0.98947,0.99068,0.98929,0.98951,0,0
2014-10-27,19:00:00,0.98953,0.99028,0.98938,0.98984,0,0
2014-10-27,20:00:00,0.98979,0.99002,0.98921,0.98961,0,0
2014-10-27,21:00:00,0.98969,0.98969,0.98902,0.98928,0,0
2014-10-27,22:00:00,0.98934,0.98996,0.9892,0.9898,0,0
2014-10-27,23:00:00,0.9898,0.99026,0.9896,0.9901,0,0
2014-10-27,23:59:00,0.99006,0.99007,0.98952,0.98963,0,0
2014-10-28,01:00:00,0.98973,0.99041,0.98953,0.99032,0,0
2014-10-28,02:00:00,0.99046,0.99097,0.9899,0.99082,0,0
2014-10-28,03:00:00,0.99082,0.99147,0.9907,0.99125,0,0
2014-10-28,04:00:00,0.99125,0.99158,0.99092,0.99149,0,0
2014-10-28,05:00:00,0.99148,0.99252,0.99108,0.99158,0,0
2014-10-28,06:00:00,0.99156,0.99174,0.99093,0.99113,0,0
2014-10-28,07:00:00,0.99113,0.99137,0.99078,0.99103,0,0
2014-10-28,08:00:00,0.99083,0.99121,0.9903,0.99072,0,0
2014-10-28,09:00:00,0.99073,0.99232,0.99069,0.99173,0,0
2014-10-28,10:00:00,0.99173,0.99231,0.99108,0.99129,0,0
2014-10-28,11:00:00,0.99122,0.99162,0.99064,0.99148,0,0
2014-10-28,12:00:00,0.9915,0.9915,0.9904,0.99113,0,0
2014-10-28,13:00:00,0.99112,0.9923,0.99048,0.99179,0,0
2014-10-28,14:00:00,0.99177,0.99531,0.9915,0.99373,0,0
2014-10-28,15:00:00,0.9938,0.99478,0.99114,0.99157,0,0
2014-10-28,16:00:00,0.9916,0.99163,0.98807,0.98874,0,0
2014-10-28,17:00:00,0.98853,0.98974,0.98819,0.98877,0,0
2014-10-28,18:00:00,0.98874,0.99098,0.9887,0.99091,0,0
2014-10-28,19:00:00,0.99087,0.99163,0.99041,0.99141,0,0
2014-10-28,20:00:00,0.99136,0.99171,0.99043,0.99079,0,0
2014-10-28,21:00:00,0.99078,0.99078,0.98944,0.98948,0,0
2014-10-28,22:00:00,0.98955,0.98969,0.9886,0.98864,0,0
2014-10-28,23:00:00,0.98838,0.98912,0.98805,0.98841,0,0
2014-10-28,23:59:00,0.98841,0.98927,0.98824,0.98863,0,0
2014-10-29,01:00:00,0.9886,0.98968,0.9886,0.98946,0,0
2014-10-29,02:00:00,0.98959,0.99013,0.98923,0.98946,0,0
2014-10-29,03:00:00,0.98951,0.98969,0.9886,0.98957,0,0
2014-10-29,04:00:00,0.98959,0.99,0.98935,0.98955,0,0
2014-10-29,05:00:00,0.98954,0.98998,0.98934,0.98958,0,0
2014-10-29,06:00:00,0.98954,0.98971,0.98928,0.98962,0,0
2014-10-29,07:00:00,0.98961,0.98998,0.98948,0.98977,0,0
2014-10-29,08:00:00,0.98977,0.98988,0.98871,0.98871,0,0
2014-10-29,09:00:00,0.98872,0.99059,0.9887,0.99059,0,0
2014-10-29,10:00:00,0.9906,0.99127,0.99039,0.99051,0,0
2014-10-29,11:00:00,0.99048,0.99134,0.99039,0.99118,0,0
2014-10-29,12:00:00,0.99122,0.99122,0.9904,0.99091,0,0
2014-10-29,13:00:00,0.99094,0.9913,0.98981,0.99029,0,0
2014-10-29,14:00:00,0.99027,0.99139,0.98993,0.99055,0,0
2014-10-29,15:00:00,0.99052,0.99056,0.98908,0.98979,0,0
2014-10-29,16:00:00,0.98967,0.99195,0.98952,0.99147,0,0
2014-10-29,17:00:00,0.9915,0.99155,0.99058,0.99131,0,0
2014-10-29,18:00:00,0.99121,0.99121,0.99014,0.99054,0,0
2014-10-29,19:00:00,0.99055,0.9907,0.98817,0.98859,0,0
2014-10-29,20:00:00,0.98879,0.98889,0.98488,0.98573,0,0
2014-10-29,21:00:00,0.98576,0.98622,0.98401,0.98448,0,0
2014-10-29,22:00:00,0.98455,0.98494,0.98253,0.98377,0,0
2014-10-29,23:00:00,0.98349,0.98401,0.98229,0.9832,0,0
2014-10-29,23:59:00,0.98336,0.98417,0.98263,0.98266,0,0
2014-10-30,01:00:00,0.98266,0.98329,0.98083,0.98127,0,0
2014-10-30,02:00:00,0.98128,0.98242,0.98091,0.9818,0,0
2014-10-30,03:00:00,0.98176,0.98181,0.98071,0.98156,0,0
2014-10-30,04:00:00,0.98157,0.98257,0.98145,0.98228,0,0
2014-10-30,05:00:00,0.98237,0.98256,0.98154,0.98176,0,0
2014-10-30,06:00:00,0.98176,0.9822,0.98153,0.98198,0,0
2014-10-30,07:00:00,0.98209,0.98267,0.98146,0.98214,0,0
2014-10-30,08:00:00,0.98219,0.9828,0.98145,0.98263,0,0
2014-10-30,09:00:00,0.98264,0.9834,0.98241,0.98267,0,0
2014-10-30,10:00:00,0.98265,0.98416,0.98249,0.98411,0,0
2014-10-30,11:00:00,0.98414,0.98526,0.98412,0.98508,0,0
2014-10-30,12:00:00,0.98504,0.98514,0.98383,0.98432,0,0
2014-10-30,13:00:00,0.9843,0.98436,0.98317,0.98343,0,0
2014-10-30,14:00:00,0.98348,0.9842,0.98137,0.9841,0,0
2014-10-30,15:00:00,0.98408,0.98508,0.9832,0.98504,0,0
2014-10-30,16:00:00,0.98494,0.98686,0.98482,0.98643,0,0
2014-10-30,17:00:00,0.98657,0.98771,0.98591,0.98753,0,0
2014-10-30,18:00:00,0.98743,0.98882,0.98729,0.98781,0,0
2014-10-30,19:00:00,0.98781,0.98841,0.98699,0.98791,0,0
2014-10-30,20:00:00,0.98795,0.98833,0.98756,0.98813,0,0
2014-10-30,21:00:00,0.98813,0.98899,0.98787,0.98864,0,0
2014-10-30,22:00:00,0.98856,0.98922,0.98811,0.98815,0,0
2014-10-30,23:00:00,0.98753,0.98993,0.98726,0.98871,0,0
2014-10-30,23:59:00,0.98869,0.98877,0.98758,0.9879,0,0
2014-10-31,01:00:00,0.98796,0.98866,0.98758,0.98813,0,0
2014-10-31,02:00:00,0.98817,0.98834,0.98719,0.98746,0,0
2014-10-31,03:00:00,0.98744,0.98825,0.98731,0.98801,0,0
2014-10-31,04:00:00,0.98801,0.98842,0.98732,0.98767,0,0
2014-10-31,05:00:00,0.98766,0.98788,0.98694,0.98727,0,0
2014-10-31,06:00:00,0.98731,0.98783,0.98507,0.98639,0,0
2014-10-31,07:00:00,0.98637,0.98701,0.98475,0.98516,0,0
2014-10-31,08:00:00,0.98541,0.98768,0.98486,0.98665,0,0
2014-10-31,09:00:00,0.98661,0.98803,0.98559,0.98729,0,0
2014-10-31,10:00:00,0.98729,0.98868,0.98706,0.98783,0,0
2014-10-31,11:00:00,0.98783,0.98783,0.9863,0.9869,0,0
2014-10-31,12:00:00,0.98701,0.98828,0.98682,0.9881,0,0
2014-10-31,13:00:00,0.98816,0.98872,0.98779,0.98791,0,0
2014-10-31,14:00:00,0.98787,0.99295,0.98782,0.9907,0,0
2014-10-31,15:00:00,0.99025,0.99149,0.98929,0.99046,0,0
2014-10-31,16:00:00,0.99046,0.99337,0.99032,0.99299,0,0
2014-10-31,17:00:00,0.99281,0.99314,0.99074,0.99089,0,0
2014-10-31,18:00:00,0.99091,0.99292,0.99073,0.99291,0,0
2014-10-31,19:00:00,0.99288,0.99294,0.99159,0.9916,0,0
2014-10-31,20:00:00,0.99159,0.99221,0.99136,0.99149,0,0
2014-10-31,21:00:00,0.99148,0.99209,0.9909,0.99154,0,0
2014-10-31,22:00:00,0.99151,0.99198,0.99006,0.99071,0,0
2014-10-31,23:00:00,0.99074,0.99074,0.99074,0.99074,0,0
2014-11-03,01:00:00,0.98763,0.98797,0.98678,0.98774,0,0
2014-11-03,02:00:00,0.98776,0.98824,0.98345,0.98393,0,0
2014-11-03,03:00:00,0.98397,0.9852,0.9835,0.98446,0,0
2014-11-03,04:00:00,0.98444,0.98523,0.98405,0.98469,0,0
2014-11-03,05:00:00,0.98471,0.98526,0.98439,0.98502,0,0
2014-11-03,06:00:00,0.98494,0.98602,0.98485,0.98572,0,0
2014-11-03,07:00:00,0.98572,0.98636,0.98548,0.98626,0,0
2014-11-03,08:00:00,0.98621,0.98714,0.9861,0.98676,0,0
2014-11-03,09:00:00,0.98677,0.98699,0.98576,0.98634,0,0
2014-11-03,10:00:00,0.98629,0.98722,0.98579,0.98585,0,0
2014-11-03,11:00:00,0.9858,0.98641,0.98509,0.98555,0,0
2014-11-03,12:00:00,0.98557,0.98578,0.98433,0.98488,0,0
2014-11-03,13:00:00,0.98489,0.98535,0.9831,0.98401,0,0
2014-11-03,14:00:00,0.98388,0.98417,0.98307,0.98343,0,0
2014-11-03,15:00:00,0.98318,0.98381,0.9822,0.98352,0,0
2014-11-03,16:00:00,0.98344,0.98389,0.98268,0.98289,0,0
2014-11-03,17:00:00,0.98284,0.98585,0.98259,0.98422,0,0
2014-11-03,18:00:00,0.98427,0.9851,0.98411,0.98465,0,0
2014-11-03,19:00:00,0.98467,0.98693,0.98443,0.98576,0,0
2014-11-03,20:00:00,0.98578,0.98745,0.98564,0.98672,0,0
2014-11-03,21:00:00,0.98673,0.98811,0.98671,0.98709,0,0
2014-11-03,22:00:00,0.98708,0.98723,0.98637,0.98683,0,0
2014-11-03,23:00:00,0.98684,0.98695,0.98549,0.98553,0,0
2014-11-03,23:59:00,0.9856,0.9868,0.98533,0.98624,0,0
2014-11-04,01:00:00,0.9863,0.98726,0.9863,0.98695,0,0
2014-11-04,02:00:00,0.98703,0.98934,0.9832,0.98538,0,0
2014-11-04,03:00:00,0.98538,0.98773,0.98538,0.98741,0,0
2014-11-04,04:00:00,0.98742,0.98787,0.9865,0.98682,0,0
2014-11-04,05:00:00,0.98684,0.99073,0.98605,0.99015,0,0
2014-11-04,06:00:00,0.99014,0.99069,0.98912,0.98927,0,0
2014-11-04,07:00:00,0.98927,0.99001,0.98879,0.98993,0,0
2014-11-04,08:00:00,0.98993,0.99043,0.98931,0.99006,0,0
2014-11-04,09:00:00,0.99008,0.99111,0.98944,0.99109,0,0
2014-11-04,10:00:00,0.99108,0.99218,0.99059,0.99209,0,0
2014-11-04,11:00:00,0.99209,0.99407,0.99195,0.99378,0,0
2014-11-04,12:00:00,0.99371,0.99523,0.99335,0.99465,0,0
2014-11-04,13:00:00,0.99468,0.99596,0.99466,0.99552,0,0
2014-11-04,14:00:00,0.99553,0.99588,0.99399,0.9953,0,0
2014-11-04,15:00:00,0.9953,0.99628,0.99422,0.99466,0,0
2014-11-04,16:00:00,0.99463,0.99575,0.99366,0.99495,0,0
2014-11-04,17:00:00,0.99486,0.99576,0.9936,0.99487,0,0
2014-11-04,18:00:00,0.99487,0.99557,0.99409,0.99459,0,0
2014-11-04,19:00:00,0.99454,0.99507,0.99419,0.99499,0,0
2014-11-04,20:00:00,0.99496,0.99542,0.99459,0.9952,0,0
2014-11-04,21:00:00,0.99521,0.99607,0.99479,0.99576,0,0
2014-11-04,22:00:00,0.99572,0.99688,0.99567,0.99681,0,0
2014-11-04,23:00:00,0.99678,0.99699,0.99571,0.99673,0,0
2014-11-04,23:59:00,0.99685,0.9984,0.99604,0.99777,0,0
2014-11-05,01:00:00,0.99781,0.99828,0.99616,0.99616,0,0
2014-11-05,02:00:00,0.9962,0.99631,0.99527,0.99608,0,0
2014-11-05,03:00:00,0.99608,0.997,0.99587,0.99693,0,0
2014-11-05,04:00:00,0.99689,0.9978,0.9966,0.99731,0,0
2014-11-05,05:00:00,0.99731,0.99759,0.99648,0.99679,0,0
2014-11-05,06:00:00,0.99679,0.99681,0.99515,0.99543,0,0
2014-11-05,07:00:00,0.99548,0.99602,0.99443,0.9952,0,0
2014-11-05,08:00:00,0.99523,0.9954,0.99234,0.99348,0,0
2014-11-05,09:00:00,0.99346,0.99452,0.99334,0.9945,0,0
2014-11-05,10:00:00,0.99452,0.99452,0.99247,0.99284,0,0
2014-11-05,11:00:00,0.99286,0.99362,0.99171,0.9919,0,0
2014-11-05,12:00:00,0.99191,0.99223,0.98719,0.9874,0,0
2014-11-05,13:00:00,0.98742,0.98794,0.98621,0.98621,0,0
2014-11-05,14:00:00,0.98604,0.98707,0.98448,0.98448,0,0
2014-11-05,15:00:00,0.98446,0.98525,0.98341,0.9839,0,0
2014-11-05,16:00:00,0.9839,0.98421,0.98139,0.98203,0,0
2014-11-05,17:00:00,0.98185,0.98271,0.97823,0.97823,0,0
2014-11-05,18:00:00,0.97814,0.97919,0.97709,0.97723,0,0
2014-11-05,19:00:00,0.97719,0.97751,0.97539,0.9767,0,0
2014-11-05,20:00:00,0.97681,0.97781,0.97679,0.97725,0,0
2014-11-05,21:00:00,0.97723,0.97842,0.97711,0.97801,0,0
2014-11-05,22:00:00,0.97792,0.97915,0.9779,0.97859,0,0
2014-11-05,23:00:00,0.97851,0.97901,0.97836,0.97847,0,0
2014-11-05,23:59:00,0.97847,0.9787,0.97627,0.97692,0,0
2014-11-06,01:00:00,0.97698,0.97753,0.97587,0.97739,0,0
2014-11-06,02:00:00,0.97741,0.97997,0.97561,0.97661,0,0
2014-11-06,03:00:00,0.9766,0.97881,0.9766,0.97822,0,0
2014-11-06,04:00:00,0.97822,0.97999,0.97721,0.97731,0,0
2014-11-06,05:00:00,0.9773,0.97782,0.97638,0.9778,0,0
2014-11-06,06:00:00,0.97778,0.98011,0.97719,0.98011,0,0
2014-11-06,07:00:00,0.98006,0.98093,0.97899,0.98078,0,0
2014-11-06,08:00:00,0.98094,0.98108,0.97989,0.98024,0,0
2014-11-06,09:00:00,0.98017,0.98187,0.97959,0.98118,0,0
2014-11-06,10:00:00,0.98117,0.9817,0.9802,0.98164,0,0
2014-11-06,11:00:00,0.98166,0.98271,0.98143,0.98223,0,0
2014-11-06,12:00:00,0.98223,0.98243,0.9815,0.98186,0,0
2014-11-06,13:00:00,0.9819,0.9819,0.98054,0.9814,0,0
2014-11-06,14:00:00,0.9814,0.9826,0.98123,0.9826,0,0
2014-11-06,15:00:00,0.98262,0.98323,0.98,0.98005,0,0
2014-11-06,16:00:00,0.98004,0.98225,0.97917,0.98118,0,0
2014-11-06,17:00:00,0.98134,0.98266,0.98029,0.98032,0,0
2014-11-06,18:00:00,0.98036,0.98166,0.97991,0.97991,0,0
2014-11-06,19:00:00,0.97997,0.98117,0.97946,0.97969,0,0
2014-11-06,20:00:00,0.9797,0.98003,0.97896,0.97978,0,0
2014-11-06,21:00:00,0.97979,0.98021,0.97871,0.9791,0,0
2014-11-06,22:00:00,0.9791,0.97931,0.97805,0.97839,0,0
2014-11-06,23:00:00,0.97834,0.97872,0.97746,0.97759,0,0
2014-11-06,23:59:00,0.97749,0.97823,0.97713,0.97773,0,0
2014-11-07,01:00:00,0.97783,0.97848,0.97745,0.97825,0,0
2014-11-07,02:00:00,0.97822,0.97923,0.97665,0.97847,0,0
2014-11-07,03:00:00,0.97854,0.97895,0.97739,0.97869,0,0
2014-11-07,04:00:00,0.97868,0.97984,0.9785,0.9791,0,0
2014-11-07,05:00:00,0.97922,0.97948,0.97812,0.97887,0,0
2014-11-07,06:00:00,0.97885,0.97916,0.97727,0.97767,0,0
2014-11-07,07:00:00,0.97765,0.97885,0.97712,0.97836,0,0
2014-11-07,08:00:00,0.97835,0.9794,0.978,0.97906,0,0
2014-11-07,09:00:00,0.97906,0.98135,0.97887,0.98114,0,0
2014-11-07,10:00:00,0.98115,0.98252,0.98115,0.98223,0,0
2014-11-07,11:00:00,0.9823,0.98262,0.98176,0.98243,0,0
2014-11-07,12:00:00,0.98247,0.98319,0.98191,0.983,0,0
2014-11-07,13:00:00,0.98319,0.98319,0.98215,0.98288,0,0
2014-11-07,14:00:00,0.98285,0.98332,0.98194,0.98293,0,0
2014-11-07,15:00:00,0.98296,0.98359,0.97528,0.97574,0,0
2014-11-07,16:00:00,0.97572,0.98014,0.97557,0.97914,0,0
2014-11-07,17:00:00,0.97919,0.97919,0.97695,0.97715,0,0
2014-11-07,18:00:00,0.97725,0.97921,0.97725,0.97901,0,0
2014-11-07,19:00:00,0.97905,0.98012,0.97877,0.97884,0,0
2014-11-07,20:00:00,0.97884,0.97921,0.97788,0.97843,0,0
2014-11-07,21:00:00,0.97847,0.97861,0.97767,0.97844,0,0
2014-11-07,22:00:00,0.97839,0.97941,0.9781,0.97826,0,0
2014-11-07,23:00:00,0.97815,0.97815,0.97815,0.97815,0,0
2014-11-10,01:00:00,0.97849,0.97968,0.97825,0.97904,0,0
2014-11-10,02:00:00,0.97898,0.98007,0.97888,0.97976,0,0
2014-11-10,03:00:00,0.97976,0.98134,0.97976,0.98134,0,0
2014-11-10,04:00:00,0.98152,0.98216,0.9811,0.98159,0,0
2014-11-10,05:00:00,0.98159,0.9823,0.9812,0.9812,0,0
2014-11-10,06:00:00,0.98125,0.98177,0.98109,0.98151,0,0
2014-11-10,07:00:00,0.98151,0.98195,0.98099,0.98172,0,0
2014-11-10,08:00:00,0.98166,0.98238,0.98084,0.98108,0,0
2014-11-10,09:00:00,0.98107,0.98271,0.98038,0.98246,0,0
2014-11-10,10:00:00,0.98246,0.98262,0.98189,0.98217,0,0
2014-11-10,11:00:00,0.98222,0.98253,0.98163,0.98199,0,0
2014-11-10,12:00:00,0.98199,0.98199,0.98013,0.98083,0,0
2014-11-10,13:00:00,0.98083,0.98091,0.97864,0.9792,0,0
2014-11-10,14:00:00,0.97936,0.98041,0.97936,0.9801,0,0
2014-11-10,15:00:00,0.98015,0.98073,0.97977,0.97996,0,0
2014-11-10,16:00:00,0.97996,0.97996,0.97862,0.97866,0,0
2014-11-10,17:00:00,0.97866,0.97912,0.97723,0.97821,0,0
2014-11-10,18:00:00,0.97822,0.97868,0.97765,0.97805,0,0
2014-11-10,19:00:00,0.97832,0.97917,0.97829,0.97884,0,0
2014-11-10,20:00:00,0.97906,0.98047,0.97893,0.98009,0,0
2014-11-10,21:00:00,0.98033,0.98037,0.97959,0.98014,0,0
2014-11-10,22:00:00,0.98034,0.98036,0.97966,0.97997,0,0
2014-11-10,23:00:00,0.98004,0.98116,0.97995,0.98094,0,0
2014-11-10,23:59:00,0.98075,0.98101,0.98041,0.98047,0,0
2014-11-11,01:00:00,0.98047,0.98161,0.98047,0.98049,0,0
2014-11-11,02:00:00,0.98065,0.98254,0.98002,0.98252,0,0
2014-11-11,03:00:00,0.98252,0.98326,0.98235,0.98255,0,0
2014-11-11,04:00:00,0.98266,0.98317,0.98231,0.98289,0,0
2014-11-11,05:00:00,0.98285,0.98348,0.98272,0.9831,0,0
2014-11-11,06:00:00,0.98312,0.98356,0.98104,0.98129,0,0
2014-11-11,07:00:00,0.98129,0.98231,0.9808,0.9822,0,0
2014-11-11,08:00:00,0.98244,0.98244,0.97999,0.98005,0,0
2014-11-11,09:00:00,0.98013,0.98089,0.979,0.97932,0,0
2014-11-11,10:00:00,0.97947,0.98021,0.97931,0.97968,0,0
2014-11-11,11:00:00,0.9794,0.98043,0.97913,0.97982,0,0
2014-11-11,12:00:00,0.97992,0.98153,0.97968,0.98119,0,0
2014-11-11,13:00:00,0.98119,0.98297,0.98119,0.98282,0,0
2014-11-11,14:00:00,0.98283,0.98322,0.98251,0.98268,0,0
2014-11-11,15:00:00,0.98264,0.98436,0.98263,0.98348,0,0
2014-11-11,16:00:00,0.98349,0.98399,0.98174,0.9818,0,0
2014-11-11,17:00:00,0.9815,0.98183,0.98101,0.98183,0,0
2014-11-11,18:00:00,0.98182,0.98422,0.98144,0.98422,0,0
2014-11-11,19:00:00,0.98407,0.98431,0.98294,0.98331,0,0
2014-11-11,20:00:00,0.98338,0.98544,0.98323,0.98488,0,0
2014-11-11,21:00:00,0.98474,0.9869,0.98469,0.986,0,0
2014-11-11,22:00:00,0.98602,0.98612,0.98493,0.985,0,0
2014-11-11,23:00:00,0.985,0.98556,0.98381,0.98432,0,0
2014-11-11,23:59:00,0.98436,0.98584,0.98388,0.98531,0,0
2014-11-12,01:00:00,0.98531,0.98669,0.98505,0.98654,0,0
2014-11-12,02:00:00,0.98654,0.98667,0.9846,0.98502,0,0
2014-11-12,03:00:00,0.98502,0.98605,0.98478,0.98551,0,0
2014-11-12,04:00:00,0.98537,0.98668,0.98526,0.98578,0,0
2014-11-12,05:00:00,0.98578,0.98602,0.98499,0.98499,0,0
2014-11-12,06:00:00,0.98501,0.98515,0.98362,0.98461,0,0
2014-11-12,07:00:00,0.98461,0.98626,0.98452,0.98566,0,0
2014-11-12,08:00:00,0.98564,0.98659,0.98529,0.98564,0,0
2014-11-12,09:00:00,0.98569,0.9867,0.98489,0.98662,0,0
2014-11-12,10:00:00,0.98632,0.98656,0.98511,0.98539,0,0
2014-11-12,11:00:00,0.98511,0.98594,0.98473,0.98557,0,0
2014-11-12,12:00:00,0.98581,0.98685,0.98556,0.98675,0,0
2014-11-12,13:00:00,0.98646,0.98722,0.986,0.9866,0,0
2014-11-12,14:00:00,0.98644,0.98666,0.98472,0.98496,0,0
2014-11-12,15:00:00,0.98495,0.98635,0.98413,0.98436,0,0
2014-11-12,16:00:00,0.98434,0.98621,0.98367,0.98587,0,0
2014-11-12,17:00:00,0.98586,0.98756,0.98519,0.98702,0,0
2014-11-12,18:00:00,0.98699,0.98758,0.98522,0.9855,0,0
2014-11-12,19:00:00,0.9855,0.98575,0.98468,0.98496,0,0
2014-11-12,20:00:00,0.98496,0.98522,0.98409,0.98482,0,0
2014-11-12,21:00:00,0.98482,0.98536,0.98447,0.9853,0,0
2014-11-12,22:00:00,0.98524,0.98654,0.9852,0.98636,0,0
2014-11-12,23:00:00,0.98628,0.9869,0.98602,0.98655,0,0
2014-11-12,23:59:00,0.98655,0.98671,0.98555,0.98629,0,0
2014-11-13,01:00:00,0.9862,0.98665,0.98553,0.98601,0,0
2014-11-13,02:00:00,0.98601,0.98651,0.98585,0.98609,0,0
2014-11-13,03:00:00,0.98607,0.98712,0.98589,0.98707,0,0
2014-11-13,04:00:00,0.98707,0.98772,0.98187,0.98401,0,0
2014-11-13,05:00:00,0.984,0.98506,0.98344,0.98434,0,0
2014-11-13,06:00:00,0.98442,0.98487,0.98375,0.98458,0,0
2014-11-13,07:00:00,0.98448,0.98534,0.98414,0.98517,0,0
2014-11-13,08:00:00,0.98504,0.98672,0.98488,0.98555,0,0
2014-11-13,09:00:00,0.98555,0.98653,0.98493,0.98618,0,0
2014-11-13,10:00:00,0.98616,0.98849,0.98616,0.98812,0,0
2014-11-13,11:00:00,0.98812,0.98917,0.98808,0.98917,0,0
2014-11-13,12:00:00,0.98914,0.99086,0.98901,0.9899,0,0
2014-11-13,13:00:00,0.99001,0.99009,0.98851,0.98857,0,0
2014-11-13,14:00:00,0.98854,0.99005,0.9883,0.99005,0,0
2014-11-13,15:00:00,0.99001,0.99047,0.98879,0.98938,0,0
2014-11-13,16:00:00,0.98933,0.99114,0.9888,0.99096,0,0
2014-11-13,17:00:00,0.99096,0.99195,0.99067,0.99083,0,0
2014-11-13,18:00:00,0.99089,0.99202,0.9905,0.99066,0,0
2014-11-13,19:00:00,0.99066,0.99166,0.99049,0.99067,0,0
2014-11-13,20:00:00,0.9909,0.99091,0.98967,0.99079,0,0
2014-11-13,21:00:00,0.99082,0.99172,0.9907,0.99122,0,0
2014-11-13,22:00:00,0.99122,0.99133,0.99061,0.99128,0,0
2014-11-13,23:00:00,0.9914,0.99267,0.99081,0.99111,0,0
2014-11-13,23:59:00,0.99111,0.99127,0.99027,0.9905,0,0
2014-11-14,01:00:00,0.99041,0.99127,0.99018,0.99078,0,0
2014-11-14,02:00:00,0.99078,0.9915,0.98943,0.98988,0,0
2014-11-14,03:00:00,0.98989,0.9908,0.98972,0.99028,0,0
2014-11-14,04:00:00,0.99026,0.991,0.98942,0.98948,0,0
2014-11-14,05:00:00,0.9895,0.98996,0.98896,0.98924,0,0
2014-11-14,06:00:00,0.98932,0.9906,0.98891,0.98932,0,0
2014-11-14,07:00:00,0.98929,0.98945,0.98822,0.98877,0,0
2014-11-14,08:00:00,0.98921,0.98921,0.98861,0.98915,0,0
2014-11-14,09:00:00,0.98926,0.99006,0.98838,0.98922,0,0
2014-11-14,10:00:00,0.98917,0.98925,0.98795,0.98858,0,0
2014-11-14,11:00:00,0.98858,0.98994,0.98856,0.98945,0,0
2014-11-14,12:00:00,0.98951,0.98986,0.98871,0.98937,0,0
2014-11-14,13:00:00,0.98936,0.98936,0.98719,0.98757,0,0
2014-11-14,14:00:00,0.98756,0.98872,0.9875,0.98817,0,0
2014-11-14,15:00:00,0.98822,0.9886,0.98417,0.98445,0,0
2014-11-14,16:00:00,0.98442,0.98452,0.98295,0.98339,0,0
2014-11-14,17:00:00,0.98339,0.98825,0.98339,0.98805,0,0
2014-11-14,18:00:00,0.98796,0.98811,0.98574,0.98681,0,0
2014-11-14,19:00:00,0.98695,0.98946,0.98679,0.98683,0,0
2014-11-14,20:00:00,0.98706,0.9875,0.98684,0.98723,0,0
2014-11-14,21:00:00,0.98724,0.98794,0.98683,0.98782,0,0
2014-11-14,22:00:00,0.98786,0.98795,0.98682,0.98752,0,0
2014-11-14,23:00:00,0.98749,0.98749,0.98749,0.98749,0,0
2014-11-17,01:00:00,0.98864,0.98911,0.98742,0.98785,0,0
2014-11-17,02:00:00,0.98788,0.98942,0.98739,0.98892,0,0
2014-11-17,03:00:00,0.98892,0.99084,0.98861,0.99067,0,0
2014-11-17,04:00:00,0.99024,0.99113,0.98978,0.99059,0,0
2014-11-17,05:00:00,0.99042,0.99094,0.98973,0.99051,0,0
2014-11-17,06:00:00,0.99051,0.99143,0.99004,0.9912,0,0
2014-11-17,07:00:00,0.99121,0.99133,0.99024,0.9907,0,0
2014-11-17,08:00:00,0.9907,0.99089,0.99021,0.99061,0,0
2014-11-17,09:00:00,0.99065,0.99066,0.9892,0.98958,0,0
2014-11-17,10:00:00,0.98957,0.98972,0.98881,0.98919,0,0
2014-11-17,11:00:00,0.98925,0.98931,0.98704,0.98712,0,0
2014-11-17,12:00:00,0.98707,0.9877,0.987,0.98736,0,0
2014-11-17,13:00:00,0.98736,0.98853,0.98707,0.9873,0,0
2014-11-17,14:00:00,0.98715,0.98758,0.98689,0.98714,0,0
2014-11-17,15:00:00,0.98714,0.98815,0.98689,0.98783,0,0
2014-11-17,16:00:00,0.98736,0.98749,0.98502,0.98527,0,0
2014-11-17,17:00:00,0.98519,0.9858,0.98429,0.98534,0,0
2014-11-17,18:00:00,0.98556,0.98643,0.98546,0.98551,0,0
2014-11-17,19:00:00,0.98551,0.98626,0.98463,0.98465,0,0
2014-11-17,20:00:00,0.98457,0.98473,0.98379,0.98433,0,0
2014-11-17,21:00:00,0.98433,0.9854,0.98433,0.98476,0,0
2014-11-17,22:00:00,0.98476,0.98494,0.98374,0.98374,0,0
2014-11-17,23:00:00,0.98374,0.98502,0.98371,0.98463,0,0
2014-11-17,23:59:00,0.98463,0.98463,0.9828,0.9828,0,0
2014-11-18,01:00:00,0.98275,0.98377,0.98275,0.98354,0,0
2014-11-18,02:00:00,0.98354,0.98488,0.98312,0.98471,0,0
2014-11-18,03:00:00,0.98473,0.98478,0.98341,0.9842,0,0
2014-11-18,04:00:00,0.98422,0.98512,0.98422,0.98495,0,0
2014-11-18,05:00:00,0.98495,0.98505,0.98367,0.98372,0,0
2014-11-18,06:00:00,0.98371,0.98405,0.98338,0.9835,0,0
2014-11-18,07:00:00,0.98343,0.98363,0.98288,0.98309,0,0
2014-11-18,08:00:00,0.98308,0.9832,0.98229,0.9823,0,0
2014-11-18,09:00:00,0.9823,0.98347,0.98223,0.9828,0,0
2014-11-18,10:00:00,0.98281,0.98559,0.98231,0.98559,0,0
2014-11-18,11:00:00,0.9856,0.9856,0.98206,0.98239,0,0
2014-11-18,12:00:00,0.98239,0.98271,0.98043,0.98241,0,0
2014-11-18,13:00:00,0.98232,0.98357,0.98232,0.98351,0,0
2014-11-18,14:00:00,0.98355,0.9837,0.98284,0.98337,0,0
2014-11-18,15:00:00,0.98332,0.98576,0.98323,0.98521,0,0
2014-11-18,16:00:00,0.98514,0.98702,0.98467,0.9866,0,0
2014-11-18,17:00:00,0.98662,0.98724,0.98573,0.98635,0,0
2014-11-18,18:00:00,0.98689,0.98749,0.986,0.98613,0,0
2014-11-18,19:00:00,0.98621,0.98716,0.98606,0.98652,0,0
2014-11-18,20:00:00,0.98651,0.98691,0.98632,0.98685,0,0
2014-11-18,21:00:00,0.98684,0.98687,0.98581,0.986,0,0
2014-11-18,22:00:00,0.98602,0.98647,0.98569,0.98579,0,0
2014-11-18,23:00:00,0.98579,0.98605,0.98485,0.98485,0,0
2014-11-18,23:59:00,0.98485,0.98536,0.98427,0.98497,0,0
2014-11-19,01:00:00,0.98515,0.98649,0.98488,0.98579,0,0
2014-11-19,02:00:00,0.98585,0.98593,0.98397,0.98436,0,0
2014-11-19,03:00:00,0.98412,0.98412,0.98227,0.9837,0,0
2014-11-19,04:00:00,0.9837,0.98394,0.98201,0.98213,0,0
2014-11-19,05:00:00,0.98222,0.98245,0.98121,0.98217,0,0
2014-11-19,06:00:00,0.98211,0.98248,0.98114,0.98159,0,0
2014-11-19,07:00:00,0.9817,0.98198,0.9809,0.98154,0,0
2014-11-19,08:00:00,0.98145,0.98204,0.9809,0.98174,0,0
2014-11-19,09:00:00,0.98175,0.98224,0.98051,0.98131,0,0
2014-11-19,10:00:00,0.98131,0.98144,0.97993,0.98061,0,0
2014-11-19,11:00:00,0.98012,0.98016,0.97777,0.9787,0,0
2014-11-19,12:00:00,0.97871,0.97998,0.97846,0.97977,0,0
2014-11-19,13:00:00,0.97974,0.98004,0.97854,0.97998,0,0
2014-11-19,14:00:00,0.97995,0.98016,0.97936,0.97972,0,0
2014-11-19,15:00:00,0.97964,0.98129,0.97949,0.98125,0,0
2014-11-19,16:00:00,0.98125,0.98125,0.97959,0.97977,0,0
2014-11-19,17:00:00,0.97984,0.97986,0.9773,0.97866,0,0
2014-11-19,18:00:00,0.97789,0.97948,0.97779,0.97845,0,0
2014-11-19,19:00:00,0.97845,0.97905,0.97782,0.97782,0,0
2014-11-19,20:00:00,0.97788,0.97837,0.97708,0.9772,0,0
2014-11-19,21:00:00,0.9775,0.97892,0.97612,0.97682,0,0
2014-11-19,22:00:00,0.97689,0.97799,0.97689,0.97759,0,0
2014-11-19,23:00:00,0.97761,0.97766,0.97682,0.97723,0,0
2014-11-19,23:59:00,0.97723,0.97754,0.97536,0.97548,0,0
2014-11-20,01:00:00,0.97588,0.97646,0.97549,0.97637,0,0
2014-11-20,02:00:00,0.97638,0.97712,0.97599,0.97646,0,0
2014-11-20,03:00:00,0.97647,0.97769,0.97486,0.97697,0,0
2014-11-20,04:00:00,0.97728,0.97756,0.9766,0.97704,0,0
2014-11-20,05:00:00,0.97704,0.9771,0.97555,0.97573,0,0
2014-11-20,06:00:00,0.97572,0.97578,0.97462,0.97491,0,0
2014-11-20,07:00:00,0.97489,0.97515,0.97408,0.97489,0,0
2014-11-20,08:00:00,0.97489,0.97545,0.97437,0.97505,0,0
2014-11-20,09:00:00,0.97502,0.97523,0.97374,0.97423,0,0
2014-11-20,10:00:00,0.9743,0.97624,0.97405,0.97547,0,0
2014-11-20,11:00:00,0.97547,0.97591,0.97378,0.97525,0,0
2014-11-20,12:00:00,0.97534,0.97716,0.97511,0.97705,0,0
2014-11-20,13:00:00,0.97705,0.97733,0.97573,0.97636,0,0
2014-11-20,14:00:00,0.97641,0.97667,0.97551,0.97577,0,0
2014-11-20,15:00:00,0.97574,0.97574,0.9733,0.97418,0,0
2014-11-20,16:00:00,0.97418,0.97518,0.97393,0.97416,0,0
2014-11-20,17:00:00,0.97416,0.97563,0.97318,0.97459,0,0
2014-11-20,18:00:00,0.97459,0.97459,0.97295,0.97343,0,0
2014-11-20,19:00:00,0.9738,0.97388,0.97318,0.97338,0,0
2014-11-20,20:00:00,0.97355,0.97604,0.97349,0.97592,0,0
2014-11-20,21:00:00,0.97583,0.97612,0.97543,0.97575,0,0
2014-11-20,22:00:00,0.97575,0.97592,0.97488,0.97543,0,0
2014-11-20,23:00:00,0.97547,0.97561,0.97443,0.97451,0,0
2014-11-20,23:59:00,0.97387,0.97514,0.97334,0.97441,0,0
2014-11-21,01:00:00,0.97437,0.97524,0.97415,0.97491,0,0
2014-11-21,02:00:00,0.97492,0.97578,0.97475,0.97514,0,0
2014-11-21,03:00:00,0.9752,0.97697,0.9752,0.97679,0,0
2014-11-21,04:00:00,0.97668,0.97704,0.97586,0.97611,0,0
2014-11-21,05:00:00,0.97612,0.97663,0.9759,0.97633,0,0
2014-11-21,06:00:00,0.97633,0.97694,0.97605,0.97612,0,0
2014-11-21,07:00:00,0.97612,0.97703,0.97572,0.97615,0,0
2014-11-21,08:00:00,0.97622,0.97632,0.97516,0.9756,0,0
2014-11-21,09:00:00,0.97569,0.97652,0.97522,0.97644,0,0
2014-11-21,10:00:00,0.97644,0.9769,0.97439,0.97441,0,0
2014-11-21,11:00:00,0.97429,0.97776,0.97429,0.97672,0,0
2014-11-21,12:00:00,0.97653,0.98432,0.97631,0.98095,0,0
2014-11-21,13:00:00,0.98095,0.98136,0.97934,0.98136,0,0
2014-11-21,14:00:00,0.98143,0.98198,0.97928,0.97981,0,0
2014-11-21,15:00:00,0.97981,0.98162,0.975,0.97693,0,0
2014-11-21,16:00:00,0.97693,0.97795,0.97526,0.9756,0,0
2014-11-21,17:00:00,0.97574,0.97754,0.97455,0.97466,0,0
2014-11-21,18:00:00,0.97442,0.97508,0.97379,0.9743,0,0
2014-11-21,19:00:00,0.97424,0.97514,0.97362,0.97514,0,0
2014-11-21,20:00:00,0.97509,0.97557,0.97464,0.97466,0,0
2014-11-21,21:00:00,0.9746,0.97471,0.9728,0.97323,0,0
2014-11-21,22:00:00,0.97339,0.97395,0.97315,0.97395,0,0
2014-11-21,23:00:00,0.9738,0.97402,0.9738,0.974,0,0
2014-11-24,01:00:00,0.97369,0.97527,0.97369,0.9745,0,0
2014-11-24,02:00:00,0.9745,0.97604,0.97412,0.9753,0,0
2014-11-24,03:00:00,0.97534,0.97567,0.97423,0.97556,0,0
2014-11-24,04:00:00,0.97556,0.97636,0.97503,0.97572,0,0
2014-11-24,05:00:00,0.9757,0.9759,0.9749,0.97491,0,0
2014-11-24,06:00:00,0.97491,0.97511,0.97447,0.97481,0,0
2014-11-24,07:00:00,0.97482,0.97517,0.97446,0.97462,0,0
2014-11-24,08:00:00,0.97463,0.97477,0.97415,0.9747,0,0
2014-11-24,09:00:00,0.97465,0.97473,0.97337,0.97414,0,0
2014-11-24,10:00:00,0.97411,0.97431,0.97168,0.97211,0,0
2014-11-24,11:00:00,0.97211,0.97212,0.97067,0.97142,0,0
2014-11-24,12:00:00,0.97131,0.97165,0.97056,0.97155,0,0
2014-11-24,13:00:00,0.97159,0.97159,0.97016,0.97092,0,0
2014-11-24,14:00:00,0.97093,0.97105,0.96936,0.97007,0,0
2014-11-24,15:00:00,0.97009,0.97051,0.96982,0.9701,0,0
2014-11-24,16:00:00,0.97008,0.97071,0.96901,0.97065,0,0
2014-11-24,17:00:00,0.9706,0.97183,0.97045,0.97105,0,0
2014-11-24,18:00:00,0.97109,0.97174,0.9706,0.97132,0,0
2014-11-24,19:00:00,0.97129,0.97282,0.97094,0.97183,0,0
2014-11-24,20:00:00,0.97191,0.97296,0.97173,0.97198,0,0
2014-11-24,21:00:00,0.97206,0.9726,0.9718,0.9722,0,0
2014-11-24,22:00:00,0.97225,0.97285,0.97185,0.97189,0,0
2014-11-24,23:00:00,0.97186,0.97248,0.97171,0.97171,0,0
2014-11-24,23:59:00,0.97157,0.9726,0.97133,0.97149,0,0
2014-11-25,01:00:00,0.97151,0.97193,0.96979,0.97066,0,0
2014-11-25,02:00:00,0.97062,0.97222,0.97062,0.97139,0,0
2014-11-25,03:00:00,0.97152,0.97213,0.96915,0.97029,0,0
2014-11-25,04:00:00,0.97022,0.97086,0.96808,0.96851,0,0
2014-11-25,05:00:00,0.96824,0.96924,0.96784,0.96828,0,0
2014-11-25,06:00:00,0.96828,0.97013,0.96778,0.96961,0,0
2014-11-25,07:00:00,0.96957,0.9711,0.96948,0.97061,0,0
2014-11-25,08:00:00,0.97068,0.97072,0.96989,0.97051,0,0
2014-11-25,09:00:00,0.97046,0.97098,0.96811,0.969,0,0
2014-11-25,10:00:00,0.96898,0.96913,0.96562,0.96672,0,0
2014-11-25,11:00:00,0.96669,0.96683,0.96385,0.96517,0,0
2014-11-25,12:00:00,0.96511,0.96577,0.965,0.96544,0,0
2014-11-25,13:00:00,0.96545,0.96563,0.96269,0.96283,0,0
2014-11-25,14:00:00,0.96291,0.9631,0.96199,0.96216,0,0
2014-11-25,15:00:00,0.96218,0.96242,0.9603,0.96092,0,0
2014-11-25,16:00:00,0.96105,0.96109,0.95932,0.9597,0,0
2014-11-25,17:00:00,0.9598,0.96057,0.95828,0.96042,0,0
2014-11-25,18:00:00,0.96036,0.96145,0.95868,0.95902,0,0
2014-11-25,19:00:00,0.95904,0.9591,0.95763,0.9579,0,0
2014-11-25,20:00:00,0.95788,0.95943,0.95786,0.95882,0,0
2014-11-25,21:00:00,0.95889,0.95899,0.9579,0.95866,0,0
2014-11-25,22:00:00,0.95871,0.96064,0.95864,0.9596,0,0
2014-11-25,23:00:00,0.95961,0.96005,0.95916,0.96005,0,0
2014-11-25,23:59:00,0.9601,0.96022,0.9592,0.96021,0,0
2014-11-26,01:00:00,0.96017,0.96286,0.96002,0.96239,0,0
2014-11-26,02:00:00,0.96236,0.96237,0.96112,0.96215,0,0
2014-11-26,03:00:00,0.96214,0.96273,0.96147,0.96189,0,0
2014-11-26,04:00:00,0.96191,0.96207,0.96078,0.96165,0,0
2014-11-26,05:00:00,0.96166,0.96244,0.96128,0.96128,0,0
2014-11-26,06:00:00,0.9613,0.96167,0.96073,0.9614,0,0
2014-11-26,07:00:00,0.96152,0.96206,0.96107,0.96168,0,0
2014-11-26,08:00:00,0.96166,0.96276,0.96133,0.96186,0,0
2014-11-26,09:00:00,0.96186,0.96351,0.96178,0.96253,0,0
2014-11-26,10:00:00,0.9625,0.96314,0.95804,0.95859,0,0
2014-11-26,11:00:00,0.95865,0.95909,0.95636,0.95765,0,0
2014-11-26,12:00:00,0.95765,0.95926,0.9566,0.95876,0,0
2014-11-26,13:00:00,0.95874,0.95876,0.95711,0.95801,0,0
2014-11-26,14:00:00,0.95796,0.95881,0.95725,0.95845,0,0
2014-11-26,15:00:00,0.95843,0.95947,0.95686,0.9581,0,0
2014-11-26,16:00:00,0.95816,0.95828,0.95635,0.95736,0,0
2014-11-26,17:00:00,0.9576,0.95874,0.9565,0.95862,0,0
2014-11-26,18:00:00,0.95878,0.95915,0.95816,0.9585,0,0
2014-11-26,19:00:00,0.95848,0.95899,0.95823,0.95873,0,0
2014-11-26,20:00:00,0.95873,0.96045,0.95873,0.95952,0,0
2014-11-26,21:00:00,0.95951,0.96024,0.95914,0.96006,0,0
2014-11-26,22:00:00,0.96009,0.96078,0.95999,0.96029,0,0
2014-11-26,23:00:00,0.96027,0.96149,0.96009,0.96103,0,0
2014-11-26,23:59:00,0.96103,0.96116,0.96002,0.96036,0,0
2014-11-27,01:00:00,0.96028,0.96066,0.95961,0.95976,0,0
2014-11-27,02:00:00,0.95974,0.96337,0.95947,0.96238,0,0
2014-11-27,03:00:00,0.9623,0.96344,0.96169,0.96288,0,0
2014-11-27,04:00:00,0.9629,0.96501,0.9629,0.96308,0,0
2014-11-27,05:00:00,0.96303,0.96638,0.96288,0.96609,0,0
2014-11-27,06:00:00,0.9661,0.96817,0.96609,0.9678,0,0
2014-11-27,07:00:00,0.9678,0.96791,0.96585,0.96621,0,0
2014-11-27,08:00:00,0.9662,0.96709,0.96577,0.9667,0,0
2014-11-27,09:00:00,0.96672,0.96815,0.96664,0.96757,0,0
2014-11-27,10:00:00,0.96757,0.96757,0.9651,0.96641,0,0
2014-11-27,11:00:00,0.96646,0.96749,0.96596,0.96654,0,0
2014-11-27,12:00:00,0.96661,0.96673,0.96557,0.9658,0,0
2014-11-27,13:00:00,0.96583,0.96595,0.96403,0.96427,0,0
2014-11-27,14:00:00,0.96431,0.96445,0.96359,0.9641,0,0
2014-11-27,15:00:00,0.96407,0.96439,0.96193,0.96223,0,0
2014-11-27,16:00:00,0.96222,0.96587,0.96222,0.96445,0,0
2014-11-27,17:00:00,0.9646,0.96883,0.96449,0.96794,0,0
2014-11-27,18:00:00,0.96785,0.96988,0.9675,0.96829,0,0
2014-11-27,19:00:00,0.96832,0.96969,0.96796,0.96909,0,0
2014-11-27,20:00:00,0.96895,0.96928,0.96878,0.96896,0,0
2014-11-27,21:00:00,0.96893,0.96916,0.96848,0.96882,0,0
2014-11-27,22:00:00,0.96882,0.96914,0.96802,0.96866,0,0
2014-11-27,23:00:00,0.96864,0.9689,0.96769,0.96769,0,0
2014-11-27,23:59:00,0.96771,0.96824,0.96494,0.96624,0,0
2014-11-28,01:00:00,0.96626,0.96679,0.96551,0.96628,0,0
2014-11-28,02:00:00,0.96642,0.96654,0.96528,0.96583,0,0
2014-11-28,03:00:00,0.96578,0.96599,0.96461,0.96548,0,0
2014-11-28,04:00:00,0.96548,0.96584,0.96433,0.9644,0,0
2014-11-28,05:00:00,0.96439,0.96483,0.96357,0.96362,0,0
2014-11-28,06:00:00,0.96365,0.96412,0.96306,0.96362,0,0
2014-11-28,07:00:00,0.96365,0.96418,0.96321,0.96395,0,0
2014-11-28,08:00:00,0.96402,0.96561,0.96389,0.96546,0,0
2014-11-28,09:00:00,0.96557,0.96648,0.96438,0.96547,0,0
2014-11-28,10:00:00,0.96531,0.96723,0.96531,0.96702,0,0
2014-11-28,11:00:00,0.96694,0.96914,0.96689,0.96892,0,0
2014-11-28,12:00:00,0.96894,0.97051,0.96847,0.97008,0,0
2014-11-28,13:00:00,0.97005,0.97025,0.96853,0.96981,0,0
2014-11-28,14:00:00,0.96974,0.97156,0.96972,0.971,0,0
2014-11-28,15:00:00,0.97102,0.97159,0.9686,0.97109,0,0
2014-11-28,16:00:00,0.97108,0.97156,0.96861,0.9702,0,0
2014-11-28,17:00:00,0.97018,0.97342,0.97012,0.9727,0,0
2014-11-28,18:00:00,0.97279,0.97377,0.97227,0.97337,0,0
2014-11-28,19:00:00,0.97337,0.97383,0.97246,0.97262,0,0
2014-11-28,20:00:00,0.97272,0.97335,0.97113,0.9719,0,0
2014-11-28,21:00:00,0.97191,0.97209,0.97081,0.97113,0,0
2014-11-28,22:00:00,0.97113,0.97333,0.97104,0.97327,0,0
2014-11-28,23:00:00,0.97306,0.97331,0.97284,0.9729,0,0
2014-12-01,01:00:00,0.96857,0.96959,0.96498,0.96623,0,0
2014-12-01,02:00:00,0.96632,0.96812,0.96556,0.96673,0,0
2014-12-01,03:00:00,0.96689,0.96736,0.96375,0.96506,0,0
2014-12-01,04:00:00,0.96512,0.9663,0.96451,0.96598,0,0
2014-12-01,05:00:00,0.96596,0.96596,0.9647,0.96538,0,0
2014-12-01,06:00:00,0.96538,0.96617,0.96525,0.96549,0,0
2014-12-01,07:00:00,0.96542,0.96592,0.9641,0.96438,0,0
2014-12-01,08:00:00,0.96432,0.96508,0.9638,0.9648,0,0
2014-12-01,09:00:00,0.96482,0.96566,0.96383,0.96564,0,0
2014-12-01,10:00:00,0.96562,0.96845,0.96476,0.9661,0,0
2014-12-01,11:00:00,0.96634,0.96768,0.96614,0.96766,0,0
2014-12-01,12:00:00,0.96765,0.96901,0.96733,0.96803,0,0
2014-12-01,13:00:00,0.96801,0.96852,0.9671,0.96742,0,0
2014-12-01,14:00:00,0.9673,0.96771,0.96626,0.96766,0,0
2014-12-01,15:00:00,0.96766,0.96886,0.96681,0.96801,0,0
2014-12-01,16:00:00,0.96797,0.96867,0.96747,0.968,0,0
2014-12-01,17:00:00,0.96809,0.96833,0.96432,0.96613,0,0
2014-12-01,18:00:00,0.96608,0.96711,0.96524,0.96624,0,0
2014-12-01,19:00:00,0.96614,0.9666,0.96464,0.96569,0,0
2014-12-01,20:00:00,0.96572,0.96579,0.96414,0.96414,0,0
2014-12-01,21:00:00,0.96413,0.9646,0.96269,0.96296,0,0
2014-12-01,22:00:00,0.96289,0.96327,0.96227,0.9627,0,0
2014-12-01,23:00:00,0.96273,0.96308,0.96096,0.96137,0,0
2014-12-01,23:59:00,0.96168,0.96187,0.96078,0.96111,0,0
2014-12-02,01:00:00,0.96109,0.96181,0.9592,0.95955,0,0
2014-12-02,02:00:00,0.95954,0.96205,0.95926,0.96071,0,0
2014-12-02,03:00:00,0.9607,0.96116,0.95968,0.96072,0,0
2014-12-02,04:00:00,0.9607,0.96104,0.96024,0.96054,0,0
2014-12-02,05:00:00,0.96055,0.96384,0.95918,0.96348,0,0
2014-12-02,06:00:00,0.96344,0.96475,0.96237,0.9626,0,0
2014-12-02,07:00:00,0.96261,0.96433,0.96226,0.96433,0,0
2014-12-02,08:00:00,0.96428,0.96753,0.96422,0.96604,0,0
2014-12-02,09:00:00,0.96603,0.96603,0.96354,0.96354,0,0
2014-12-02,10:00:00,0.96354,0.96416,0.96198,0.96241,0,0
2014-12-02,11:00:00,0.96246,0.96275,0.96107,0.96145,0,0
2014-12-02,12:00:00,0.96147,0.96203,0.95992,0.96003,0,0
2014-12-02,13:00:00,0.96001,0.96109,0.95951,0.95959,0,0
2014-12-02,14:00:00,0.95962,0.96047,0.9589,0.9595,0,0
2014-12-02,15:00:00,0.9595,0.96115,0.95846,0.96107,0,0
2014-12-02,16:00:00,0.96119,0.96314,0.96035,0.96253,0,0
2014-12-02,17:00:00,0.9626,0.96426,0.96232,0.96281,0,0
2014-12-02,18:00:00,0.9628,0.96352,0.96225,0.96335,0,0
2014-12-02,19:00:00,0.96336,0.96356,0.96174,0.96196,0,0
2014-12-02,20:00:00,0.96194,0.96267,0.96177,0.96219,0,0
2014-12-02,21:00:00,0.96217,0.9635,0.96165,0.96295,0,0
2014-12-02,22:00:00,0.96301,0.96315,0.96207,0.96214,0,0
2014-12-02,23:00:00,0.96212,0.96294,0.96211,0.9629,0,0
2014-12-02,23:59:00,0.96293,0.96399,0.96283,0.96315,0,0
2014-12-03,01:00:00,0.96306,0.9644,0.96306,0.96409,0,0
2014-12-03,02:00:00,0.96409,0.96445,0.9572,0.95832,0,0
2014-12-03,03:00:00,0.95841,0.95891,0.95754,0.95848,0,0
2014-12-03,04:00:00,0.95852,0.95913,0.95695,0.95695,0,0
2014-12-03,05:00:00,0.95694,0.9571,0.95546,0.95615,0,0
2014-12-03,06:00:00,0.95615,0.9581,0.95587,0.95749,0,0
2014-12-03,07:00:00,0.95749,0.95809,0.95589,0.95635,0,0
2014-12-03,08:00:00,0.95695,0.95743,0.95567,0.95743,0,0
2014-12-03,09:00:00,0.95738,0.95777,0.95642,0.95738,0,0
2014-12-03,10:00:00,0.95737,0.95776,0.95623,0.95759,0,0
2014-12-03,11:00:00,0.95756,0.9577,0.95631,0.9565,0,0
2014-12-03,12:00:00,0.95648,0.95839,0.95643,0.95839,0,0
2014-12-03,13:00:00,0.9585,0.95884,0.95734,0.95812,0,0
2014-12-03,14:00:00,0.95808,0.95964,0.95799,0.95961,0,0
2014-12-03,15:00:00,0.95957,0.95997,0.95832,0.9587,0,0
2014-12-03,16:00:00,0.95865,0.96068,0.95764,0.95811,0,0
2014-12-03,17:00:00,0.95736,0.95946,0.95483,0.9567,0,0
2014-12-03,18:00:00,0.95658,0.95669,0.95568,0.95578,0,0
2014-12-03,19:00:00,0.95564,0.9573,0.95539,0.95642,0,0
2014-12-03,20:00:00,0.95642,0.95649,0.95419,0.95471,0,0
2014-12-03,21:00:00,0.95471,0.95533,0.95429,0.95446,0,0
2014-12-03,22:00:00,0.95444,0.95501,0.95409,0.95485,0,0
2014-12-03,23:00:00,0.95486,0.9555,0.95466,0.95488,0,0
2014-12-03,23:59:00,0.95478,0.95561,0.95311,0.95338,0,0
2014-12-04,01:00:00,0.95353,0.95436,0.95341,0.95395,0,0
2014-12-04,02:00:00,0.95395,0.95648,0.95355,0.9551,0,0
2014-12-04,03:00:00,0.95506,0.95518,0.95365,0.95405,0,0
2014-12-04,04:00:00,0.9541,0.95436,0.95252,0.953,0,0
2014-12-04,05:00:00,0.95293,0.95381,0.95252,0.95373,0,0
2014-12-04,06:00:00,0.95366,0.95409,0.95222,0.95394,0,0
2014-12-04,07:00:00,0.95392,0.95494,0.95241,0.95244,0,0
2014-12-04,08:00:00,0.95244,0.95306,0.95015,0.95096,0,0
2014-12-04,09:00:00,0.951,0.95115,0.94947,0.9505,0,0
2014-12-04,10:00:00,0.9505,0.95151,0.94987,0.94999,0,0
2014-12-04,11:00:00,0.95011,0.95124,0.94934,0.95028,0,0
2014-12-04,12:00:00,0.95021,0.95118,0.95016,0.95111,0,0
2014-12-04,13:00:00,0.95122,0.95152,0.95033,0.95033,0,0
2014-12-04,14:00:00,0.95032,0.95232,0.95032,0.95179,0,0
2014-12-04,15:00:00,0.95186,0.9536,0.95081,0.95221,0,0
2014-12-04,16:00:00,0.95235,0.95411,0.95182,0.95273,0,0
2014-12-04,17:00:00,0.95291,0.95507,0.95178,0.95498,0,0
2014-12-04,18:00:00,0.95498,0.95689,0.95416,0.95557,0,0
2014-12-04,19:00:00,0.95555,0.9557,0.95396,0.95454,0,0
2014-12-04,20:00:00,0.9546,0.95482,0.95332,0.95358,0,0
2014-12-04,21:00:00,0.95362,0.9541,0.95342,0.95398,0,0
2014-12-04,22:00:00,0.95397,0.95428,0.95288,0.95354,0,0
2014-12-04,23:00:00,0.95354,0.95403,0.95302,0.95395,0,0
2014-12-04,23:59:00,0.95415,0.95415,0.95318,0.95398,0,0
2014-12-05,01:00:00,0.95394,0.95516,0.95368,0.95476,0,0
2014-12-05,02:00:00,0.95465,0.95509,0.95408,0.95498,0,0
2014-12-05,03:00:00,0.95495,0.95578,0.95443,0.95444,0,0
2014-12-05,04:00:00,0.95444,0.95533,0.95443,0.95516,0,0
2014-12-05,05:00:00,0.95511,0.95545,0.95467,0.95482,0,0
2014-12-05,06:00:00,0.95487,0.95489,0.95336,0.95357,0,0
2014-12-05,07:00:00,0.95356,0.95414,0.95334,0.95374,0,0
2014-12-05,08:00:00,0.9537,0.95408,0.95335,0.95342,0,0
2014-12-05,09:00:00,0.95347,0.95489,0.95324,0.95445,0,0
2014-12-05,10:00:00,0.95451,0.95531,0.95415,0.95473,0,0
2014-12-05,11:00:00,0.95473,0.95516,0.95435,0.95435,0,0
2014-12-05,12:00:00,0.95434,0.95474,0.95392,0.95457,0,0
2014-12-05,13:00:00,0.95457,0.95476,0.95305,0.95399,0,0
2014-12-05,14:00:00,0.95402,0.95409,0.95306,0.9536,0,0
2014-12-05,15:00:00,0.95352,0.95567,0.95041,0.95099,0,0
2014-12-05,16:00:00,0.95101,0.95444,0.95091,0.95391,0,0
2014-12-05,17:00:00,0.9537,0.95387,0.9516,0.9516,0,0
2014-12-05,18:00:00,0.95152,0.95205,0.95046,0.95112,0,0
2014-12-05,19:00:00,0.95109,0.95128,0.94974,0.95052,0,0
2014-12-05,20:00:00,0.95055,0.95196,0.95046,0.95122,0,0
2014-12-05,21:00:00,0.95119,0.95185,0.95075,0.95139,0,0
2014-12-05,22:00:00,0.9514,0.95188,0.95108,0.9514,0,0
2014-12-05,23:00:00,0.95143,0.95163,0.95134,0.95163,0,0
2014-12-08,01:00:00,0.94895,0.95067,0.94875,0.95051,0,0
2014-12-08,02:00:00,0.95049,0.9508,0.94954,0.95044,0,0
2014-12-08,03:00:00,0.95053,0.95172,0.95049,0.95128,0,0
2014-12-08,04:00:00,0.95145,0.95147,0.9486,0.9495,0,0
2014-12-08,05:00:00,0.94955,0.94995,0.94814,0.94825,0,0
2014-12-08,06:00:00,0.94824,0.94844,0.94651,0.94662,0,0
2014-12-08,07:00:00,0.94663,0.94786,0.9465,0.94786,0,0
2014-12-08,08:00:00,0.94778,0.94862,0.94595,0.94668,0,0
2014-12-08,09:00:00,0.94668,0.94732,0.94563,0.94659,0,0
2014-12-08,10:00:00,0.94656,0.94752,0.94609,0.94735,0,0
2014-12-08,11:00:00,0.94739,0.94845,0.94735,0.94816,0,0
2014-12-08,12:00:00,0.94809,0.94941,0.94796,0.94925,0,0
2014-12-08,13:00:00,0.94929,0.95051,0.94929,0.94945,0,0
2014-12-08,14:00:00,0.94944,0.94975,0.94765,0.948,0,0
2014-12-08,15:00:00,0.94803,0.94952,0.94715,0.94933,0,0
2014-12-08,16:00:00,0.94932,0.9505,0.94877,0.94889,0,0
2014-12-08,17:00:00,0.9489,0.95214,0.94889,0.95182,0,0
2014-12-08,18:00:00,0.95181,0.95269,0.95117,0.95131,0,0
2014-12-08,19:00:00,0.95133,0.95212,0.95061,0.95114,0,0
2014-12-08,20:00:00,0.95122,0.95153,0.95016,0.95133,0,0
2014-12-08,21:00:00,0.95132,0.95205,0.95084,0.95161,0,0
2014-12-08,22:00:00,0.95159,0.9522,0.95135,0.95155,0,0
2014-12-08,23:00:00,0.95148,0.95185,0.95097,0.9516,0,0
2014-12-08,23:59:00,0.95162,0.95266,0.9513,0.95218,0,0
2014-12-09,01:00:00,0.95223,0.95277,0.95216,0.95257,0,0
2014-12-09,02:00:00,0.95257,0.95257,0.94819,0.94964,0,0
2014-12-09,03:00:00,0.94962,0.94993,0.9474,0.94843,0,0
2014-12-09,04:00:00,0.94837,0.94868,0.94763,0.94767,0,0
2014-12-09,05:00:00,0.94765,0.94778,0.9452,0.94588,0,0
2014-12-09,06:00:00,0.9459,0.94702,0.94555,0.94624,0,0
2014-12-09,07:00:00,0.94623,0.94673,0.94523,0.94596,0,0
2014-12-09,08:00:00,0.94594,0.94681,0.94555,0.94622,0,0
2014-12-09,09:00:00,0.94622,0.94762,0.94542,0.94749,0,0
2014-12-09,10:00:00,0.94749,0.94989,0.94729,0.94927,0,0
2014-12-09,11:00:00,0.94927,0.95093,0.9492,0.9504,0,0
2014-12-09,12:00:00,0.95041,0.95194,0.95018,0.95146,0,0
2014-12-09,13:00:00,0.95146,0.95153,0.94899,0.94914,0,0
2014-12-09,14:00:00,0.94916,0.95062,0.94908,0.95018,0,0
2014-12-09,15:00:00,0.95018,0.95039,0.94927,0.94973,0,0
2014-12-09,16:00:00,0.94974,0.95105,0.94926,0.95028,0,0
2014-12-09,17:00:00,0.95034,0.95361,0.94977,0.95344,0,0
2014-12-09,18:00:00,0.9536,0.95381,0.95169,0.95212,0,0
2014-12-09,19:00:00,0.95207,0.95224,0.95039,0.95063,0,0
2014-12-09,20:00:00,0.95059,0.95097,0.94998,0.95025,0,0
2014-12-09,21:00:00,0.95022,0.95038,0.94942,0.94948,0,0
2014-12-09,22:00:00,0.94944,0.94972,0.94775,0.94876,0,0
2014-12-09,23:00:00,0.94881,0.94906,0.9479,0.94883,0,0
2014-12-09,23:59:00,0.9488,0.94915,0.94828,0.94831,0,0
2014-12-10,01:00:00,0.94827,0.94976,0.94791,0.94899,0,0
2014-12-10,02:00:00,0.949,0.95008,0.94809,0.94955,0,0
2014-12-10,03:00:00,0.94952,0.94958,0.94647,0.94685,0,0
2014-12-10,04:00:00,0.94695,0.94829,0.94668,0.94791,0,0
2014-12-10,05:00:00,0.948,0.94966,0.94778,0.9491,0,0
2014-12-10,06:00:00,0.94912,0.95186,0.94888,0.95149,0,0
2014-12-10,07:00:00,0.95148,0.95325,0.95047,0.95221,0,0
2014-12-10,08:00:00,0.95222,0.95288,0.95131,0.95197,0,0
2014-12-10,09:00:00,0.95187,0.95214,0.95112,0.95202,0,0
2014-12-10,10:00:00,0.95204,0.9527,0.95145,0.95257,0,0
2014-12-10,11:00:00,0.95255,0.95391,0.95204,0.95338,0,0
2014-12-10,12:00:00,0.95339,0.9542,0.95322,0.95391,0,0
2014-12-10,13:00:00,0.9539,0.95541,0.9538,0.95407,0,0
2014-12-10,14:00:00,0.95415,0.9548,0.95396,0.95443,0,0
2014-12-10,15:00:00,0.95448,0.95516,0.95363,0.95428,0,0
2014-12-10,16:00:00,0.95419,0.95436,0.95253,0.9534,0,0
2014-12-10,17:00:00,0.9533,0.95595,0.95227,0.95233,0,0
2014-12-10,18:00:00,0.95242,0.95445,0.9524,0.95297,0,0
2014-12-10,19:00:00,0.95303,0.95354,0.95188,0.95188,0,0
2014-12-10,20:00:00,0.95188,0.95362,0.95106,0.95337,0,0
2014-12-10,21:00:00,0.95335,0.95354,0.95216,0.95236,0,0
2014-12-10,22:00:00,0.95239,0.95582,0.95143,0.95526,0,0
2014-12-10,23:00:00,0.95525,0.95541,0.95391,0.95482,0,0
2014-12-10,23:59:00,0.95465,0.95529,0.95374,0.95437,0,0
2014-12-11,01:00:00,0.95429,0.95589,0.95379,0.95506,0,0
2014-12-11,02:00:00,0.95505,0.95939,0.95457,0.95859,0,0
2014-12-11,03:00:00,0.9587,0.95872,0.95521,0.95595,0,0
2014-12-11,04:00:00,0.95607,0.95713,0.95511,0.95522,0,0
2014-12-11,05:00:00,0.95526,0.95562,0.95397,0.95479,0,0
2014-12-11,06:00:00,0.95474,0.95559,0.95375,0.95385,0,0
2014-12-11,07:00:00,0.95384,0.95422,0.95336,0.95381,0,0
2014-12-11,08:00:00,0.95381,0.95456,0.95315,0.9543,0,0
2014-12-11,09:00:00,0.95428,0.95464,0.95243,0.95363,0,0
2014-12-11,10:00:00,0.95379,0.95379,0.95138,0.95165,0,0
2014-12-11,11:00:00,0.95176,0.95297,0.94665,0.9476,0,0
2014-12-11,12:00:00,0.94756,0.95028,0.94742,0.95028,0,0
2014-12-11,13:00:00,0.95035,0.95114,0.94964,0.95036,0,0
2014-12-11,14:00:00,0.9503,0.95048,0.94946,0.95035,0,0
2014-12-11,15:00:00,0.95036,0.95285,0.94371,0.95196,0,0
2014-12-11,16:00:00,0.95211,0.95397,0.95114,0.95246,0,0
2014-12-11,17:00:00,0.95235,0.95371,0.95056,0.95096,0,0
2014-12-11,18:00:00,0.9512,0.95323,0.95063,0.95286,0,0
2014-12-11,19:00:00,0.95284,0.95362,0.95234,0.95312,0,0
2014-12-11,20:00:00,0.9531,0.95336,0.9519,0.95276,0,0
2014-12-11,21:00:00,0.95276,0.95321,0.95183,0.95225,0,0
2014-12-11,22:00:00,0.95221,0.95245,0.95155,0.95192,0,0
2014-12-11,23:00:00,0.95199,0.95421,0.95197,0.95254,0,0
2014-12-11,23:59:00,0.9523,0.95325,0.95192,0.95201,0,0
2014-12-12,01:00:00,0.952,0.95228,0.95026,0.95041,0,0
2014-12-12,02:00:00,0.95039,0.95238,0.95014,0.9518,0,0
2014-12-12,03:00:00,0.95185,0.9528,0.95119,0.95172,0,0
2014-12-12,04:00:00,0.95169,0.95406,0.95169,0.95391,0,0
2014-12-12,05:00:00,0.95391,0.95435,0.95319,0.95406,0,0
2014-12-12,06:00:00,0.95401,0.9551,0.95361,0.95384,0,0
2014-12-12,07:00:00,0.95373,0.95469,0.95344,0.95418,0,0
2014-12-12,08:00:00,0.95422,0.95446,0.95331,0.95409,0,0
2014-12-12,09:00:00,0.9541,0.95427,0.95272,0.95377,0,0
2014-12-12,10:00:00,0.9538,0.95694,0.95316,0.95632,0,0
2014-12-12,11:00:00,0.95616,0.95722,0.95539,0.95571,0,0
2014-12-12,12:00:00,0.95578,0.95718,0.95497,0.95656,0,0
2014-12-12,13:00:00,0.95655,0.95867,0.95653,0.95781,0,0
2014-12-12,14:00:00,0.95775,0.95809,0.95584,0.95635,0,0
2014-12-12,15:00:00,0.95636,0.95751,0.95385,0.95458,0,0
2014-12-12,16:00:00,0.9545,0.95483,0.95261,0.95356,0,0
2014-12-12,17:00:00,0.95359,0.95412,0.95158,0.95205,0,0
2014-12-12,18:00:00,0.9518,0.95411,0.95116,0.95363,0,0
2014-12-12,19:00:00,0.95355,0.9538,0.95277,0.95335,0,0
2014-12-12,20:00:00,0.95337,0.95395,0.95325,0.95354,0,0
2014-12-12,21:00:00,0.95346,0.95417,0.95285,0.95389,0,0
2014-12-12,22:00:00,0.954,0.95516,0.95362,0.9547,0,0
2014-12-12,23:00:00,0.95464,0.95483,0.95464,0.95478,0,0
2014-12-15,01:00:00,0.95438,0.95492,0.9484,0.94901,0,0
2014-12-15,02:00:00,0.94901,0.95142,0.94901,0.94978,0,0
2014-12-15,03:00:00,0.94977,0.95155,0.94927,0.9512,0,0
2014-12-15,04:00:00,0.95127,0.95225,0.94985,0.94985,0,0
2014-12-15,05:00:00,0.94993,0.95002,0.94847,0.94999,0,0
2014-12-15,06:00:00,0.94999,0.9524,0.94978,0.95163,0,0
2014-12-15,07:00:00,0.9517,0.953,0.9517,0.95295,0,0
2014-12-15,08:00:00,0.95296,0.9536,0.95231,0.95341,0,0
2014-12-15,09:00:00,0.9534,0.95393,0.95223,0.95304,0,0
2014-12-15,10:00:00,0.95303,0.95432,0.95242,0.95408,0,0
2014-12-15,11:00:00,0.95411,0.95698,0.95338,0.95656,0,0
2014-12-15,12:00:00,0.95659,0.95668,0.95417,0.9543,0,0
2014-12-15,13:00:00,0.95437,0.95487,0.95233,0.95283,0,0
2014-12-15,14:00:00,0.95288,0.95292,0.95148,0.95186,0,0
2014-12-15,15:00:00,0.95185,0.95228,0.95075,0.95199,0,0
2014-12-15,16:00:00,0.95192,0.95223,0.95044,0.95056,0,0
2014-12-15,17:00:00,0.95054,0.95493,0.95028,0.9537,0,0
2014-12-15,18:00:00,0.95379,0.95746,0.95324,0.95683,0,0
2014-12-15,19:00:00,0.95669,0.95761,0.9557,0.95594,0,0
2014-12-15,20:00:00,0.95575,0.95717,0.95516,0.95681,0,0
2014-12-15,21:00:00,0.95686,0.95802,0.95646,0.95706,0,0
2014-12-15,22:00:00,0.95711,0.95755,0.95627,0.95635,0,0
2014-12-15,23:00:00,0.9565,0.95835,0.95615,0.95785,0,0
2014-12-15,23:59:00,0.95828,0.95855,0.95671,0.95677,0,0
2014-12-16,01:00:00,0.9568,0.95754,0.95664,0.9569,0,0
2014-12-16,02:00:00,0.95693,0.9583,0.95685,0.95817,0,0
2014-12-16,03:00:00,0.95808,0.95842,0.95567,0.95762,0,0
2014-12-16,04:00:00,0.95768,0.95819,0.95714,0.95762,0,0
2014-12-16,05:00:00,0.95761,0.9584,0.95651,0.95834,0,0
2014-12-16,06:00:00,0.95807,0.95808,0.95657,0.95709,0,0
2014-12-16,07:00:00,0.95709,0.9578,0.95668,0.95756,0,0
2014-12-16,08:00:00,0.95762,0.9581,0.9566,0.95749,0,0
2014-12-16,09:00:00,0.95756,0.95886,0.95726,0.95865,0,0
2014-12-16,10:00:00,0.95861,0.9606,0.95754,0.96043,0,0
2014-12-16,11:00:00,0.96025,0.96162,0.95871,0.96008,0,0
2014-12-16,12:00:00,0.96,0.96226,0.95982,0.95982,0,0
2014-12-16,13:00:00,0.95978,0.96075,0.95914,0.95955,0,0
2014-12-16,14:00:00,0.95963,0.96381,0.95963,0.96105,0,0
2014-12-16,15:00:00,0.96105,0.96175,0.9579,0.95808,0,0
2014-12-16,16:00:00,0.95817,0.95832,0.95569,0.95651,0,0
2014-12-16,17:00:00,0.9565,0.95666,0.9537,0.95522,0,0
2014-12-16,18:00:00,0.95532,0.95601,0.9542,0.95506,0,0
2014-12-16,19:00:00,0.95502,0.95672,0.95457,0.95491,0,0
2014-12-16,20:00:00,0.95479,0.95607,0.95478,0.95573,0,0
2014-12-16,21:00:00,0.95569,0.95574,0.95432,0.95506,0,0
2014-12-16,22:00:00,0.95487,0.95611,0.95481,0.95583,0,0
2014-12-16,23:00:00,0.95595,0.9561,0.95471,0.95505,0,0
2014-12-16,23:59:00,0.95508,0.95606,0.95493,0.95512,0,0
2014-12-17,01:00:00,0.95522,0.95625,0.95522,0.95621,0,0
2014-12-17,02:00:00,0.95621,0.95622,0.95501,0.95567,0,0
2014-12-17,03:00:00,0.95571,0.95683,0.9544,0.95464,0,0
2014-12-17,04:00:00,0.9546,0.95476,0.95076,0.95164,0,0
2014-12-17,05:00:00,0.95162,0.95164,0.94876,0.94919,0,0
2014-12-17,06:00:00,0.94925,0.94944,0.94809,0.94924,0,0
2014-12-17,07:00:00,0.94934,0.94948,0.94803,0.94858,0,0
2014-12-17,08:00:00,0.94858,0.94927,0.94772,0.9482,0,0
2014-12-17,09:00:00,0.94808,0.94995,0.94771,0.94986,0,0
2014-12-17,10:00:00,0.94977,0.95282,0.94939,0.95258,0,0
2014-12-17,11:00:00,0.95271,0.95376,0.95188,0.95276,0,0
2014-12-17,12:00:00,0.95278,0.95381,0.95243,0.95253,0,0
2014-12-17,13:00:00,0.95248,0.95319,0.95199,0.95291,0,0
2014-12-17,14:00:00,0.95289,0.95327,0.95178,0.95204,0,0
2014-12-17,15:00:00,0.95212,0.95354,0.95192,0.95232,0,0
2014-12-17,16:00:00,0.95239,0.95353,0.95148,0.95201,0,0
2014-12-17,17:00:00,0.952,0.95391,0.9516,0.95165,0,0
2014-12-17,18:00:00,0.95173,0.95176,0.94968,0.94974,0,0
2014-12-17,19:00:00,0.94989,0.94989,0.94752,0.94917,0,0
2014-12-17,20:00:00,0.94918,0.95022,0.94779,0.94985,0,0
2014-12-17,21:00:00,0.95007,0.95307,0.94494,0.9456,0,0
2014-12-17,22:00:00,0.94565,0.94756,0.94466,0.94501,0,0
2014-12-17,23:00:00,0.94474,0.94663,0.94432,0.94433,0,0
2014-12-17,23:59:00,0.9443,0.94709,0.9443,0.94657,0,0
2014-12-18,01:00:00,0.94655,0.94655,0.94448,0.94519,0,0
2014-12-18,02:00:00,0.94513,0.94572,0.94471,0.94486,0,0
2014-12-18,03:00:00,0.94465,0.94601,0.94439,0.94545,0,0
2014-12-18,04:00:00,0.94553,0.94788,0.94529,0.94668,0,0
2014-12-18,05:00:00,0.94668,0.9488,0.9466,0.94717,0,0
2014-12-18,06:00:00,0.9472,0.94738,0.94586,0.94665,0,0
2014-12-18,07:00:00,0.94665,0.94666,0.94519,0.94606,0,0
2014-12-18,08:00:00,0.94607,0.94637,0.94515,0.94608,0,0
2014-12-18,09:00:00,0.94618,0.95034,0.945,0.94889,0,0
2014-12-18,10:00:00,0.94891,0.9517,0.94782,0.95075,0,0
2014-12-18,11:00:00,0.95077,0.95179,0.94846,0.94858,0,0
2014-12-18,12:00:00,0.9486,0.94982,0.94701,0.94701,0,0
2014-12-18,13:00:00,0.94687,0.94894,0.94687,0.94739,0,0
2014-12-18,14:00:00,0.94747,0.95049,0.94747,0.94996,0,0
2014-12-18,15:00:00,0.94996,0.95112,0.94891,0.94891,0,0
2014-12-18,16:00:00,0.94892,0.95095,0.94892,0.95009,0,0
2014-12-18,17:00:00,0.95005,0.95049,0.94628,0.94629,0,0
2014-12-18,18:00:00,0.94638,0.94801,0.94635,0.9467,0,0
2014-12-18,19:00:00,0.94664,0.94713,0.94505,0.94567,0,0
2014-12-18,20:00:00,0.94566,0.94593,0.94457,0.9453,0,0
2014-12-18,21:00:00,0.94526,0.94613,0.9452,0.94552,0,0
2014-12-18,22:00:00,0.94564,0.94718,0.94485,0.94708,0,0
2014-12-18,23:00:00,0.94718,0.9472,0.94475,0.94493,0,0
2014-12-18,23:59:00,0.94488,0.94686,0.94462,0.94641,0,0
2014-12-19,01:00:00,0.94626,0.94651,0.94503,0.94597,0,0
2014-12-19,02:00:00,0.94595,0.94653,0.94457,0.94497,0,0
2014-12-19,03:00:00,0.9449,0.94736,0.94474,0.94727,0,0
2014-12-19,04:00:00,0.94727,0.94759,0.94553,0.9456,0,0
2014-12-19,05:00:00,0.94559,0.94686,0.94535,0.94622,0,0
2014-12-19,06:00:00,0.94622,0.94724,0.94601,0.94697,0,0
2014-12-19,07:00:00,0.94699,0.94743,0.94632,0.94726,0,0
2014-12-19,08:00:00,0.94728,0.94783,0.94598,0.94641,0,0
2014-12-19,09:00:00,0.9464,0.94666,0.9447,0.94488,0,0
2014-12-19,10:00:00,0.94486,0.94576,0.94422,0.94503,0,0
2014-12-19,11:00:00,0.94503,0.94556,0.94478,0.94549,0,0
2014-12-19,12:00:00,0.94551,0.94631,0.94537,0.94538,0,0
2014-12-19,13:00:00,0.94542,0.94766,0.94532,0.94766,0,0
2014-12-19,14:00:00,0.94768,0.94809,0.94699,0.94719,0,0
2014-12-19,15:00:00,0.94722,0.95068,0.94713,0.94897,0,0
2014-12-19,16:00:00,0.94899,0.94927,0.94625,0.94676,0,0
2014-12-19,17:00:00,0.94669,0.94749,0.94477,0.94479,0,0
2014-12-19,18:00:00,0.94474,0.94517,0.9436,0.94487,0,0
2014-12-19,19:00:00,0.94489,0.94496,0.94377,0.94441,0,0
2014-12-19,20:00:00,0.94441,0.94509,0.94339,0.94374,0,0
2014-12-19,21:00:00,0.9437,0.94505,0.94363,0.94446,0,0
2014-12-19,22:00:00,0.9445,0.94536,0.94379,0.94469,0,0
2014-12-19,23:00:00,0.94459,0.94459,0.94438,0.94442,0,0
2014-12-22,01:00:00,0.94483,0.9463,0.94483,0.94606,0,0
2014-12-22,02:00:00,0.94606,0.94651,0.94532,0.94535,0,0
2014-12-22,03:00:00,0.94535,0.94553,0.94474,0.94545,0,0
2014-12-22,04:00:00,0.94533,0.94547,0.94411,0.94507,0,0
2014-12-22,05:00:00,0.94507,0.94591,0.94507,0.94571,0,0
2014-12-22,06:00:00,0.94571,0.9468,0.94571,0.94659,0,0
2014-12-22,07:00:00,0.94661,0.94738,0.94588,0.9466,0,0
2014-12-22,08:00:00,0.9467,0.94697,0.94554,0.9458,0,0
2014-12-22,09:00:00,0.94577,0.94689,0.94489,0.94499,0,0
2014-12-22,10:00:00,0.94488,0.94488,0.94335,0.94364,0,0
2014-12-22,11:00:00,0.94364,0.94539,0.94363,0.94539,0,0
2014-12-22,12:00:00,0.94539,0.94539,0.94429,0.94469,0,0
2014-12-22,13:00:00,0.94445,0.9465,0.94415,0.9465,0,0
2014-12-22,14:00:00,0.9465,0.94656,0.94566,0.94638,0,0
2014-12-22,15:00:00,0.94631,0.94715,0.94631,0.94644,0,0
2014-12-22,16:00:00,0.94644,0.94684,0.94576,0.94611,0,0
2014-12-22,17:00:00,0.94601,0.94764,0.94601,0.9473,0,0
2014-12-22,18:00:00,0.94786,0.94806,0.94713,0.94774,0,0
2014-12-22,19:00:00,0.94774,0.94809,0.947,0.94748,0,0
2014-12-22,20:00:00,0.94749,0.94774,0.94658,0.94667,0,0
2014-12-22,21:00:00,0.94667,0.94743,0.94663,0.94743,0,0
2014-12-22,22:00:00,0.94743,0.94743,0.94624,0.94641,0,0
2014-12-22,23:00:00,0.94613,0.94626,0.9454,0.94554,0,0
2014-12-22,23:59:00,0.94538,0.94562,0.94485,0.9449,0,0
2014-12-23,01:00:00,0.94497,0.94558,0.94449,0.94521,0,0
2014-12-23,02:00:00,0.94517,0.94593,0.94423,0.94443,0,0
2014-12-23,03:00:00,0.94452,0.94537,0.94398,0.94515,0,0
2014-12-23,04:00:00,0.94515,0.94516,0.94389,0.94399,0,0
2014-12-23,05:00:00,0.94403,0.94403,0.94329,0.94367,0,0
2014-12-23,06:00:00,0.94366,0.9438,0.94242,0.94295,0,0
2014-12-23,07:00:00,0.94296,0.94309,0.94097,0.94163,0,0
2014-12-23,08:00:00,0.94159,0.9418,0.94009,0.94141,0,0
2014-12-23,09:00:00,0.94141,0.94302,0.94141,0.94274,0,0
2014-12-23,10:00:00,0.94277,0.94384,0.94253,0.94285,0,0
2014-12-23,11:00:00,0.94285,0.94407,0.9428,0.94361,0,0
2014-12-23,12:00:00,0.94361,0.94511,0.94361,0.94482,0,0
2014-12-23,13:00:00,0.94485,0.9458,0.94469,0.94564,0,0
2014-12-23,14:00:00,0.94564,0.94616,0.94527,0.94572,0,0
2014-12-23,15:00:00,0.9458,0.94637,0.94329,0.94592,0,0
2014-12-23,16:00:00,0.94592,0.94592,0.94388,0.94405,0,0
2014-12-23,17:00:00,0.94366,0.9437,0.94037,0.94037,0,0
2014-12-23,18:00:00,0.94042,0.94127,0.93958,0.94125,0,0
2014-12-23,19:00:00,0.94124,0.9414,0.93954,0.94075,0,0
2014-12-23,20:00:00,0.94072,0.94078,0.93972,0.94008,0,0
2014-12-23,21:00:00,0.94008,0.94072,0.93956,0.94024,0,0
2014-12-23,22:00:00,0.94049,0.94134,0.94007,0.94124,0,0
2014-12-23,23:00:00,0.94148,0.94158,0.94065,0.94102,0,0
2014-12-23,23:59:00,0.94103,0.94245,0.94046,0.94198,0,0
2014-12-24,01:00:00,0.94237,0.94312,0.94165,0.94195,0,0
2014-12-24,02:00:00,0.94195,0.94331,0.94173,0.94331,0,0
2014-12-24,03:00:00,0.94331,0.94342,0.94227,0.94321,0,0
2014-12-24,04:00:00,0.94321,0.9441,0.94196,0.94241,0,0
2014-12-24,05:00:00,0.94266,0.94282,0.94208,0.94251,0,0
2014-12-24,06:00:00,0.94251,0.94272,0.9418,0.94234,0,0
2014-12-24,07:00:00,0.94234,0.94352,0.94196,0.94352,0,0
2014-12-24,08:00:00,0.94305,0.94332,0.94189,0.94222,0,0
2014-12-24,09:00:00,0.94222,0.94269,0.94219,0.94223,0,0
2014-12-24,10:00:00,0.94228,0.94228,0.94118,0.94136,0,0
2014-12-24,11:00:00,0.94143,0.94213,0.94121,0.94172,0,0
2014-12-24,12:00:00,0.94179,0.94187,0.94061,0.94135,0,0
2014-12-24,13:00:00,0.94135,0.94173,0.94092,0.94092,0,0
2014-12-24,14:00:00,0.94102,0.94141,0.94046,0.94096,0,0
2014-12-24,15:00:00,0.941,0.94138,0.94053,0.94115,0,0
2014-12-24,16:00:00,0.94113,0.94321,0.9411,0.94292,0,0
2014-12-24,17:00:00,0.9431,0.94435,0.94068,0.94068,0,0
2014-12-24,18:00:00,0.94068,0.9427,0.94068,0.94228,0,0
2014-12-24,19:00:00,0.94218,0.94304,0.94207,0.9423,0,0
2014-12-24,20:00:00,0.94232,0.94288,0.94174,0.94224,0,0
2014-12-24,21:00:00,0.94224,0.94326,0.94195,0.94234,0,0
2014-12-24,22:00:00,0.94251,0.94383,0.94225,0.94283,0,0
2014-12-24,23:00:00,0.94283,0.94306,0.94267,0.94282,0,0
2014-12-24,23:59:00,0.94231,0.94341,0.94225,0.94286,0,0
2014-12-26,01:00:00,0.94283,0.943,0.94146,0.94208,0,0
2014-12-26,02:00:00,0.94208,0.94372,0.94208,0.94354,0,0
2014-12-26,03:00:00,0.9435,0.94451,0.94326,0.94337,0,0
2014-12-26,04:00:00,0.94358,0.94395,0.9433,0.94356,0,0
2014-12-26,05:00:00,0.94355,0.94365,0.94296,0.94352,0,0
2014-12-26,06:00:00,0.9436,0.94378,0.94298,0.9436,0,0
2014-12-26,07:00:00,0.94361,0.94403,0.94349,0.94382,0,0
2014-12-26,08:00:00,0.94382,0.94382,0.94323,0.94374,0,0
2014-12-26,09:00:00,0.94372,0.94379,0.94294,0.94308,0,0
2014-12-26,10:00:00,0.94323,0.94353,0.94282,0.94317,0,0
2014-12-26,11:00:00,0.94318,0.94344,0.94307,0.94323,0,0
2014-12-26,12:00:00,0.94325,0.94358,0.94309,0.94354,0,0
2014-12-26,13:00:00,0.94369,0.9438,0.94335,0.94365,0,0
2014-12-26,14:00:00,0.94367,0.94407,0.94337,0.94337,0,0
2014-12-26,15:00:00,0.9432,0.94371,0.94301,0.94327,0,0
2014-12-26,16:00:00,0.94327,0.94394,0.94256,0.94281,0,0
2014-12-26,17:00:00,0.94281,0.94314,0.94125,0.94175,0,0
2014-12-26,18:00:00,0.94175,0.9423,0.94141,0.94213,0,0
2014-12-26,19:00:00,0.94205,0.94333,0.94205,0.94305,0,0
2014-12-26,20:00:00,0.94249,0.94362,0.94239,0.94338,0,0
2014-12-26,21:00:00,0.9433,0.94379,0.94294,0.94329,0,0
2014-12-26,22:00:00,0.94326,0.94396,0.94299,0.94384,0,0
2014-12-26,23:00:00,0.94384,0.94384,0.94384,0.94384,0,0
2014-12-29,01:00:00,0.9434,0.94431,0.94315,0.94361,0,0
2014-12-29,02:00:00,0.94364,0.94443,0.94359,0.94421,0,0
2014-12-29,03:00:00,0.94424,0.94485,0.94358,0.94462,0,0
2014-12-29,04:00:00,0.9446,0.946,0.9442,0.94558,0,0
2014-12-29,05:00:00,0.94561,0.94597,0.94472,0.94512,0,0
2014-12-29,06:00:00,0.94511,0.94556,0.94508,0.94548,0,0
2014-12-29,07:00:00,0.94548,0.94643,0.945,0.94514,0,0
2014-12-29,08:00:00,0.94512,0.94563,0.94497,0.94513,0,0
2014-12-29,09:00:00,0.94511,0.94573,0.94504,0.94533,0,0
2014-12-29,10:00:00,0.94533,0.94648,0.9451,0.94597,0,0
2014-12-29,11:00:00,0.94585,0.94841,0.94572,0.94704,0,0
2014-12-29,12:00:00,0.9471,0.94788,0.94662,0.94787,0,0
2014-12-29,13:00:00,0.94787,0.94869,0.94729,0.94736,0,0
2014-12-29,14:00:00,0.94739,0.9484,0.9469,0.94793,0,0
2014-12-29,15:00:00,0.94793,0.9483,0.94712,0.94714,0,0
2014-12-29,16:00:00,0.94717,0.94744,0.94596,0.94621,0,0
2014-12-29,17:00:00,0.94645,0.9469,0.94592,0.9469,0,0
2014-12-29,18:00:00,0.94696,0.9481,0.94676,0.94786,0,0
2014-12-29,19:00:00,0.9471,0.94848,0.947,0.94791,0,0
2014-12-29,20:00:00,0.9479,0.94818,0.94636,0.94655,0,0
2014-12-29,21:00:00,0.94654,0.94659,0.9452,0.94562,0,0
2014-12-29,22:00:00,0.94562,0.94639,0.94562,0.94602,0,0
2014-12-29,23:00:00,0.94603,0.94711,0.94596,0.94635,0,0
2014-12-29,23:59:00,0.94597,0.94742,0.94597,0.94696,0,0
2014-12-30,01:00:00,0.947,0.9474,0.94659,0.94707,0,0
2014-12-30,02:00:00,0.94707,0.94766,0.94649,0.94662,0,0
2014-12-30,03:00:00,0.94665,0.94665,0.94571,0.94581,0,0
2014-12-30,04:00:00,0.94586,0.94661,0.94584,0.94609,0,0
2014-12-30,05:00:00,0.94613,0.94671,0.94593,0.94616,0,0
2014-12-30,06:00:00,0.9462,0.94691,0.9462,0.94644,0,0
2014-12-30,07:00:00,0.94646,0.94703,0.94628,0.94684,0,0
2014-12-30,08:00:00,0.94687,0.94721,0.94644,0.94701,0,0
2014-12-30,09:00:00,0.94698,0.94869,0.94654,0.9481,0,0
2014-12-30,10:00:00,0.94811,0.9498,0.94811,0.94895,0,0
2014-12-30,11:00:00,0.94902,0.95035,0.94877,0.94947,0,0
2014-12-30,12:00:00,0.94947,0.94975,0.94835,0.94975,0,0
2014-12-30,13:00:00,0.94978,0.94996,0.94771,0.94804,0,0
2014-12-30,14:00:00,0.94806,0.94967,0.9477,0.94959,0,0
2014-12-30,15:00:00,0.94951,0.95147,0.94912,0.9514,0,0
2014-12-30,16:00:00,0.95125,0.95232,0.95103,0.95201,0,0
2014-12-30,17:00:00,0.95202,0.95233,0.95061,0.95117,0,0
2014-12-30,18:00:00,0.95117,0.95174,0.95068,0.95068,0,0
2014-12-30,19:00:00,0.95061,0.95123,0.94899,0.94901,0,0
2014-12-30,20:00:00,0.94897,0.94942,0.94836,0.94907,0,0
2014-12-30,21:00:00,0.94907,0.9494,0.94877,0.94877,0,0
2014-12-30,22:00:00,0.94888,0.94946,0.94888,0.94931,0,0
2014-12-30,23:00:00,0.94938,0.9501,0.94905,0.9501,0,0
2014-12-30,23:59:00,0.95005,0.95007,0.94927,0.94965,0,0
2014-12-31,01:00:00,0.94953,0.95006,0.94939,0.94945,0,0
2014-12-31,02:00:00,0.94941,0.94964,0.94864,0.94907,0,0
2014-12-31,03:00:00,0.94908,0.95215,0.94886,0.95202,0,0
2014-12-31,04:00:00,0.95187,0.9519,0.95092,0.95133,0,0
2014-12-31,05:00:00,0.95119,0.95167,0.95095,0.95148,0,0
2014-12-31,06:00:00,0.95151,0.9521,0.95134,0.95159,0,0
2014-12-31,07:00:00,0.95141,0.95143,0.94956,0.95043,0,0
2014-12-31,08:00:00,0.9504,0.95043,0.94925,0.9496,0,0
2014-12-31,09:00:00,0.94959,0.95053,0.94938,0.95021,0,0
2014-12-31,10:00:00,0.95008,0.95071,0.94954,0.94984,0,0
2014-12-31,11:00:00,0.95033,0.95069,0.94944,0.94959,0,0
2014-12-31,12:00:00,0.94959,0.95027,0.94911,0.94964,0,0
2014-12-31,13:00:00,0.94947,0.9503,0.94907,0.95007,0,0
2014-12-31,14:00:00,0.95007,0.95076,0.94858,0.94888,0,0
2014-12-31,15:00:00,0.94909,0.95014,0.94812,0.94932,0,0
2014-12-31,16:00:00,0.9489,0.94929,0.94728,0.94728,0,0
2014-12-31,17:00:00,0.94735,0.94799,0.94563,0.94716,0,0
2014-12-31,18:00:00,0.94733,0.94818,0.94716,0.94785,0,0
2014-12-31,19:00:00,0.94785,0.94955,0.94785,0.94845,0,0
2014-12-31,20:00:00,0.94813,0.94875,0.94763,0.94779,0,0
2014-12-31,21:00:00,0.94779,0.94932,0.94779,0.94925,0,0
2014-12-31,22:00:00,0.94991,0.9502,0.94743,0.94832,0,0
2014-12-31,23:00:00,0.94842,0.94924,0.94812,0.94901,0,0
2014-12-31,23:59:00,0.94881,0.95027,0.94751,0.9487,0,0
2015-01-02,01:00:00,0.94792,0.95064,0.94789,0.95005,0,0
2015-01-02,02:00:00,0.95005,0.95086,0.94918,0.9496,0,0
2015-01-02,03:00:00,0.94964,0.94964,0.94593,0.94635,0,0
2015-01-02,04:00:00,0.94629,0.94645,0.94572,0.94615,0,0
2015-01-02,05:00:00,0.94615,0.9465,0.94559,0.94609,0,0
2015-01-02,06:00:00,0.94609,0.94739,0.94597,0.94689,0,0
2015-01-02,07:00:00,0.94687,0.94783,0.94682,0.94765,0,0
2015-01-02,08:00:00,0.94765,0.9491,0.94765,0.94837,0,0
2015-01-02,09:00:00,0.94838,0.9489,0.94686,0.94797,0,0
2015-01-02,10:00:00,0.94797,0.94878,0.94797,0.94847,0,0
2015-01-02,11:00:00,0.94847,0.94924,0.94803,0.94924,0,0
2015-01-02,12:00:00,0.94938,0.94944,0.94737,0.94781,0,0
2015-01-02,13:00:00,0.94778,0.94778,0.94633,0.94697,0,0
2015-01-02,14:00:00,0.94695,0.94744,0.94644,0.94729,0,0
2015-01-02,15:00:00,0.94736,0.94855,0.94698,0.94828,0,0
2015-01-02,16:00:00,0.94831,0.94926,0.94767,0.94895,0,0
2015-01-02,17:00:00,0.94931,0.95234,0.94901,0.95085,0,0
2015-01-02,18:00:00,0.95085,0.95317,0.95085,0.95174,0,0
2015-01-02,19:00:00,0.95167,0.95329,0.95167,0.95203,0,0
2015-01-02,20:00:00,0.95253,0.95266,0.95197,0.95218,0,0
2015-01-02,21:00:00,0.95219,0.95323,0.95185,0.95307,0,0
2015-01-02,22:00:00,0.95305,0.9533,0.95166,0.95234,0,0
2015-01-02,23:00:00,0.95234,0.95234,0.95232,0.95232,0,0
2015-01-05,01:00:00,0.95246,0.95322,0.95071,0.9512,0,0
2015-01-05,02:00:00,0.95119,0.95435,0.95119,0.95356,0,0
2015-01-05,03:00:00,0.95351,0.95466,0.95233,0.95305,0,0
2015-01-05,04:00:00,0.95312,0.95386,0.952,0.95207,0,0
2015-01-05,05:00:00,0.95194,0.95217,0.95101,0.95179,0,0
2015-01-05,06:00:00,0.95148,0.95236,0.95119,0.95204,0,0
2015-01-05,07:00:00,0.95204,0.95204,0.94901,0.95016,0,0
2015-01-05,08:00:00,0.94979,0.9505,0.94936,0.94997,0,0
2015-01-05,09:00:00,0.94997,0.95162,0.94939,0.94963,0,0
2015-01-05,10:00:00,0.9494,0.95154,0.9494,0.95154,0,0
2015-01-05,11:00:00,0.95149,0.95237,0.951,0.952,0,0
2015-01-05,12:00:00,0.95192,0.95287,0.95118,0.95165,0,0
2015-01-05,13:00:00,0.95168,0.95224,0.95073,0.95088,0,0
2015-01-05,14:00:00,0.95079,0.95143,0.95022,0.95073,0,0
2015-01-05,15:00:00,0.95073,0.95194,0.95055,0.95141,0,0
2015-01-05,16:00:00,0.95139,0.95266,0.95119,0.95261,0,0
2015-01-05,17:00:00,0.95261,0.95441,0.95191,0.95441,0,0
2015-01-05,18:00:00,0.95445,0.95549,0.95382,0.95387,0,0
2015-01-05,19:00:00,0.95387,0.95398,0.95311,0.9535,0,0
2015-01-05,20:00:00,0.95331,0.95344,0.95214,0.95224,0,0
2015-01-05,21:00:00,0.95224,0.95235,0.95103,0.95155,0,0
2015-01-05,22:00:00,0.95155,0.9517,0.95005,0.95026,0,0
2015-01-05,23:00:00,0.95023,0.95133,0.94989,0.95055,0,0
2015-01-05,23:59:00,0.95055,0.95136,0.95008,0.95065,0,0
2015-01-06,01:00:00,0.95064,0.95242,0.95064,0.95191,0,0
2015-01-06,02:00:00,0.95191,0.95421,0.95083,0.95413,0,0
2015-01-06,03:00:00,0.95398,0.95407,0.95224,0.95329,0,0
2015-01-06,04:00:00,0.95329,0.95617,0.95319,0.95503,0,0
2015-01-06,05:00:00,0.95503,0.95553,0.9547,0.95511,0,0
2015-01-06,06:00:00,0.95501,0.95535,0.95389,0.9543,0,0
2015-01-06,07:00:00,0.9543,0.95594,0.9543,0.95582,0,0
2015-01-06,08:00:00,0.95589,0.95758,0.95579,0.95704,0,0
2015-01-06,09:00:00,0.95704,0.95715,0.95596,0.95621,0,0
2015-01-06,10:00:00,0.95621,0.95757,0.95547,0.95685,0,0
2015-01-06,11:00:00,0.95685,0.95794,0.95648,0.95708,0,0
2015-01-06,12:00:00,0.95669,0.95785,0.95654,0.95748,0,0
2015-01-06,13:00:00,0.95741,0.95841,0.95652,0.9566,0,0
2015-01-06,14:00:00,0.9566,0.95788,0.95613,0.95716,0,0
2015-01-06,15:00:00,0.95664,0.95742,0.95608,0.95615,0,0
2015-01-06,16:00:00,0.95614,0.9572,0.95465,0.95687,0,0
2015-01-06,17:00:00,0.95687,0.95801,0.95474,0.95651,0,0
2015-01-06,18:00:00,0.95646,0.95866,0.95635,0.958,0,0
2015-01-06,19:00:00,0.958,0.95865,0.95714,0.95759,0,0
2015-01-06,20:00:00,0.95772,0.95955,0.95754,0.95882,0,0
2015-01-06,21:00:00,0.9588,0.95945,0.95817,0.95819,0,0
2015-01-06,22:00:00,0.9584,0.95848,0.95633,0.95748,0,0
2015-01-06,23:00:00,0.95747,0.95782,0.95649,0.95657,0,0
2015-01-06,23:59:00,0.95657,0.95705,0.95523,0.95584,0,0
2015-01-07,01:00:00,0.95612,0.95665,0.95551,0.95616,0,0
2015-01-07,02:00:00,0.95616,0.95624,0.95331,0.95368,0,0
2015-01-07,03:00:00,0.95366,0.95491,0.95339,0.95479,0,0
2015-01-07,04:00:00,0.95491,0.95534,0.95389,0.95419,0,0
2015-01-07,05:00:00,0.95422,0.95575,0.9539,0.95542,0,0
2015-01-07,06:00:00,0.95501,0.95539,0.95469,0.95499,0,0
2015-01-07,07:00:00,0.95499,0.95583,0.95466,0.95519,0,0
2015-01-07,08:00:00,0.95521,0.95545,0.95386,0.95492,0,0
2015-01-07,09:00:00,0.9549,0.95576,0.95459,0.95511,0,0
2015-01-07,10:00:00,0.95511,0.95684,0.95496,0.95647,0,0
2015-01-07,11:00:00,0.95647,0.95839,0.95647,0.95664,0,0
2015-01-07,12:00:00,0.95662,0.957,0.95342,0.95342,0,0
2015-01-07,13:00:00,0.95389,0.95559,0.95389,0.95544,0,0
2015-01-07,14:00:00,0.95544,0.95593,0.95404,0.95417,0,0
2015-01-07,15:00:00,0.95423,0.95532,0.95299,0.95448,0,0
2015-01-07,16:00:00,0.95437,0.95456,0.95251,0.95257,0,0
2015-01-07,17:00:00,0.9522,0.954,0.95124,0.95376,0,0
2015-01-07,18:00:00,0.95372,0.95413,0.95325,0.95369,0,0
2015-01-07,19:00:00,0.95369,0.95459,0.95339,0.9541,0,0
2015-01-07,20:00:00,0.9541,0.95531,0.95401,0.95506,0,0
2015-01-07,21:00:00,0.9548,0.95619,0.95374,0.9554,0,0
2015-01-07,22:00:00,0.95507,0.95524,0.95372,0.95385,0,0
2015-01-07,23:00:00,0.9539,0.95515,0.95381,0.95416,0,0
2015-01-07,23:59:00,0.95416,0.95499,0.95354,0.9542,0,0
2015-01-08,01:00:00,0.95403,0.95499,0.95373,0.95421,0,0
2015-01-08,02:00:00,0.95471,0.95715,0.95449,0.95583,0,0
2015-01-08,03:00:00,0.95651,0.95792,0.95629,0.95674,0,0
2015-01-08,04:00:00,0.95673,0.9571,0.95602,0.9567,0,0
2015-01-08,05:00:00,0.95669,0.95935,0.9564,0.95897,0,0
2015-01-08,06:00:00,0.95897,0.9592,0.95837,0.95897,0,0
2015-01-08,07:00:00,0.95901,0.9594,0.95854,0.95936,0,0
2015-01-08,08:00:00,0.9594,0.9594,0.95815,0.95831,0,0
2015-01-08,09:00:00,0.95805,0.95938,0.95761,0.95923,0,0
2015-01-08,10:00:00,0.95896,0.95964,0.95875,0.95955,0,0
2015-01-08,11:00:00,0.95942,0.96006,0.95805,0.95819,0,0
2015-01-08,12:00:00,0.95812,0.95831,0.95567,0.95664,0,0
2015-01-08,13:00:00,0.95656,0.95747,0.95622,0.95734,0,0
2015-01-08,14:00:00,0.95759,0.95791,0.95676,0.9579,0,0
2015-01-08,15:00:00,0.95813,0.95907,0.95735,0.95839,0,0
2015-01-08,16:00:00,0.95834,0.95931,0.95747,0.95874,0,0
2015-01-08,17:00:00,0.95878,0.95995,0.95818,0.95835,0,0
2015-01-08,18:00:00,0.95852,0.96018,0.95832,0.96008,0,0
2015-01-08,19:00:00,0.95965,0.96044,0.95934,0.96032,0,0
2015-01-08,20:00:00,0.96041,0.96083,0.95963,0.96082,0,0
2015-01-08,21:00:00,0.96082,0.96089,0.95931,0.95994,0,0
2015-01-08,22:00:00,0.95981,0.96063,0.95975,0.96031,0,0
2015-01-08,23:00:00,0.96032,0.96117,0.96014,0.96084,0,0
2015-01-08,23:59:00,0.96085,0.96098,0.9596,0.96013,0,0
2015-01-09,01:00:00,0.96013,0.96051,0.95915,0.95942,0,0
2015-01-09,02:00:00,0.95942,0.96104,0.95862,0.96083,0,0
2015-01-09,03:00:00,0.96119,0.96195,0.96076,0.96093,0,0
2015-01-09,04:00:00,0.96112,0.96231,0.96091,0.96205,0,0
2015-01-09,05:00:00,0.96183,0.96233,0.96165,0.96192,0,0
2015-01-09,06:00:00,0.96192,0.96239,0.96142,0.96181,0,0
2015-01-09,07:00:00,0.96174,0.96255,0.96164,0.96227,0,0
2015-01-09,08:00:00,0.96227,0.96227,0.96107,0.96191,0,0
2015-01-09,09:00:00,0.96177,0.96247,0.96148,0.96156,0,0
2015-01-09,10:00:00,0.96157,0.9616,0.96073,0.96082,0,0
2015-01-09,11:00:00,0.96082,0.96225,0.96065,0.96223,0,0
2015-01-09,12:00:00,0.96211,0.96309,0.9621,0.96282,0,0
2015-01-09,13:00:00,0.96282,0.96314,0.96209,0.96273,0,0
2015-01-09,14:00:00,0.9628,0.96339,0.96256,0.96276,0,0
2015-01-09,15:00:00,0.96263,0.96796,0.96218,0.96776,0,0
2015-01-09,16:00:00,0.9678,0.971,0.96763,0.96978,0,0
2015-01-09,17:00:00,0.96978,0.97127,0.96976,0.97052,0,0
2015-01-09,18:00:00,0.97042,0.9731,0.96988,0.97111,0,0
2015-01-09,19:00:00,0.97112,0.972,0.9709,0.97117,0,0
2015-01-09,20:00:00,0.97117,0.97171,0.97076,0.97151,0,0
2015-01-09,21:00:00,0.9716,0.97295,0.97124,0.97236,0,0
2015-01-09,22:00:00,0.97236,0.97375,0.97236,0.97367,0,0
2015-01-09,23:00:00,0.97357,0.97357,0.97357,0.97357,0,0
