Date,Time,Open,High,Low,Close,Volume,OpenInt
2014-10-13,01:00:00,0.83038,0.83061,0.82709,0.8271,0,0
2014-10-13,02:00:00,0.82703,0.82999,0.82662,0.82969,0,0
2014-10-13,03:00:00,0.82969,0.83102,0.82754,0.8308,0,0
2014-10-13,04:00:00,0.83078,0.83207,0.83011,0.83161,0,0
2014-10-13,05:00:00,0.83153,0.83314,0.83101,0.83154,0,0
2014-10-13,06:00:00,0.83147,0.83202,0.8307,0.83175,0,0
2014-10-13,07:00:00,0.83174,0.83288,0.83171,0.83259,0,0
2014-10-13,08:00:00,0.83257,0.83299,0.83206,0.83217,0,0
2014-10-13,09:00:00,0.83222,0.83261,0.83007,0.83152,0,0
2014-10-13,10:00:00,0.83155,0.83239,0.83124,0.83239,0,0
2014-10-13,11:00:00,0.83235,0.83292,0.83188,0.83268,0,0
2014-10-13,12:00:00,0.83264,0.83387,0.83228,0.83349,0,0
2014-10-13,13:00:00,0.83351,0.83472,0.83325,0.83383,0,0
2014-10-13,14:00:00,0.83388,0.83465,0.83324,0.83333,0,0
2014-10-13,15:00:00,0.83334,0.83516,0.83315,0.83488,0,0
2014-10-13,16:00:00,0.83488,0.83583,0.83421,0.83562,0,0
2014-10-13,17:00:00,0.83565,0.83594,0.83297,0.83346,0,0
2014-10-13,18:00:00,0.83364,0.83469,0.83295,0.83404,0,0
2014-10-13,19:00:00,0.83403,0.83506,0.83384,0.83485,0,0
2014-10-13,20:00:00,0.83488,0.83594,0.83466,0.8353,0,0
2014-10-13,21:00:00,0.83533,0.8359,0.8349,0.83506,0,0
2014-10-13,22:00:00,0.83511,0.83567,0.83373,0.83373,0,0
2014-10-13,23:00:00,0.83374,0.83422,0.83083,0.8313,0,0
2014-10-13,23:59:00,0.83131,0.83162,0.83012,0.8308,0,0
2014-10-14,01:00:00,0.8308,0.83157,0.83042,0.83083,0,0
2014-10-14,02:00:00,0.83083,0.83166,0.8302,0.8315,0,0
2014-10-14,03:00:00,0.8315,0.8318,0.83031,0.83103,0,0
2014-10-14,04:00:00,0.83104,0.83423,0.83074,0.83394,0,0
2014-10-14,05:00:00,0.83394,0.8368,0.83387,0.83594,0,0
2014-10-14,06:00:00,0.83594,0.83675,0.83551,0.83557,0,0
2014-10-14,07:00:00,0.83556,0.83597,0.83515,0.83562,0,0
2014-10-14,08:00:00,0.83562,0.83597,0.83432,0.83528,0,0
2014-10-14,09:00:00,0.8352,0.8355,0.83395,0.83483,0,0
2014-10-14,10:00:00,0.8348,0.83538,0.83295,0.83295,0,0
2014-10-14,11:00:00,0.83291,0.83314,0.83134,0.83288,0,0
2014-10-14,12:00:00,0.8328,0.83465,0.83273,0.8335,0,0
2014-10-14,13:00:00,0.83357,0.83423,0.83283,0.83411,0,0
2014-10-14,14:00:00,0.83415,0.83421,0.8326,0.83413,0,0
2014-10-14,15:00:00,0.83408,0.8353,0.8338,0.835,0,0
2014-10-14,16:00:00,0.83504,0.8351,0.8324,0.8324,0,0
2014-10-14,17:00:00,0.83243,0.83293,0.83093,0.83162,0,0
2014-10-14,18:00:00,0.83181,0.83231,0.83126,0.8321,0,0
2014-10-14,19:00:00,0.83209,0.83276,0.83153,0.83224,0,0
2014-10-14,20:00:00,0.83232,0.8326,0.83193,0.83236,0,0
2014-10-14,21:00:00,0.83236,0.83296,0.83077,0.83092,0,0
2014-10-14,22:00:00,0.83095,0.8314,0.82993,0.83032,0,0
2014-10-14,23:00:00,0.83042,0.83101,0.83024,0.8309,0,0
2014-10-14,23:59:00,0.83087,0.83182,0.83065,0.83152,0,0
2014-10-15,01:00:00,0.83156,0.83198,0.83096,0.83136,0,0
2014-10-15,02:00:00,0.83137,0.83179,0.83064,0.83154,0,0
2014-10-15,03:00:00,0.83152,0.83152,0.82944,0.82954,0,0
2014-10-15,04:00:00,0.82956,0.83231,0.82931,0.8317,0,0
2014-10-15,05:00:00,0.8317,0.83211,0.83085,0.83135,0,0
2014-10-15,06:00:00,0.83133,0.83243,0.8313,0.83206,0,0
2014-10-15,07:00:00,0.83208,0.83285,0.83158,0.83277,0,0
2014-10-15,08:00:00,0.83288,0.83395,0.83243,0.83375,0,0
2014-10-15,09:00:00,0.83383,0.83505,0.83324,0.83424,0,0
2014-10-15,10:00:00,0.83418,0.83441,0.83301,0.83337,0,0
2014-10-15,11:00:00,0.83322,0.83332,0.83123,0.83255,0,0
2014-10-15,12:00:00,0.83255,0.83367,0.83072,0.83192,0,0
2014-10-15,13:00:00,0.83193,0.83345,0.8319,0.83318,0,0
2014-10-15,14:00:00,0.83321,0.83354,0.83073,0.83118,0,0
2014-10-15,15:00:00,0.83122,0.83161,0.8299,0.83046,0,0
2014-10-15,16:00:00,0.8305,0.83186,0.82885,0.83111,0,0
2014-10-15,17:00:00,0.83119,0.8324,0.83011,0.83102,0,0
2014-10-15,18:00:00,0.83107,0.83226,0.82916,0.83026,0,0
2014-10-15,19:00:00,0.83017,0.83019,0.82813,0.82854,0,0
2014-10-15,20:00:00,0.82851,0.82851,0.82272,0.82457,0,0
2014-10-15,21:00:00,0.82457,0.8284,0.82378,0.82801,0,0
2014-10-15,22:00:00,0.82806,0.83049,0.8276,0.8303,0,0
2014-10-15,23:00:00,0.83007,0.83066,0.82927,0.8298,0,0
2014-10-15,23:59:00,0.82959,0.83008,0.82902,0.82974,0,0
2014-10-16,01:00:00,0.82964,0.82972,0.8281,0.82816,0,0
2014-10-16,02:00:00,0.82816,0.82853,0.82656,0.82782,0,0
2014-10-16,03:00:00,0.82778,0.82895,0.82722,0.82786,0,0
2014-10-16,04:00:00,0.82791,0.8287,0.82713,0.8283,0,0
2014-10-16,05:00:00,0.82828,0.82842,0.8267,0.82772,0,0
2014-10-16,06:00:00,0.82771,0.8281,0.82706,0.82726,0,0
2014-10-16,07:00:00,0.82726,0.82771,0.82677,0.82717,0,0
2014-10-16,08:00:00,0.82718,0.82829,0.82711,0.82804,0,0
2014-10-16,09:00:00,0.82809,0.82835,0.82624,0.82691,0,0
2014-10-16,10:00:00,0.82692,0.82755,0.8251,0.82601,0,0
2014-10-16,11:00:00,0.82607,0.82614,0.82284,0.82306,0,0
2014-10-16,12:00:00,0.82309,0.82358,0.82009,0.82233,0,0
2014-10-16,13:00:00,0.8224,0.82563,0.8223,0.82444,0,0
2014-10-16,14:00:00,0.8245,0.82509,0.82328,0.82458,0,0
2014-10-16,15:00:00,0.82468,0.82468,0.82167,0.82336,0,0
2014-10-16,16:00:00,0.82336,0.82652,0.82294,0.82624,0,0
2014-10-16,17:00:00,0.82591,0.82818,0.82502,0.82761,0,0
2014-10-16,18:00:00,0.82759,0.8283,0.82541,0.82612,0,0
2014-10-16,19:00:00,0.82607,0.82703,0.82534,0.82604,0,0
2014-10-16,20:00:00,0.82608,0.82695,0.82563,0.82587,0,0
2014-10-16,21:00:00,0.82593,0.82697,0.82578,0.82665,0,0
2014-10-16,22:00:00,0.82667,0.8272,0.82559,0.82559,0,0
2014-10-16,23:00:00,0.82556,0.82602,0.82495,0.82512,0,0
2014-10-16,23:59:00,0.82482,0.82553,0.82452,0.82495,0,0
2014-10-17,01:00:00,0.82507,0.82567,0.82391,0.82527,0,0
2014-10-17,02:00:00,0.8252,0.82695,0.82517,0.82692,0,0
2014-10-17,03:00:00,0.82687,0.82786,0.82666,0.82676,0,0
2014-10-17,04:00:00,0.82677,0.82855,0.82663,0.82845,0,0
2014-10-17,05:00:00,0.82846,0.82848,0.8267,0.82678,0,0
2014-10-17,06:00:00,0.82676,0.82704,0.82483,0.82498,0,0
2014-10-17,07:00:00,0.82498,0.82648,0.82443,0.82517,0,0
2014-10-17,08:00:00,0.82524,0.82542,0.82383,0.82438,0,0
2014-10-17,09:00:00,0.82439,0.82554,0.82374,0.82554,0,0
2014-10-17,10:00:00,0.82554,0.82867,0.82467,0.82843,0,0
2014-10-17,11:00:00,0.82845,0.82851,0.82612,0.82685,0,0
2014-10-17,12:00:00,0.82686,0.82772,0.82633,0.82702,0,0
2014-10-17,13:00:00,0.82702,0.82863,0.82682,0.8277,0,0
2014-10-17,14:00:00,0.82766,0.82786,0.82687,0.82687,0,0
2014-10-17,15:00:00,0.82689,0.82887,0.82665,0.82769,0,0
2014-10-17,16:00:00,0.82762,0.82823,0.82652,0.82797,0,0
2014-10-17,17:00:00,0.82791,0.82911,0.8273,0.82782,0,0
2014-10-17,18:00:00,0.82791,0.82977,0.82777,0.8294,0,0
2014-10-17,19:00:00,0.82934,0.82941,0.8287,0.82896,0,0
2014-10-17,20:00:00,0.82894,0.82915,0.82814,0.82878,0,0
2014-10-17,21:00:00,0.82885,0.82894,0.8278,0.82815,0,0
2014-10-17,22:00:00,0.82827,0.82926,0.82797,0.82918,0,0
2014-10-17,23:00:00,0.82917,0.82917,0.82917,0.82917,0,0
2014-10-20,01:00:00,0.82953,0.82986,0.82883,0.82883,0,0
2014-10-20,02:00:00,0.82878,0.83043,0.82878,0.82912,0,0
2014-10-20,03:00:00,0.82913,0.83066,0.82912,0.83018,0,0
2014-10-20,04:00:00,0.83017,0.83096,0.82997,0.83069,0,0
2014-10-20,05:00:00,0.83073,0.8312,0.83002,0.83077,0,0
2014-10-20,06:00:00,0.83074,0.83097,0.83006,0.83047,0,0
2014-10-20,07:00:00,0.83048,0.83086,0.83028,0.83061,0,0
2014-10-20,08:00:00,0.83062,0.83071,0.83018,0.83039,0,0
2014-10-20,09:00:00,0.83041,0.83051,0.82872,0.82998,0,0
2014-10-20,10:00:00,0.82997,0.82997,0.82732,0.82732,0,0
2014-10-20,11:00:00,0.82744,0.82858,0.82711,0.82803,0,0
2014-10-20,12:00:00,0.82797,0.82919,0.82793,0.8282,0,0
2014-10-20,13:00:00,0.82821,0.82919,0.82745,0.82748,0,0
2014-10-20,14:00:00,0.82757,0.82783,0.82634,0.82782,0,0
2014-10-20,15:00:00,0.8278,0.8292,0.82773,0.82916,0,0
2014-10-20,16:00:00,0.82918,0.83023,0.82877,0.82967,0,0
2014-10-20,17:00:00,0.82965,0.831,0.82889,0.82892,0,0
2014-10-20,18:00:00,0.82895,0.82915,0.82843,0.82908,0,0
2014-10-20,19:00:00,0.82909,0.82939,0.82839,0.82839,0,0
2014-10-20,20:00:00,0.8284,0.82886,0.82826,0.82866,0,0
2014-10-20,21:00:00,0.82868,0.82906,0.82787,0.82809,0,0
2014-10-20,22:00:00,0.82812,0.82908,0.82803,0.82882,0,0
2014-10-20,23:00:00,0.82884,0.82893,0.82778,0.82791,0,0
2014-10-20,23:59:00,0.82763,0.82847,0.82734,0.82801,0,0
2014-10-21,01:00:00,0.82793,0.82917,0.8279,0.8289,0,0
2014-10-21,02:00:00,0.82884,0.8291,0.82759,0.82777,0,0
2014-10-21,03:00:00,0.82777,0.82916,0.8275,0.82839,0,0
2014-10-21,04:00:00,0.82839,0.82841,0.82653,0.82653,0,0
2014-10-21,05:00:00,0.82762,0.83069,0.82745,0.82934,0,0
2014-10-21,06:00:00,0.82934,0.82991,0.82899,0.82956,0,0
2014-10-21,07:00:00,0.82959,0.83065,0.82954,0.82969,0,0
2014-10-21,08:00:00,0.82962,0.83008,0.82866,0.83005,0,0
2014-10-21,09:00:00,0.83001,0.83022,0.82807,0.82827,0,0
2014-10-21,10:00:00,0.82828,0.82905,0.82743,0.82856,0,0
2014-10-21,11:00:00,0.82856,0.82929,0.82816,0.82826,0,0
2014-10-21,12:00:00,0.82823,0.83335,0.82807,0.83325,0,0
2014-10-21,13:00:00,0.83318,0.83358,0.83212,0.83251,0,0
2014-10-21,14:00:00,0.83244,0.83439,0.83208,0.83217,0,0
2014-10-21,15:00:00,0.83228,0.83446,0.832,0.83439,0,0
2014-10-21,16:00:00,0.8344,0.835,0.83386,0.83477,0,0
2014-10-21,17:00:00,0.83475,0.83647,0.83356,0.83454,0,0
2014-10-21,18:00:00,0.83466,0.83497,0.83227,0.83392,0,0
2014-10-21,19:00:00,0.83393,0.83451,0.83322,0.83322,0,0
2014-10-21,20:00:00,0.83322,0.83399,0.83305,0.83305,0,0
2014-10-21,21:00:00,0.83298,0.83308,0.83199,0.8326,0,0
2014-10-21,22:00:00,0.83242,0.83341,0.8322,0.83318,0,0
2014-10-21,23:00:00,0.8331,0.83352,0.8329,0.83324,0,0
2014-10-21,23:59:00,0.83305,0.83364,0.83265,0.83327,0,0
2014-10-22,01:00:00,0.83329,0.83334,0.83178,0.83178,0,0
2014-10-22,02:00:00,0.83179,0.83259,0.83171,0.83249,0,0
2014-10-22,03:00:00,0.83247,0.83408,0.83036,0.83318,0,0
2014-10-22,04:00:00,0.8332,0.83328,0.83201,0.83267,0,0
2014-10-22,05:00:00,0.83267,0.83375,0.83263,0.83361,0,0
2014-10-22,06:00:00,0.83362,0.83396,0.83337,0.83357,0,0
2014-10-22,07:00:00,0.8336,0.83398,0.83332,0.83363,0,0
2014-10-22,08:00:00,0.83361,0.83366,0.83296,0.83339,0,0
2014-10-22,09:00:00,0.83324,0.8337,0.83237,0.83292,0,0
2014-10-22,10:00:00,0.83286,0.83378,0.83254,0.8332,0,0
2014-10-22,11:00:00,0.83316,0.8354,0.83316,0.83533,0,0
2014-10-22,12:00:00,0.83529,0.83548,0.83463,0.83526,0,0
2014-10-22,13:00:00,0.83533,0.83538,0.83442,0.83503,0,0
2014-10-22,14:00:00,0.83507,0.83591,0.83429,0.83534,0,0
2014-10-22,15:00:00,0.83528,0.83665,0.83506,0.83549,0,0
2014-10-22,16:00:00,0.83552,0.83672,0.83497,0.8366,0,0
2014-10-22,17:00:00,0.83663,0.83837,0.83663,0.83822,0,0
2014-10-22,18:00:00,0.83833,0.83968,0.8378,0.83792,0,0
2014-10-22,19:00:00,0.83794,0.83794,0.8366,0.83683,0,0
2014-10-22,20:00:00,0.83684,0.83764,0.83656,0.83729,0,0
2014-10-22,21:00:00,0.83728,0.83788,0.83714,0.83749,0,0
2014-10-22,22:00:00,0.83747,0.83771,0.83659,0.83671,0,0
2014-10-22,23:00:00,0.8368,0.83785,0.83642,0.83692,0,0
2014-10-22,23:59:00,0.83701,0.83741,0.83514,0.83579,0,0
2014-10-23,01:00:00,0.83574,0.8371,0.83565,0.83619,0,0
2014-10-23,02:00:00,0.83612,0.83667,0.83582,0.83632,0,0
2014-10-23,03:00:00,0.83633,0.83664,0.83518,0.83535,0,0
2014-10-23,04:00:00,0.83535,0.8372,0.83533,0.83585,0,0
2014-10-23,05:00:00,0.83588,0.83704,0.83581,0.83631,0,0
2014-10-23,06:00:00,0.83631,0.83653,0.83569,0.83569,0,0
2014-10-23,07:00:00,0.83569,0.83626,0.83563,0.83626,0,0
2014-10-23,08:00:00,0.83624,0.83628,0.83551,0.83551,0,0
2014-10-23,09:00:00,0.83557,0.83712,0.8354,0.83681,0,0
2014-10-23,10:00:00,0.83712,0.83867,0.83688,0.83836,0,0
2014-10-23,11:00:00,0.83849,0.83849,0.83614,0.83655,0,0
2014-10-23,12:00:00,0.83656,0.83754,0.83644,0.83709,0,0
2014-10-23,13:00:00,0.83716,0.8373,0.8359,0.83634,0,0
2014-10-23,14:00:00,0.83635,0.83883,0.83604,0.83787,0,0
2014-10-23,15:00:00,0.83785,0.83822,0.83686,0.83687,0,0
2014-10-23,16:00:00,0.83697,0.83712,0.8357,0.8369,0,0
2014-10-23,17:00:00,0.83688,0.83725,0.83537,0.83598,0,0
2014-10-23,18:00:00,0.83604,0.83679,0.83564,0.83639,0,0
2014-10-23,19:00:00,0.83645,0.83665,0.8356,0.83598,0,0
2014-10-23,20:00:00,0.83597,0.83607,0.83509,0.83573,0,0
2014-10-23,21:00:00,0.83572,0.83594,0.83487,0.83509,0,0
2014-10-23,22:00:00,0.83526,0.83535,0.8344,0.83484,0,0
2014-10-23,23:00:00,0.83493,0.83593,0.83488,0.83575,0,0
2014-10-23,23:59:00,0.83569,0.83622,0.83514,0.83569,0,0
2014-10-24,01:00:00,0.83569,0.83586,0.83521,0.8355,0,0
2014-10-24,02:00:00,0.83545,0.83555,0.83487,0.8351,0,0
2014-10-24,03:00:00,0.83503,0.83514,0.83118,0.8321,0,0
2014-10-24,04:00:00,0.83208,0.83329,0.83179,0.83323,0,0
2014-10-24,05:00:00,0.83327,0.83359,0.83311,0.83335,0,0
2014-10-24,06:00:00,0.83335,0.8351,0.83309,0.83447,0,0
2014-10-24,07:00:00,0.83447,0.83536,0.83423,0.83491,0,0
2014-10-24,08:00:00,0.83485,0.83622,0.83467,0.83554,0,0
2014-10-24,09:00:00,0.83554,0.83554,0.83488,0.83499,0,0
2014-10-24,10:00:00,0.835,0.83669,0.83483,0.83633,0,0
2014-10-24,11:00:00,0.83637,0.83753,0.83595,0.83607,0,0
2014-10-24,12:00:00,0.83602,0.83747,0.83602,0.83706,0,0
2014-10-24,13:00:00,0.83704,0.83741,0.83636,0.83672,0,0
2014-10-24,14:00:00,0.8367,0.83709,0.836,0.8368,0,0
2014-10-24,15:00:00,0.83683,0.83899,0.83646,0.83771,0,0
2014-10-24,16:00:00,0.83778,0.83874,0.83756,0.83837,0,0
2014-10-24,17:00:00,0.83848,0.83872,0.83755,0.83767,0,0
2014-10-24,18:00:00,0.83756,0.8387,0.83754,0.83826,0,0
2014-10-24,19:00:00,0.83821,0.83878,0.83797,0.83804,0,0
2014-10-24,20:00:00,0.83805,0.83841,0.83781,0.83817,0,0
2014-10-24,21:00:00,0.83815,0.83883,0.83745,0.83761,0,0
2014-10-24,22:00:00,0.8376,0.83823,0.83741,0.83752,0,0
2014-10-24,23:00:00,0.83755,0.83757,0.83755,0.83757,0,0
2014-10-27,01:00:00,0.83744,0.83786,0.83688,0.83782,0,0
2014-10-27,02:00:00,0.83788,0.83862,0.8378,0.83815,0,0
2014-10-27,03:00:00,0.83814,0.83847,0.83659,0.83704,0,0
2014-10-27,04:00:00,0.83705,0.83765,0.83659,0.8373,0,0
2014-10-27,05:00:00,0.83737,0.83743,0.83652,0.83687,0,0
2014-10-27,06:00:00,0.83688,0.83731,0.83678,0.83718,0,0
2014-10-27,07:00:00,0.83721,0.83726,0.83679,0.83711,0,0
2014-10-27,08:00:00,0.83709,0.83735,0.8363,0.83641,0,0
2014-10-27,09:00:00,0.83638,0.83703,0.83579,0.83593,0,0
2014-10-27,10:00:00,0.83591,0.83616,0.83558,0.83599,0,0
2014-10-27,11:00:00,0.83606,0.83793,0.83591,0.83732,0,0
2014-10-27,12:00:00,0.83733,0.83812,0.83689,0.83719,0,0
2014-10-27,13:00:00,0.83722,0.83766,0.83642,0.83694,0,0
2014-10-27,14:00:00,0.83696,0.83703,0.83591,0.83606,0,0
2014-10-27,15:00:00,0.83609,0.83653,0.83585,0.83614,0,0
2014-10-27,16:00:00,0.83604,0.8361,0.83437,0.83553,0,0
2014-10-27,17:00:00,0.83548,0.83556,0.83447,0.83447,0,0
2014-10-27,18:00:00,0.8344,0.83546,0.83426,0.83521,0,0
2014-10-27,19:00:00,0.83521,0.83585,0.83512,0.83532,0,0
2014-10-27,20:00:00,0.83528,0.83546,0.83509,0.83546,0,0
2014-10-27,21:00:00,0.83546,0.83546,0.83499,0.83534,0,0
2014-10-27,22:00:00,0.83534,0.83579,0.83525,0.83566,0,0
2014-10-27,23:00:00,0.83567,0.83585,0.83525,0.83568,0,0
2014-10-27,23:59:00,0.83563,0.83563,0.83522,0.83526,0,0
2014-10-28,01:00:00,0.83535,0.8358,0.8351,0.83561,0,0
2014-10-28,02:00:00,0.83573,0.83619,0.83537,0.83613,0,0
2014-10-28,03:00:00,0.83612,0.83676,0.83603,0.83644,0,0
2014-10-28,04:00:00,0.83647,0.83668,0.836,0.83636,0,0
2014-10-28,05:00:00,0.83636,0.83748,0.83623,0.83692,0,0
2014-10-28,06:00:00,0.83691,0.83711,0.83665,0.83689,0,0
2014-10-28,07:00:00,0.83689,0.83715,0.83671,0.83704,0,0
2014-10-28,08:00:00,0.83694,0.83761,0.83692,0.83717,0,0
2014-10-28,09:00:00,0.83718,0.83827,0.83717,0.83735,0,0
2014-10-28,10:00:00,0.83735,0.83823,0.8373,0.83823,0,0
2014-10-28,11:00:00,0.83828,0.83932,0.83808,0.83881,0,0
2014-10-28,12:00:00,0.83881,0.83966,0.8383,0.83926,0,0
2014-10-28,13:00:00,0.83925,0.83968,0.83818,0.83936,0,0
2014-10-28,14:00:00,0.83937,0.83983,0.83817,0.83839,0,0
2014-10-28,15:00:00,0.8384,0.83906,0.83759,0.83818,0,0
2014-10-28,16:00:00,0.83822,0.83882,0.83706,0.83727,0,0
2014-10-28,17:00:00,0.83724,0.83798,0.83709,0.83712,0,0
2014-10-28,18:00:00,0.83713,0.83813,0.8371,0.83801,0,0
2014-10-28,19:00:00,0.83798,0.8386,0.83772,0.8385,0,0
2014-10-28,20:00:00,0.83849,0.83849,0.83773,0.83837,0,0
2014-10-28,21:00:00,0.8385,0.83915,0.83831,0.8388,0,0
2014-10-28,22:00:00,0.83882,0.83904,0.83858,0.83858,0,0
2014-10-28,23:00:00,0.83846,0.83888,0.83804,0.83827,0,0
2014-10-28,23:59:00,0.83827,0.83863,0.838,0.83813,0,0
2014-10-29,01:00:00,0.83813,0.83901,0.83812,0.83869,0,0
2014-10-29,02:00:00,0.83882,0.83947,0.83853,0.83912,0,0
2014-10-29,03:00:00,0.83908,0.83944,0.83861,0.83897,0,0
2014-10-29,04:00:00,0.83896,0.83941,0.83887,0.83906,0,0
2014-10-29,05:00:00,0.83905,0.83938,0.83882,0.83926,0,0
2014-10-29,06:00:00,0.83922,0.83959,0.83905,0.83957,0,0
2014-10-29,07:00:00,0.83958,0.83966,0.83909,0.83909,0,0
2014-10-29,08:00:00,0.8391,0.83947,0.83878,0.83878,0,0
2014-10-29,09:00:00,0.83881,0.8402,0.83876,0.83993,0,0
2014-10-29,10:00:00,0.84,0.8412,0.83992,0.84081,0,0
2014-10-29,11:00:00,0.84079,0.84142,0.84035,0.84106,0,0
2014-10-29,12:00:00,0.84104,0.84106,0.84012,0.84046,0,0
2014-10-29,13:00:00,0.84049,0.84169,0.84006,0.84162,0,0
2014-10-29,14:00:00,0.8416,0.84183,0.84093,0.84142,0,0
2014-10-29,15:00:00,0.8414,0.84202,0.84101,0.84132,0,0
2014-10-29,16:00:00,0.84148,0.84193,0.84065,0.84095,0,0
2014-10-29,17:00:00,0.84096,0.84144,0.84021,0.84139,0,0
2014-10-29,18:00:00,0.84131,0.84131,0.84037,0.84078,0,0
2014-10-29,19:00:00,0.84077,0.84162,0.83971,0.84039,0,0
2014-10-29,20:00:00,0.84033,0.84039,0.83765,0.83945,0,0
2014-10-29,21:00:00,0.83954,0.83978,0.83796,0.83947,0,0
2014-10-29,22:00:00,0.83954,0.83998,0.83764,0.83998,0,0
2014-10-29,23:00:00,0.83987,0.83989,0.83866,0.83913,0,0
2014-10-29,23:59:00,0.83913,0.83987,0.83862,0.8387,0,0
2014-10-30,01:00:00,0.83872,0.83909,0.83678,0.83723,0,0
2014-10-30,02:00:00,0.83725,0.83879,0.83682,0.8384,0,0
2014-10-30,03:00:00,0.83835,0.83849,0.83738,0.8382,0,0
2014-10-30,04:00:00,0.83821,0.83878,0.83816,0.83851,0,0
2014-10-30,05:00:00,0.83856,0.83863,0.83768,0.83796,0,0
2014-10-30,06:00:00,0.83797,0.83871,0.8379,0.83858,0,0
2014-10-30,07:00:00,0.83865,0.83954,0.83855,0.83912,0,0
2014-10-30,08:00:00,0.83916,0.8399,0.83874,0.83981,0,0
2014-10-30,09:00:00,0.83991,0.84077,0.83974,0.83986,0,0
2014-10-30,10:00:00,0.83986,0.84256,0.83986,0.84256,0,0
2014-10-30,11:00:00,0.84252,0.84359,0.8422,0.84251,0,0
2014-10-30,12:00:00,0.84238,0.84279,0.84117,0.84207,0,0
2014-10-30,13:00:00,0.84208,0.84238,0.84118,0.84171,0,0
2014-10-30,14:00:00,0.8417,0.8432,0.84066,0.84302,0,0
2014-10-30,15:00:00,0.84297,0.84305,0.84164,0.84178,0,0
2014-10-30,16:00:00,0.84175,0.84277,0.84135,0.84249,0,0
2014-10-30,17:00:00,0.84254,0.84317,0.84173,0.84287,0,0
2014-10-30,18:00:00,0.84277,0.84388,0.84276,0.84384,0,0
2014-10-30,19:00:00,0.84384,0.84444,0.84333,0.84371,0,0
2014-10-30,20:00:00,0.84371,0.84489,0.8436,0.84408,0,0
2014-10-30,21:00:00,0.84408,0.84465,0.84388,0.84452,0,0
2014-10-30,22:00:00,0.84451,0.84469,0.84398,0.8444,0,0
2014-10-30,23:00:00,0.84422,0.84579,0.84405,0.84487,0,0
2014-10-30,23:59:00,0.84485,0.84485,0.84389,0.84427,0,0
2014-10-31,01:00:00,0.84434,0.84455,0.84345,0.84397,0,0
2014-10-31,02:00:00,0.84398,0.84423,0.84306,0.84333,0,0
2014-10-31,03:00:00,0.84333,0.84459,0.84322,0.84449,0,0
2014-10-31,04:00:00,0.84449,0.84463,0.84381,0.84408,0,0
2014-10-31,05:00:00,0.84405,0.84478,0.84386,0.84411,0,0
2014-10-31,06:00:00,0.84415,0.84462,0.84238,0.84335,0,0
2014-10-31,07:00:00,0.84337,0.84426,0.84239,0.84356,0,0
2014-10-31,08:00:00,0.84384,0.84516,0.84341,0.8449,0,0
2014-10-31,09:00:00,0.84481,0.84669,0.84372,0.84546,0,0
2014-10-31,10:00:00,0.84546,0.84625,0.84502,0.84557,0,0
2014-10-31,11:00:00,0.84564,0.8462,0.84537,0.84584,0,0
2014-10-31,12:00:00,0.8453,0.84698,0.84466,0.84638,0,0
2014-10-31,13:00:00,0.84647,0.84744,0.84571,0.8465,0,0
2014-10-31,14:00:00,0.8466,0.84816,0.84557,0.84691,0,0
2014-10-31,15:00:00,0.84674,0.84762,0.84582,0.84707,0,0
2014-10-31,16:00:00,0.84702,0.84728,0.84551,0.84612,0,0
2014-10-31,17:00:00,0.84612,0.84704,0.84576,0.84586,0,0
2014-10-31,18:00:00,0.8459,0.84732,0.84539,0.84727,0,0
2014-10-31,19:00:00,0.84724,0.84724,0.84593,0.84606,0,0
2014-10-31,20:00:00,0.84606,0.84676,0.84583,0.84655,0,0
2014-10-31,21:00:00,0.84654,0.84693,0.84622,0.84651,0,0
2014-10-31,22:00:00,0.8466,0.84705,0.84619,0.84646,0,0
2014-10-31,23:00:00,0.84649,0.84649,0.84649,0.84649,0,0
2014-11-03,01:00:00,0.84449,0.84465,0.84326,0.844,0,0
2014-11-03,02:00:00,0.84401,0.84439,0.84129,0.84257,0,0
2014-11-03,03:00:00,0.84267,0.84328,0.8418,0.84291,0,0
2014-11-03,04:00:00,0.84291,0.84305,0.84228,0.84281,0,0
2014-11-03,05:00:00,0.84282,0.84341,0.84246,0.84303,0,0
2014-11-03,06:00:00,0.84295,0.84411,0.84286,0.84373,0,0
2014-11-03,07:00:00,0.84371,0.84403,0.84349,0.8439,0,0
2014-11-03,08:00:00,0.84386,0.84442,0.84379,0.84416,0,0
2014-11-03,09:00:00,0.84416,0.84423,0.84292,0.8434,0,0
2014-11-03,10:00:00,0.84336,0.84465,0.84322,0.84324,0,0
2014-11-03,11:00:00,0.8432,0.84413,0.84295,0.84342,0,0
2014-11-03,12:00:00,0.84336,0.84369,0.842,0.84246,0,0
2014-11-03,13:00:00,0.84241,0.84267,0.84029,0.84113,0,0
2014-11-03,14:00:00,0.8411,0.84121,0.84042,0.84085,0,0
2014-11-03,15:00:00,0.84063,0.84081,0.83966,0.83984,0,0
2014-11-03,16:00:00,0.83983,0.8403,0.83897,0.83903,0,0
2014-11-03,17:00:00,0.83903,0.84073,0.83903,0.84053,0,0
2014-11-03,18:00:00,0.84053,0.84098,0.83959,0.83985,0,0
2014-11-03,19:00:00,0.8399,0.83996,0.83873,0.83952,0,0
2014-11-03,20:00:00,0.83945,0.83973,0.83898,0.83941,0,0
2014-11-03,21:00:00,0.83943,0.83957,0.83791,0.83798,0,0
2014-11-03,22:00:00,0.83805,0.8387,0.83779,0.83845,0,0
2014-11-03,23:00:00,0.83844,0.83882,0.83765,0.83825,0,0
2014-11-03,23:59:00,0.83825,0.83899,0.83764,0.83854,0,0
2014-11-04,01:00:00,0.83854,0.83932,0.83818,0.83846,0,0
2014-11-04,02:00:00,0.83849,0.83964,0.83428,0.83656,0,0
2014-11-04,03:00:00,0.83657,0.83865,0.83657,0.83815,0,0
2014-11-04,04:00:00,0.83815,0.83893,0.8374,0.83764,0,0
2014-11-04,05:00:00,0.83765,0.84089,0.83705,0.8401,0,0
2014-11-04,06:00:00,0.84011,0.84083,0.8398,0.84006,0,0
2014-11-04,07:00:00,0.84006,0.84036,0.83935,0.84028,0,0
2014-11-04,08:00:00,0.84028,0.84104,0.84012,0.84104,0,0
2014-11-04,09:00:00,0.84106,0.8413,0.83987,0.83992,0,0
2014-11-04,10:00:00,0.83995,0.84073,0.83949,0.84062,0,0
2014-11-04,11:00:00,0.84069,0.84215,0.84027,0.84174,0,0
2014-11-04,12:00:00,0.8417,0.84215,0.8409,0.84122,0,0
2014-11-04,13:00:00,0.84123,0.84209,0.84109,0.84199,0,0
2014-11-04,14:00:00,0.84206,0.84209,0.84027,0.84071,0,0
2014-11-04,15:00:00,0.84071,0.84107,0.83927,0.84059,0,0
2014-11-04,16:00:00,0.84058,0.84084,0.83949,0.83981,0,0
2014-11-04,17:00:00,0.83965,0.83973,0.83587,0.83638,0,0
2014-11-04,18:00:00,0.83642,0.8381,0.83635,0.83747,0,0
2014-11-04,19:00:00,0.83743,0.83832,0.83725,0.83827,0,0
2014-11-04,20:00:00,0.8383,0.83856,0.83771,0.83812,0,0
2014-11-04,21:00:00,0.83814,0.83867,0.83757,0.83867,0,0
2014-11-04,22:00:00,0.83863,0.83915,0.83854,0.83893,0,0
2014-11-04,23:00:00,0.83893,0.83902,0.83809,0.8386,0,0
2014-11-04,23:59:00,0.83857,0.84031,0.83816,0.83979,0,0
2014-11-05,01:00:00,0.83979,0.84013,0.83901,0.83901,0,0
2014-11-05,02:00:00,0.83906,0.83915,0.83791,0.8382,0,0
2014-11-05,03:00:00,0.8382,0.83844,0.83728,0.83843,0,0
2014-11-05,04:00:00,0.83843,0.83964,0.8382,0.83898,0,0
2014-11-05,05:00:00,0.839,0.8391,0.83836,0.83874,0,0
2014-11-05,06:00:00,0.83874,0.83877,0.83725,0.83755,0,0
2014-11-05,07:00:00,0.83751,0.83812,0.83618,0.83687,0,0
2014-11-05,08:00:00,0.8369,0.83694,0.8346,0.83524,0,0
2014-11-05,09:00:00,0.83516,0.83605,0.83493,0.83604,0,0
2014-11-05,10:00:00,0.83607,0.83658,0.83502,0.83503,0,0
2014-11-05,11:00:00,0.83504,0.83609,0.83463,0.83518,0,0
2014-11-05,12:00:00,0.83519,0.83544,0.83099,0.83241,0,0
2014-11-05,13:00:00,0.83246,0.83268,0.83148,0.83148,0,0
2014-11-05,14:00:00,0.83157,0.83195,0.831,0.83113,0,0
2014-11-05,15:00:00,0.83112,0.8314,0.82946,0.82997,0,0
2014-11-05,16:00:00,0.82995,0.83002,0.82769,0.82855,0,0
2014-11-05,17:00:00,0.82826,0.82857,0.82678,0.82826,0,0
2014-11-05,18:00:00,0.82827,0.82863,0.82763,0.82814,0,0
2014-11-05,19:00:00,0.82807,0.82808,0.82677,0.82687,0,0
2014-11-05,20:00:00,0.8269,0.82735,0.82657,0.82675,0,0
2014-11-05,21:00:00,0.82674,0.82804,0.82659,0.82763,0,0
2014-11-05,22:00:00,0.82767,0.82868,0.82766,0.82846,0,0
2014-11-05,23:00:00,0.82847,0.82877,0.8281,0.82845,0,0
2014-11-05,23:59:00,0.82847,0.82861,0.82658,0.82703,0,0
2014-11-06,01:00:00,0.82701,0.82783,0.82608,0.82737,0,0
2014-11-06,02:00:00,0.82734,0.82926,0.8253,0.82593,0,0
2014-11-06,03:00:00,0.82596,0.82736,0.82589,0.82676,0,0
2014-11-06,04:00:00,0.82676,0.82836,0.82615,0.82617,0,0
2014-11-06,05:00:00,0.82624,0.82651,0.82496,0.82618,0,0
2014-11-06,06:00:00,0.82618,0.82787,0.82574,0.82787,0,0
2014-11-06,07:00:00,0.8278,0.82792,0.82687,0.82786,0,0
2014-11-06,08:00:00,0.82796,0.82815,0.8272,0.82745,0,0
2014-11-06,09:00:00,0.82739,0.82972,0.82731,0.82916,0,0
2014-11-06,10:00:00,0.82916,0.82966,0.8283,0.82958,0,0
2014-11-06,11:00:00,0.82958,0.83,0.82896,0.82936,0,0
2014-11-06,12:00:00,0.82943,0.82982,0.82888,0.82964,0,0
2014-11-06,13:00:00,0.82971,0.82973,0.82811,0.82859,0,0
2014-11-06,14:00:00,0.82865,0.82929,0.82828,0.82867,0,0
2014-11-06,15:00:00,0.82873,0.83437,0.82821,0.83306,0,0
2014-11-06,16:00:00,0.83306,0.83401,0.8321,0.83307,0,0
2014-11-06,17:00:00,0.83311,0.83332,0.8309,0.83184,0,0
2014-11-06,18:00:00,0.83186,0.83318,0.83165,0.83234,0,0
2014-11-06,19:00:00,0.83237,0.83266,0.83145,0.83164,0,0
2014-11-06,20:00:00,0.83162,0.83349,0.83148,0.83333,0,0
2014-11-06,21:00:00,0.83333,0.83353,0.83286,0.83314,0,0
2014-11-06,22:00:00,0.8331,0.83383,0.83275,0.83353,0,0
2014-11-06,23:00:00,0.83354,0.83367,0.8327,0.83291,0,0
2014-11-06,23:59:00,0.83284,0.83335,0.83246,0.83248,0,0
2014-11-07,01:00:00,0.83258,0.83309,0.83219,0.83293,0,0
2014-11-07,02:00:00,0.83296,0.83401,0.83167,0.83318,0,0
2014-11-07,03:00:00,0.83324,0.83366,0.83176,0.83265,0,0
2014-11-07,04:00:00,0.83264,0.83333,0.83239,0.83277,0,0
2014-11-07,05:00:00,0.83287,0.83291,0.83178,0.83241,0,0
2014-11-07,06:00:00,0.8324,0.83259,0.83138,0.83158,0,0
2014-11-07,07:00:00,0.83157,0.83252,0.83111,0.83188,0,0
2014-11-07,08:00:00,0.83188,0.83226,0.83149,0.83201,0,0
2014-11-07,09:00:00,0.83206,0.83393,0.83189,0.83359,0,0
2014-11-07,10:00:00,0.83359,0.83481,0.83337,0.8347,0,0
2014-11-07,11:00:00,0.83476,0.83498,0.83386,0.83486,0,0
2014-11-07,12:00:00,0.83489,0.83531,0.83468,0.83497,0,0
2014-11-07,13:00:00,0.83505,0.83512,0.8343,0.83511,0,0
2014-11-07,14:00:00,0.83515,0.83526,0.83383,0.83477,0,0
2014-11-07,15:00:00,0.83476,0.83631,0.83421,0.83566,0,0
2014-11-07,16:00:00,0.83564,0.83728,0.83524,0.83535,0,0
2014-11-07,17:00:00,0.83531,0.8355,0.83411,0.83459,0,0
2014-11-07,18:00:00,0.83457,0.83497,0.83399,0.83467,0,0
2014-11-07,19:00:00,0.83467,0.8354,0.83458,0.83514,0,0
2014-11-07,20:00:00,0.83504,0.83561,0.83451,0.83511,0,0
2014-11-07,21:00:00,0.83512,0.8358,0.83477,0.83523,0,0
2014-11-07,22:00:00,0.83518,0.83537,0.8339,0.83406,0,0
2014-11-07,23:00:00,0.83399,0.83399,0.83399,0.83399,0,0
2014-11-10,01:00:00,0.83376,0.83466,0.83361,0.8343,0,0
2014-11-10,02:00:00,0.83421,0.83512,0.83411,0.83479,0,0
2014-11-10,03:00:00,0.83498,0.83627,0.83497,0.83601,0,0
2014-11-10,04:00:00,0.83616,0.83668,0.83574,0.83591,0,0
2014-11-10,05:00:00,0.83591,0.83632,0.83571,0.83613,0,0
2014-11-10,06:00:00,0.83613,0.8363,0.83595,0.83607,0,0
2014-11-10,07:00:00,0.83607,0.83671,0.83588,0.83648,0,0
2014-11-10,08:00:00,0.83648,0.83682,0.83564,0.83566,0,0
2014-11-10,09:00:00,0.83572,0.83631,0.83543,0.83607,0,0
2014-11-10,10:00:00,0.83605,0.83662,0.83552,0.83571,0,0
2014-11-10,11:00:00,0.83577,0.83601,0.83524,0.83582,0,0
2014-11-10,12:00:00,0.83582,0.83584,0.83433,0.83455,0,0
2014-11-10,13:00:00,0.83455,0.83474,0.83384,0.83452,0,0
2014-11-10,14:00:00,0.83455,0.83503,0.83447,0.83481,0,0
2014-11-10,15:00:00,0.83492,0.83504,0.83443,0.83467,0,0
2014-11-10,16:00:00,0.83467,0.83552,0.83444,0.83552,0,0
2014-11-10,17:00:00,0.83552,0.83569,0.83445,0.83477,0,0
2014-11-10,18:00:00,0.83504,0.83515,0.83448,0.83452,0,0
2014-11-10,19:00:00,0.8345,0.83484,0.83446,0.83464,0,0
2014-11-10,20:00:00,0.83458,0.83486,0.83399,0.83403,0,0
2014-11-10,21:00:00,0.83407,0.83416,0.83337,0.83386,0,0
2014-11-10,22:00:00,0.834,0.83418,0.83364,0.83417,0,0
2014-11-10,23:00:00,0.83423,0.83462,0.8341,0.8346,0,0
2014-11-10,23:59:00,0.83442,0.83477,0.83416,0.83448,0,0
2014-11-11,01:00:00,0.83443,0.83548,0.83443,0.83473,0,0
2014-11-11,02:00:00,0.83472,0.83581,0.83407,0.83577,0,0
2014-11-11,03:00:00,0.83577,0.83652,0.83554,0.83593,0,0
2014-11-11,04:00:00,0.83606,0.83641,0.83548,0.83612,0,0
2014-11-11,05:00:00,0.83608,0.83665,0.83564,0.83587,0,0
2014-11-11,06:00:00,0.83589,0.83637,0.83433,0.83466,0,0
2014-11-11,07:00:00,0.83466,0.83539,0.83431,0.83537,0,0
2014-11-11,08:00:00,0.83558,0.83558,0.83371,0.83377,0,0
2014-11-11,09:00:00,0.83407,0.83453,0.83336,0.83366,0,0
2014-11-11,10:00:00,0.83375,0.83397,0.83285,0.83307,0,0
2014-11-11,11:00:00,0.83284,0.834,0.83272,0.83384,0,0
2014-11-11,12:00:00,0.83396,0.83478,0.83378,0.83446,0,0
2014-11-11,13:00:00,0.83445,0.83596,0.83445,0.8359,0,0
2014-11-11,14:00:00,0.83592,0.83622,0.8353,0.83572,0,0
2014-11-11,15:00:00,0.83563,0.83684,0.8354,0.83667,0,0
2014-11-11,16:00:00,0.83662,0.83722,0.83636,0.83713,0,0
2014-11-11,17:00:00,0.83711,0.83818,0.83673,0.83813,0,0
2014-11-11,18:00:00,0.8382,0.83875,0.83733,0.83789,0,0
2014-11-11,19:00:00,0.83789,0.83799,0.837,0.83704,0,0
2014-11-11,20:00:00,0.83716,0.8378,0.83687,0.83743,0,0
2014-11-11,21:00:00,0.83734,0.83938,0.83727,0.83912,0,0
2014-11-11,22:00:00,0.8392,0.83923,0.83864,0.83876,0,0
2014-11-11,23:00:00,0.83876,0.83877,0.83735,0.8376,0,0
2014-11-11,23:59:00,0.83763,0.8386,0.83745,0.83822,0,0
2014-11-12,01:00:00,0.83822,0.83966,0.83809,0.83946,0,0
2014-11-12,02:00:00,0.83945,0.83962,0.83811,0.83849,0,0
2014-11-12,03:00:00,0.83849,0.83937,0.83834,0.83882,0,0
2014-11-12,04:00:00,0.83869,0.83928,0.83842,0.8388,0,0
2014-11-12,05:00:00,0.8388,0.83914,0.8381,0.8381,0,0
2014-11-12,06:00:00,0.83813,0.83826,0.83683,0.83721,0,0
2014-11-12,07:00:00,0.8372,0.83855,0.83708,0.83771,0,0
2014-11-12,08:00:00,0.83762,0.83834,0.83719,0.83784,0,0
2014-11-12,09:00:00,0.83779,0.83935,0.83737,0.83898,0,0
2014-11-12,10:00:00,0.83873,0.83978,0.83843,0.83962,0,0
2014-11-12,11:00:00,0.83921,0.84113,0.83921,0.84086,0,0
2014-11-12,12:00:00,0.84115,0.84234,0.84072,0.84132,0,0
2014-11-12,13:00:00,0.84108,0.84134,0.8399,0.84077,0,0
2014-11-12,14:00:00,0.84073,0.84095,0.83954,0.83994,0,0
2014-11-12,15:00:00,0.83993,0.84009,0.83835,0.83983,0,0
2014-11-12,16:00:00,0.83993,0.84181,0.83986,0.84163,0,0
2014-11-12,17:00:00,0.84163,0.84241,0.84116,0.84131,0,0
2014-11-12,18:00:00,0.84132,0.84276,0.84109,0.84276,0,0
2014-11-12,19:00:00,0.84276,0.84354,0.84269,0.84279,0,0
2014-11-12,20:00:00,0.84271,0.84316,0.84246,0.84286,0,0
2014-11-12,21:00:00,0.84279,0.84285,0.84223,0.84268,0,0
2014-11-12,22:00:00,0.84274,0.84309,0.84244,0.84267,0,0
2014-11-12,23:00:00,0.84278,0.84291,0.84232,0.84236,0,0
2014-11-12,23:59:00,0.84236,0.84278,0.84171,0.84258,0,0
2014-11-13,01:00:00,0.84247,0.84283,0.84198,0.84223,0,0
2014-11-13,02:00:00,0.84224,0.84268,0.84197,0.84224,0,0
2014-11-13,03:00:00,0.84222,0.84301,0.84213,0.84296,0,0
2014-11-13,04:00:00,0.84296,0.84336,0.83845,0.84035,0,0
2014-11-13,05:00:00,0.84031,0.84104,0.83982,0.84048,0,0
2014-11-13,06:00:00,0.84053,0.84093,0.83995,0.84062,0,0
2014-11-13,07:00:00,0.8405,0.84097,0.84008,0.84084,0,0
2014-11-13,08:00:00,0.84053,0.84187,0.84027,0.84085,0,0
2014-11-13,09:00:00,0.84085,0.84143,0.84011,0.84069,0,0
2014-11-13,10:00:00,0.84066,0.84305,0.84066,0.84269,0,0
2014-11-13,11:00:00,0.84269,0.84354,0.84246,0.84334,0,0
2014-11-13,12:00:00,0.84332,0.84478,0.84318,0.84411,0,0
2014-11-13,13:00:00,0.84421,0.84427,0.84269,0.84278,0,0
2014-11-13,14:00:00,0.84285,0.84404,0.84269,0.84387,0,0
2014-11-13,15:00:00,0.84384,0.84396,0.84266,0.8429,0,0
2014-11-13,16:00:00,0.84295,0.84314,0.84259,0.84287,0,0
2014-11-13,17:00:00,0.84287,0.84287,0.84071,0.84181,0,0
2014-11-13,18:00:00,0.84193,0.84236,0.8406,0.8409,0,0
2014-11-13,19:00:00,0.8409,0.84141,0.84041,0.84044,0,0
2014-11-13,20:00:00,0.84056,0.84056,0.83945,0.83984,0,0
2014-11-13,21:00:00,0.83985,0.83998,0.83905,0.83956,0,0
2014-11-13,22:00:00,0.83956,0.83973,0.83931,0.83953,0,0
2014-11-13,23:00:00,0.8397,0.84003,0.83937,0.83998,0,0
2014-11-13,23:59:00,0.83998,0.83998,0.83903,0.83922,0,0
2014-11-14,01:00:00,0.83924,0.83957,0.8388,0.83889,0,0
2014-11-14,02:00:00,0.83889,0.83947,0.83804,0.83865,0,0
2014-11-14,03:00:00,0.83865,0.8396,0.83864,0.83933,0,0
2014-11-14,04:00:00,0.83936,0.83993,0.83884,0.83887,0,0
2014-11-14,05:00:00,0.83892,0.8393,0.83844,0.8386,0,0
2014-11-14,06:00:00,0.8386,0.84032,0.83859,0.83945,0,0
2014-11-14,07:00:00,0.83944,0.83952,0.83883,0.83914,0,0
2014-11-14,08:00:00,0.83953,0.83975,0.83922,0.83938,0,0
2014-11-14,09:00:00,0.83918,0.83978,0.83903,0.83935,0,0
2014-11-14,10:00:00,0.83927,0.83931,0.83757,0.8377,0,0
2014-11-14,11:00:00,0.8377,0.83972,0.8376,0.83953,0,0
2014-11-14,12:00:00,0.83939,0.84043,0.83924,0.84002,0,0
2014-11-14,13:00:00,0.84004,0.84004,0.83841,0.83919,0,0
2014-11-14,14:00:00,0.8392,0.8395,0.83847,0.83848,0,0
2014-11-14,15:00:00,0.8386,0.83888,0.83772,0.83832,0,0
2014-11-14,16:00:00,0.83839,0.8395,0.83835,0.83902,0,0
2014-11-14,17:00:00,0.83902,0.84057,0.83898,0.84014,0,0
2014-11-14,18:00:00,0.84038,0.84068,0.83977,0.84005,0,0
2014-11-14,19:00:00,0.84025,0.84036,0.83871,0.83924,0,0
2014-11-14,20:00:00,0.83896,0.83926,0.83875,0.83896,0,0
2014-11-14,21:00:00,0.8389,0.8397,0.83876,0.83965,0,0
2014-11-14,22:00:00,0.83969,0.83994,0.83939,0.8398,0,0
2014-11-14,23:00:00,0.83975,0.83975,0.83975,0.83975,0,0
2014-11-17,01:00:00,0.84029,0.84076,0.8393,0.83957,0,0
2014-11-17,02:00:00,0.83948,0.84003,0.83887,0.84003,0,0
2014-11-17,03:00:00,0.84004,0.84108,0.83951,0.8409,0,0
2014-11-17,04:00:00,0.84079,0.84086,0.83955,0.84028,0,0
2014-11-17,05:00:00,0.84018,0.84073,0.83983,0.84063,0,0
2014-11-17,06:00:00,0.84058,0.84159,0.84034,0.84135,0,0
2014-11-17,07:00:00,0.84136,0.84172,0.84106,0.84129,0,0
2014-11-17,08:00:00,0.84129,0.84159,0.84115,0.84143,0,0
2014-11-17,09:00:00,0.84135,0.84138,0.8404,0.84065,0,0
2014-11-17,10:00:00,0.84064,0.84076,0.83993,0.83996,0,0
2014-11-17,11:00:00,0.83994,0.84139,0.83913,0.83916,0,0
2014-11-17,12:00:00,0.83917,0.83953,0.83884,0.83923,0,0
2014-11-17,13:00:00,0.83923,0.83992,0.83893,0.83987,0,0
2014-11-17,14:00:00,0.83979,0.83982,0.83891,0.83923,0,0
2014-11-17,15:00:00,0.83923,0.83938,0.83814,0.83849,0,0
2014-11-17,16:00:00,0.83849,0.83955,0.8373,0.83881,0,0
2014-11-17,17:00:00,0.83909,0.83997,0.83859,0.83996,0,0
2014-11-17,18:00:00,0.84007,0.84137,0.83997,0.84126,0,0
2014-11-17,19:00:00,0.84126,0.84145,0.84061,0.84063,0,0
2014-11-17,20:00:00,0.84051,0.84089,0.84047,0.84047,0,0
2014-11-17,21:00:00,0.84047,0.84063,0.84004,0.84009,0,0
2014-11-17,22:00:00,0.84009,0.84081,0.84003,0.84041,0,0
2014-11-17,23:00:00,0.84039,0.84065,0.84021,0.84025,0,0
2014-11-17,23:59:00,0.84025,0.84047,0.83928,0.83929,0,0
2014-11-18,01:00:00,0.83923,0.84032,0.83923,0.84009,0,0
2014-11-18,02:00:00,0.84009,0.84095,0.83945,0.84072,0,0
2014-11-18,03:00:00,0.84075,0.84075,0.83945,0.84001,0,0
2014-11-18,04:00:00,0.84004,0.84074,0.84002,0.84047,0,0
2014-11-18,05:00:00,0.84047,0.84055,0.83975,0.83989,0,0
2014-11-18,06:00:00,0.83988,0.84016,0.83976,0.83997,0,0
2014-11-18,07:00:00,0.83993,0.84013,0.83955,0.83972,0,0
2014-11-18,08:00:00,0.8397,0.83979,0.83916,0.83967,0,0
2014-11-18,09:00:00,0.83967,0.84077,0.83888,0.83899,0,0
2014-11-18,10:00:00,0.839,0.84091,0.83848,0.84091,0,0
2014-11-18,11:00:00,0.8409,0.8409,0.83564,0.83578,0,0
2014-11-18,12:00:00,0.83578,0.83601,0.83327,0.83601,0,0
2014-11-18,13:00:00,0.83594,0.83667,0.83575,0.83667,0,0
2014-11-18,14:00:00,0.83658,0.83679,0.83575,0.83671,0,0
2014-11-18,15:00:00,0.83669,0.83717,0.83595,0.83673,0,0
2014-11-18,16:00:00,0.83673,0.83764,0.83608,0.83709,0,0
2014-11-18,17:00:00,0.83709,0.8376,0.8366,0.83701,0,0
2014-11-18,18:00:00,0.8368,0.83688,0.83569,0.83592,0,0
2014-11-18,19:00:00,0.83599,0.83663,0.83584,0.83663,0,0
2014-11-18,20:00:00,0.8366,0.8366,0.83609,0.83634,0,0
2014-11-18,21:00:00,0.83637,0.83668,0.83626,0.83638,0,0
2014-11-18,22:00:00,0.83649,0.83661,0.83597,0.83607,0,0
2014-11-18,23:00:00,0.83607,0.83619,0.83544,0.83552,0,0
2014-11-18,23:59:00,0.83552,0.83577,0.83498,0.83535,0,0
2014-11-19,01:00:00,0.83545,0.83612,0.83456,0.83471,0,0
2014-11-19,02:00:00,0.83477,0.83478,0.83346,0.83408,0,0
2014-11-19,03:00:00,0.83396,0.83397,0.8323,0.83311,0,0
2014-11-19,04:00:00,0.83311,0.83327,0.83183,0.83196,0,0
2014-11-19,05:00:00,0.83198,0.83229,0.83112,0.83193,0,0
2014-11-19,06:00:00,0.83188,0.83227,0.83083,0.83114,0,0
2014-11-19,07:00:00,0.83125,0.83162,0.83067,0.83108,0,0
2014-11-19,08:00:00,0.83095,0.83198,0.83086,0.8319,0,0
2014-11-19,09:00:00,0.83176,0.83219,0.83006,0.83008,0,0
2014-11-19,10:00:00,0.83008,0.83038,0.82824,0.82846,0,0
2014-11-19,11:00:00,0.82825,0.82829,0.82657,0.82737,0,0
2014-11-19,12:00:00,0.82738,0.82804,0.82703,0.82782,0,0
2014-11-19,13:00:00,0.82787,0.82828,0.82712,0.82826,0,0
2014-11-19,14:00:00,0.82825,0.82848,0.82701,0.82751,0,0
2014-11-19,15:00:00,0.82741,0.82784,0.82665,0.82708,0,0
2014-11-19,16:00:00,0.82708,0.82752,0.82668,0.82709,0,0
2014-11-19,17:00:00,0.8271,0.82712,0.82586,0.82701,0,0
2014-11-19,18:00:00,0.82711,0.82732,0.82531,0.82534,0,0
2014-11-19,19:00:00,0.82537,0.82566,0.82489,0.82519,0,0
2014-11-19,20:00:00,0.82527,0.82548,0.82469,0.82494,0,0
2014-11-19,21:00:00,0.82355,0.8261,0.82314,0.82501,0,0
2014-11-19,22:00:00,0.82505,0.82568,0.8247,0.82501,0,0
2014-11-19,23:00:00,0.825,0.82515,0.82461,0.82466,0,0
2014-11-19,23:59:00,0.82446,0.82499,0.82332,0.8235,0,0
2014-11-20,01:00:00,0.82373,0.82423,0.82334,0.82413,0,0
2014-11-20,02:00:00,0.82414,0.82481,0.82382,0.82439,0,0
2014-11-20,03:00:00,0.82435,0.82547,0.82304,0.82471,0,0
2014-11-20,04:00:00,0.8248,0.82531,0.82439,0.82453,0,0
2014-11-20,05:00:00,0.82453,0.82453,0.82334,0.82344,0,0
2014-11-20,06:00:00,0.82344,0.82352,0.82227,0.82275,0,0
2014-11-20,07:00:00,0.82267,0.82285,0.82204,0.82274,0,0
2014-11-20,08:00:00,0.82274,0.82326,0.82246,0.82302,0,0
2014-11-20,09:00:00,0.82297,0.82306,0.82096,0.82165,0,0
2014-11-20,10:00:00,0.82176,0.8253,0.82119,0.82431,0,0
2014-11-20,11:00:00,0.8243,0.82499,0.82356,0.82485,0,0
2014-11-20,12:00:00,0.82487,0.82605,0.82464,0.82579,0,0
2014-11-20,13:00:00,0.82579,0.82613,0.82482,0.82554,0,0
2014-11-20,14:00:00,0.82561,0.82561,0.82487,0.82494,0,0
2014-11-20,15:00:00,0.82492,0.8252,0.82414,0.8243,0,0
2014-11-20,16:00:00,0.8243,0.82469,0.82307,0.82466,0,0
2014-11-20,17:00:00,0.82466,0.8262,0.82461,0.82592,0,0
2014-11-20,18:00:00,0.82592,0.82656,0.82538,0.8263,0,0
2014-11-20,19:00:00,0.82615,0.82652,0.82566,0.82581,0,0
2014-11-20,20:00:00,0.82587,0.82725,0.82574,0.82717,0,0
2014-11-20,21:00:00,0.82709,0.82714,0.82661,0.82672,0,0
2014-11-20,22:00:00,0.82672,0.82709,0.82651,0.82651,0,0
2014-11-20,23:00:00,0.82654,0.8268,0.82617,0.82621,0,0
2014-11-20,23:59:00,0.82575,0.82636,0.82524,0.82571,0,0
2014-11-21,01:00:00,0.82571,0.82634,0.82571,0.8262,0,0
2014-11-21,02:00:00,0.82628,0.82681,0.82591,0.82595,0,0
2014-11-21,03:00:00,0.82594,0.82747,0.82594,0.82732,0,0
2014-11-21,04:00:00,0.82726,0.8274,0.82643,0.82658,0,0
2014-11-21,05:00:00,0.8266,0.82708,0.82621,0.82661,0,0
2014-11-21,06:00:00,0.82653,0.82782,0.82653,0.82696,0,0
2014-11-21,07:00:00,0.82675,0.82782,0.82653,0.82706,0,0
2014-11-21,08:00:00,0.82705,0.82724,0.8263,0.8268,0,0
2014-11-21,09:00:00,0.82683,0.82733,0.82639,0.8273,0,0
2014-11-21,10:00:00,0.8273,0.83062,0.82651,0.83049,0,0
2014-11-21,11:00:00,0.83063,0.83404,0.83063,0.83386,0,0
2014-11-21,12:00:00,0.83386,0.84198,0.83386,0.84003,0,0
2014-11-21,13:00:00,0.84003,0.84306,0.83981,0.8419,0,0
2014-11-21,14:00:00,0.8419,0.84252,0.84006,0.84252,0,0
2014-11-21,15:00:00,0.84274,0.84386,0.84122,0.84183,0,0
2014-11-21,16:00:00,0.84183,0.84359,0.84007,0.84021,0,0
2014-11-21,17:00:00,0.83997,0.84238,0.83994,0.84058,0,0
2014-11-21,18:00:00,0.84049,0.84092,0.83994,0.84068,0,0
2014-11-21,19:00:00,0.84072,0.84175,0.84047,0.84162,0,0
2014-11-21,20:00:00,0.84162,0.84217,0.8411,0.84113,0,0
2014-11-21,21:00:00,0.8411,0.84113,0.8396,0.83988,0,0
2014-11-21,22:00:00,0.83989,0.84046,0.83983,0.84023,0,0
2014-11-21,23:00:00,0.8402,0.84039,0.84017,0.84038,0,0
2014-11-24,01:00:00,0.84245,0.84367,0.84212,0.84309,0,0
2014-11-24,02:00:00,0.84311,0.84399,0.84285,0.84365,0,0
2014-11-24,03:00:00,0.8437,0.84384,0.84308,0.84375,0,0
2014-11-24,04:00:00,0.84377,0.84437,0.84321,0.84384,0,0
2014-11-24,05:00:00,0.84382,0.84393,0.8425,0.84255,0,0
2014-11-24,06:00:00,0.84255,0.84287,0.84223,0.84259,0,0
2014-11-24,07:00:00,0.8426,0.84295,0.84214,0.84228,0,0
2014-11-24,08:00:00,0.84228,0.84231,0.84179,0.84223,0,0
2014-11-24,09:00:00,0.84221,0.84221,0.84,0.84074,0,0
2014-11-24,10:00:00,0.84073,0.84122,0.83938,0.83957,0,0
2014-11-24,11:00:00,0.83961,0.83962,0.83751,0.83775,0,0
2014-11-24,12:00:00,0.83779,0.83802,0.83707,0.83776,0,0
2014-11-24,13:00:00,0.83777,0.83783,0.83637,0.8368,0,0
2014-11-24,14:00:00,0.8368,0.83729,0.83515,0.83531,0,0
2014-11-24,15:00:00,0.83533,0.83603,0.83525,0.83551,0,0
2014-11-24,16:00:00,0.83549,0.8359,0.83383,0.83449,0,0
2014-11-24,17:00:00,0.83455,0.83456,0.8328,0.8328,0,0
2014-11-24,18:00:00,0.83279,0.83363,0.83256,0.83325,0,0
2014-11-24,19:00:00,0.83323,0.83323,0.83172,0.83308,0,0
2014-11-24,20:00:00,0.83308,0.8331,0.83202,0.83202,0,0
2014-11-24,21:00:00,0.832,0.83248,0.83193,0.83208,0,0
2014-11-24,22:00:00,0.83213,0.83263,0.8319,0.83212,0,0
2014-11-24,23:00:00,0.83212,0.83274,0.83192,0.83252,0,0
2014-11-24,23:59:00,0.83251,0.83278,0.83212,0.83223,0,0
2014-11-25,01:00:00,0.83232,0.83267,0.83076,0.83157,0,0
2014-11-25,02:00:00,0.83155,0.83307,0.83155,0.83265,0,0
2014-11-25,03:00:00,0.83271,0.83327,0.83067,0.83147,0,0
2014-11-25,04:00:00,0.83142,0.83228,0.82956,0.82995,0,0
2014-11-25,05:00:00,0.82984,0.83065,0.82932,0.83022,0,0
2014-11-25,06:00:00,0.83022,0.83231,0.83009,0.83173,0,0
2014-11-25,07:00:00,0.83168,0.8328,0.83151,0.83232,0,0
2014-11-25,08:00:00,0.83238,0.83238,0.83148,0.83189,0,0
2014-11-25,09:00:00,0.83187,0.83208,0.82945,0.83031,0,0
2014-11-25,10:00:00,0.83027,0.83035,0.82618,0.8273,0,0
2014-11-25,11:00:00,0.82735,0.82735,0.82401,0.82535,0,0
2014-11-25,12:00:00,0.82535,0.82606,0.82517,0.826,0,0
2014-11-25,13:00:00,0.82604,0.82628,0.82497,0.82514,0,0
2014-11-25,14:00:00,0.82509,0.82626,0.82507,0.82594,0,0
2014-11-25,15:00:00,0.82594,0.82611,0.82513,0.82588,0,0
2014-11-25,16:00:00,0.82587,0.82588,0.8236,0.82388,0,0
2014-11-25,17:00:00,0.82349,0.82378,0.82201,0.8225,0,0
2014-11-25,18:00:00,0.82242,0.82295,0.82121,0.82143,0,0
2014-11-25,19:00:00,0.8214,0.82259,0.82137,0.82259,0,0
2014-11-25,20:00:00,0.82257,0.82269,0.82213,0.82238,0,0
2014-11-25,21:00:00,0.82243,0.82247,0.8214,0.82157,0,0
2014-11-25,22:00:00,0.82158,0.82221,0.82147,0.82195,0,0
2014-11-25,23:00:00,0.82199,0.82216,0.8216,0.82207,0,0
2014-11-25,23:59:00,0.82204,0.82235,0.82148,0.82234,0,0
2014-11-26,01:00:00,0.82235,0.82471,0.82221,0.82429,0,0
2014-11-26,02:00:00,0.82427,0.82427,0.82288,0.82327,0,0
2014-11-26,03:00:00,0.82325,0.8235,0.82252,0.8232,0,0
2014-11-26,04:00:00,0.8232,0.82335,0.8223,0.8229,0,0
2014-11-26,05:00:00,0.8229,0.82364,0.82277,0.82303,0,0
2014-11-26,06:00:00,0.82304,0.82321,0.82224,0.82251,0,0
2014-11-26,07:00:00,0.82261,0.82357,0.82236,0.82305,0,0
2014-11-26,08:00:00,0.82303,0.8243,0.82288,0.82369,0,0
2014-11-26,09:00:00,0.82371,0.82568,0.82341,0.82428,0,0
2014-11-26,10:00:00,0.82431,0.8244,0.81857,0.81955,0,0
2014-11-26,11:00:00,0.8196,0.82021,0.81717,0.81959,0,0
2014-11-26,12:00:00,0.8196,0.8206,0.8189,0.82023,0,0
2014-11-26,13:00:00,0.82025,0.82157,0.81992,0.82119,0,0
2014-11-26,14:00:00,0.82118,0.82124,0.8189,0.81965,0,0
2014-11-26,15:00:00,0.8197,0.82023,0.819,0.81902,0,0
2014-11-26,16:00:00,0.81905,0.81932,0.81813,0.81914,0,0
2014-11-26,17:00:00,0.81925,0.8197,0.81764,0.81909,0,0
2014-11-26,18:00:00,0.81909,0.82045,0.81887,0.82014,0,0
2014-11-26,19:00:00,0.82012,0.82026,0.81957,0.82018,0,0
2014-11-26,20:00:00,0.82025,0.82114,0.82007,0.82055,0,0
2014-11-26,21:00:00,0.82055,0.82141,0.82037,0.82141,0,0
2014-11-26,22:00:00,0.82142,0.8219,0.82127,0.82147,0,0
2014-11-26,23:00:00,0.82147,0.82169,0.82119,0.82134,0,0
2014-11-26,23:59:00,0.82135,0.82154,0.82046,0.82046,0,0
2014-11-27,01:00:00,0.82038,0.82065,0.81957,0.81981,0,0
2014-11-27,02:00:00,0.81979,0.8227,0.81962,0.82193,0,0
2014-11-27,03:00:00,0.82186,0.82295,0.82159,0.82278,0,0
2014-11-27,04:00:00,0.82279,0.82491,0.82279,0.82334,0,0
2014-11-27,05:00:00,0.82331,0.82503,0.8232,0.82495,0,0
2014-11-27,06:00:00,0.8249,0.82644,0.82459,0.82611,0,0
2014-11-27,07:00:00,0.82611,0.82613,0.82471,0.82499,0,0
2014-11-27,08:00:00,0.82498,0.82546,0.82452,0.82544,0,0
2014-11-27,09:00:00,0.82542,0.82716,0.82532,0.82678,0,0
2014-11-27,10:00:00,0.82678,0.82726,0.82541,0.8258,0,0
2014-11-27,11:00:00,0.82582,0.82708,0.82582,0.82666,0,0
2014-11-27,12:00:00,0.82668,0.82668,0.82462,0.82494,0,0
2014-11-27,13:00:00,0.82496,0.82519,0.82439,0.82498,0,0
2014-11-27,14:00:00,0.82497,0.82537,0.82466,0.82522,0,0
2014-11-27,15:00:00,0.82516,0.82542,0.82429,0.82433,0,0
2014-11-27,16:00:00,0.82433,0.82441,0.82316,0.82316,0,0
2014-11-27,17:00:00,0.82316,0.8233,0.82148,0.82303,0,0
2014-11-27,18:00:00,0.82305,0.82338,0.82202,0.8231,0,0
2014-11-27,19:00:00,0.82305,0.82355,0.8229,0.82331,0,0
2014-11-27,20:00:00,0.82332,0.82422,0.82321,0.8237,0,0
2014-11-27,21:00:00,0.82367,0.82376,0.82328,0.8234,0,0
2014-11-27,22:00:00,0.8234,0.82422,0.8232,0.8242,0,0
2014-11-27,23:00:00,0.8242,0.8243,0.82334,0.82335,0,0
2014-11-27,23:59:00,0.82338,0.82371,0.82078,0.82196,0,0
2014-11-28,01:00:00,0.82195,0.82226,0.82116,0.82206,0,0
2014-11-28,02:00:00,0.8222,0.82246,0.82117,0.82135,0,0
2014-11-28,03:00:00,0.82136,0.82168,0.82053,0.82128,0,0
2014-11-28,04:00:00,0.82129,0.82176,0.82056,0.82084,0,0
2014-11-28,05:00:00,0.82084,0.82112,0.8199,0.81994,0,0
2014-11-28,06:00:00,0.81996,0.82039,0.81907,0.81956,0,0
2014-11-28,07:00:00,0.81959,0.82038,0.81936,0.82038,0,0
2014-11-28,08:00:00,0.82045,0.82149,0.82023,0.8211,0,0
2014-11-28,09:00:00,0.82114,0.82157,0.82021,0.82047,0,0
2014-11-28,10:00:00,0.82034,0.82184,0.8203,0.82091,0,0
2014-11-28,11:00:00,0.8209,0.82332,0.82064,0.8232,0,0
2014-11-28,12:00:00,0.82312,0.82312,0.82175,0.82228,0,0
2014-11-28,13:00:00,0.8223,0.82248,0.81966,0.82065,0,0
2014-11-28,14:00:00,0.82066,0.82066,0.81966,0.81994,0,0
2014-11-28,15:00:00,0.8199,0.82026,0.81821,0.81858,0,0
2014-11-28,16:00:00,0.81858,0.81993,0.81803,0.81961,0,0
2014-11-28,17:00:00,0.81959,0.8221,0.81886,0.82197,0,0
2014-11-28,18:00:00,0.8221,0.82423,0.82166,0.82279,0,0
2014-11-28,19:00:00,0.8228,0.82306,0.82169,0.82171,0,0
2014-11-28,20:00:00,0.82173,0.82198,0.82092,0.82102,0,0
2014-11-28,21:00:00,0.82102,0.82147,0.82066,0.82092,0,0
2014-11-28,22:00:00,0.82092,0.82204,0.82047,0.82204,0,0
2014-11-28,23:00:00,0.82191,0.82205,0.82189,0.82192,0,0
2014-12-01,01:00:00,0.81939,0.81987,0.81542,0.81646,0,0
2014-12-01,02:00:00,0.81653,0.818,0.81616,0.81666,0,0
2014-12-01,03:00:00,0.81681,0.81723,0.81408,0.81553,0,0
2014-12-01,04:00:00,0.81556,0.81724,0.81539,0.81713,0,0
2014-12-01,05:00:00,0.81711,0.81711,0.81534,0.81594,0,0
2014-12-01,06:00:00,0.81594,0.81681,0.81592,0.81648,0,0
2014-12-01,07:00:00,0.81643,0.81698,0.81509,0.81544,0,0
2014-12-01,08:00:00,0.81539,0.8156,0.81461,0.81501,0,0
2014-12-01,09:00:00,0.81511,0.81735,0.81424,0.81724,0,0
2014-12-01,10:00:00,0.8173,0.8191,0.8165,0.81799,0,0
2014-12-01,11:00:00,0.81794,0.81862,0.81646,0.81834,0,0
2014-12-01,12:00:00,0.81819,0.81911,0.81772,0.81842,0,0
2014-12-01,13:00:00,0.81843,0.81853,0.81756,0.81833,0,0
2014-12-01,14:00:00,0.81827,0.81906,0.81822,0.81885,0,0
2014-12-01,15:00:00,0.81882,0.81984,0.81862,0.81933,0,0
2014-12-01,16:00:00,0.81933,0.8204,0.81915,0.81927,0,0
2014-12-01,17:00:00,0.81956,0.81956,0.81694,0.81828,0,0
2014-12-01,18:00:00,0.81829,0.8205,0.81772,0.82032,0,0
2014-12-01,19:00:00,0.82032,0.82071,0.8196,0.82004,0,0
2014-12-01,20:00:00,0.81996,0.82049,0.81965,0.82039,0,0
2014-12-01,21:00:00,0.8204,0.82061,0.82001,0.82018,0,0
2014-12-01,22:00:00,0.82007,0.82014,0.81961,0.81969,0,0
2014-12-01,23:00:00,0.81968,0.81986,0.81837,0.81875,0,0
2014-12-01,23:59:00,0.81889,0.81926,0.81845,0.81884,0,0
2014-12-02,01:00:00,0.81886,0.81935,0.81728,0.8176,0,0
2014-12-02,02:00:00,0.8176,0.81956,0.81742,0.81791,0,0
2014-12-02,03:00:00,0.8179,0.81887,0.81778,0.81834,0,0
2014-12-02,04:00:00,0.81833,0.81898,0.8182,0.81853,0,0
2014-12-02,05:00:00,0.81853,0.82146,0.81728,0.82106,0,0
2014-12-02,06:00:00,0.82103,0.82247,0.8201,0.82038,0,0
2014-12-02,07:00:00,0.82038,0.82183,0.82026,0.82183,0,0
2014-12-02,08:00:00,0.82178,0.82415,0.82176,0.82282,0,0
2014-12-02,09:00:00,0.82283,0.82288,0.82136,0.82145,0,0
2014-12-02,10:00:00,0.82145,0.82196,0.82039,0.82141,0,0
2014-12-02,11:00:00,0.82141,0.82163,0.82016,0.82067,0,0
2014-12-02,12:00:00,0.82064,0.82071,0.81804,0.8187,0,0
2014-12-02,13:00:00,0.81867,0.81881,0.81697,0.8175,0,0
2014-12-02,14:00:00,0.81754,0.81784,0.8169,0.81713,0,0
2014-12-02,15:00:00,0.8172,0.81972,0.81708,0.81933,0,0
2014-12-02,16:00:00,0.8194,0.81981,0.81839,0.81916,0,0
2014-12-02,17:00:00,0.81914,0.8212,0.81883,0.82096,0,0
2014-12-02,18:00:00,0.82095,0.82171,0.82049,0.82159,0,0
2014-12-02,19:00:00,0.82159,0.82159,0.82034,0.82105,0,0
2014-12-02,20:00:00,0.82101,0.82132,0.82069,0.82112,0,0
2014-12-02,21:00:00,0.82114,0.82158,0.8209,0.82118,0,0
2014-12-02,22:00:00,0.82124,0.82135,0.82074,0.82094,0,0
2014-12-02,23:00:00,0.82097,0.82121,0.82052,0.82056,0,0
2014-12-02,23:59:00,0.82059,0.82181,0.82059,0.8209,0,0
2014-12-03,01:00:00,0.82084,0.82214,0.82079,0.82181,0,0
2014-12-03,02:00:00,0.8218,0.82251,0.8157,0.81642,0,0
2014-12-03,03:00:00,0.81645,0.81757,0.81606,0.81728,0,0
2014-12-03,04:00:00,0.81731,0.81787,0.81603,0.81608,0,0
2014-12-03,05:00:00,0.81608,0.81622,0.81509,0.81544,0,0
2014-12-03,06:00:00,0.81544,0.81738,0.81533,0.81684,0,0
2014-12-03,07:00:00,0.81684,0.81731,0.81558,0.81601,0,0
2014-12-03,08:00:00,0.81687,0.81779,0.81601,0.81734,0,0
2014-12-03,09:00:00,0.81727,0.81786,0.81666,0.81732,0,0
2014-12-03,10:00:00,0.81729,0.82019,0.81696,0.81991,0,0
2014-12-03,11:00:00,0.81993,0.82073,0.8195,0.82061,0,0
2014-12-03,12:00:00,0.82057,0.82155,0.81974,0.82118,0,0
2014-12-03,13:00:00,0.82129,0.82183,0.82037,0.82182,0,0
2014-12-03,14:00:00,0.82176,0.82261,0.82153,0.82201,0,0
2014-12-03,15:00:00,0.82199,0.82313,0.82103,0.82164,0,0
2014-12-03,16:00:00,0.8216,0.82308,0.82155,0.82167,0,0
2014-12-03,17:00:00,0.82161,0.82316,0.82127,0.82236,0,0
2014-12-03,18:00:00,0.82233,0.82331,0.82219,0.82265,0,0
2014-12-03,19:00:00,0.82264,0.8233,0.8219,0.8226,0,0
2014-12-03,20:00:00,0.82257,0.82274,0.82122,0.82141,0,0
2014-12-03,21:00:00,0.82141,0.82218,0.82115,0.82122,0,0
2014-12-03,22:00:00,0.82121,0.82144,0.82081,0.8213,0,0
2014-12-03,23:00:00,0.82128,0.82165,0.82108,0.82129,0,0
2014-12-03,23:59:00,0.82129,0.8217,0.8196,0.81969,0,0
2014-12-04,01:00:00,0.81982,0.82053,0.81982,0.82033,0,0
2014-12-04,02:00:00,0.82032,0.82312,0.81998,0.82177,0,0
2014-12-04,03:00:00,0.8218,0.82196,0.82055,0.82067,0,0
2014-12-04,04:00:00,0.82072,0.82076,0.81914,0.81955,0,0
2014-12-04,05:00:00,0.8195,0.82008,0.81893,0.82003,0,0
2014-12-04,06:00:00,0.81997,0.82099,0.8192,0.82077,0,0
2014-12-04,07:00:00,0.82075,0.82141,0.81889,0.81905,0,0
2014-12-04,08:00:00,0.81905,0.81955,0.81727,0.81822,0,0
2014-12-04,09:00:00,0.81822,0.81972,0.81725,0.81916,0,0
2014-12-04,10:00:00,0.81916,0.81927,0.81713,0.81723,0,0
2014-12-04,11:00:00,0.81729,0.81813,0.81645,0.81748,0,0
2014-12-04,12:00:00,0.81742,0.8182,0.81725,0.81798,0,0
2014-12-04,13:00:00,0.81803,0.81877,0.81734,0.81822,0,0
2014-12-04,14:00:00,0.8182,0.81931,0.81811,0.81891,0,0
2014-12-04,15:00:00,0.819,0.82044,0.81324,0.81361,0,0
2014-12-04,16:00:00,0.81367,0.81491,0.81218,0.81243,0,0
2014-12-04,17:00:00,0.81229,0.81344,0.81117,0.81173,0,0
2014-12-04,18:00:00,0.81158,0.81321,0.81011,0.81272,0,0
2014-12-04,19:00:00,0.81268,0.81606,0.81268,0.81522,0,0
2014-12-04,20:00:00,0.81521,0.81525,0.8144,0.81481,0,0
2014-12-04,21:00:00,0.81484,0.81502,0.81429,0.81447,0,0
2014-12-04,22:00:00,0.81439,0.81447,0.81355,0.81396,0,0
2014-12-04,23:00:00,0.81396,0.81425,0.81349,0.81387,0,0
2014-12-04,23:59:00,0.81399,0.81407,0.81322,0.81366,0,0
2014-12-05,01:00:00,0.81369,0.81424,0.8135,0.81399,0,0
2014-12-05,02:00:00,0.81386,0.81418,0.81325,0.8141,0,0
2014-12-05,03:00:00,0.81408,0.81477,0.81375,0.81392,0,0
2014-12-05,04:00:00,0.81394,0.81457,0.81389,0.81412,0,0
2014-12-05,05:00:00,0.81408,0.81425,0.81371,0.81397,0,0
2014-12-05,06:00:00,0.81396,0.81399,0.81274,0.81304,0,0
2014-12-05,07:00:00,0.81304,0.81352,0.81279,0.81344,0,0
2014-12-05,08:00:00,0.81344,0.81377,0.81322,0.81336,0,0
2014-12-05,09:00:00,0.81349,0.81441,0.81277,0.81289,0,0
2014-12-05,10:00:00,0.81296,0.81426,0.8129,0.8136,0,0
2014-12-05,11:00:00,0.81368,0.81397,0.81299,0.81353,0,0
2014-12-05,12:00:00,0.81352,0.81427,0.81318,0.81397,0,0
2014-12-05,13:00:00,0.814,0.81414,0.81344,0.81374,0,0
2014-12-05,14:00:00,0.81387,0.81438,0.81309,0.8137,0,0
2014-12-05,15:00:00,0.81364,0.81525,0.81275,0.81399,0,0
2014-12-05,16:00:00,0.81404,0.81531,0.81334,0.81485,0,0
2014-12-05,17:00:00,0.81485,0.81541,0.81415,0.8143,0,0
2014-12-05,18:00:00,0.8142,0.81491,0.81321,0.81353,0,0
2014-12-05,19:00:00,0.81363,0.81375,0.813,0.81344,0,0
2014-12-05,20:00:00,0.81345,0.8141,0.81332,0.81382,0,0
2014-12-05,21:00:00,0.81382,0.81413,0.81355,0.81406,0,0
2014-12-05,22:00:00,0.81404,0.81441,0.81392,0.81418,0,0
2014-12-05,23:00:00,0.81415,0.8142,0.81408,0.8142,0,0
2014-12-08,01:00:00,0.81197,0.81257,0.81133,0.8125,0,0
2014-12-08,02:00:00,0.81253,0.81268,0.81173,0.81243,0,0
2014-12-08,03:00:00,0.81253,0.81365,0.81245,0.81342,0,0
2014-12-08,04:00:00,0.81355,0.81367,0.81119,0.81205,0,0
2014-12-08,05:00:00,0.81207,0.8124,0.81059,0.81083,0,0
2014-12-08,06:00:00,0.81084,0.81122,0.80964,0.80971,0,0
2014-12-08,07:00:00,0.80978,0.81056,0.8096,0.81045,0,0
2014-12-08,08:00:00,0.8104,0.81119,0.80931,0.8099,0,0
2014-12-08,09:00:00,0.80982,0.81041,0.80915,0.81014,0,0
2014-12-08,10:00:00,0.81013,0.81172,0.80989,0.81093,0,0
2014-12-08,11:00:00,0.81095,0.81335,0.81095,0.8128,0,0
2014-12-08,12:00:00,0.81275,0.81427,0.81249,0.81425,0,0
2014-12-08,13:00:00,0.81428,0.8148,0.81336,0.81351,0,0
2014-12-08,14:00:00,0.81354,0.81409,0.81296,0.81341,0,0
2014-12-08,15:00:00,0.81339,0.81345,0.81249,0.81309,0,0
2014-12-08,16:00:00,0.81309,0.81364,0.81175,0.81192,0,0
2014-12-08,17:00:00,0.81191,0.81284,0.81119,0.81272,0,0
2014-12-08,18:00:00,0.81265,0.81282,0.81058,0.8109,0,0
2014-12-08,19:00:00,0.81087,0.8109,0.80899,0.80903,0,0
2014-12-08,20:00:00,0.80901,0.80954,0.80845,0.80929,0,0
2014-12-08,21:00:00,0.80931,0.80996,0.8087,0.80909,0,0
2014-12-08,22:00:00,0.80907,0.80952,0.80896,0.80932,0,0
2014-12-08,23:00:00,0.8092,0.80962,0.80902,0.80918,0,0
2014-12-08,23:59:00,0.80915,0.80997,0.80907,0.80958,0,0
2014-12-09,01:00:00,0.80964,0.81001,0.80953,0.80996,0,0
2014-12-09,02:00:00,0.80996,0.80996,0.8062,0.80745,0,0
2014-12-09,03:00:00,0.80743,0.80763,0.80511,0.80612,0,0
2014-12-09,04:00:00,0.80611,0.80627,0.80508,0.80509,0,0
2014-12-09,05:00:00,0.80509,0.80525,0.80367,0.80473,0,0
2014-12-09,06:00:00,0.80478,0.80508,0.80353,0.80418,0,0
2014-12-09,07:00:00,0.80418,0.80449,0.80266,0.80345,0,0
2014-12-09,08:00:00,0.80348,0.80421,0.8026,0.80349,0,0
2014-12-09,09:00:00,0.80359,0.80394,0.80246,0.80388,0,0
2014-12-09,10:00:00,0.80383,0.80487,0.80353,0.80457,0,0
2014-12-09,11:00:00,0.8046,0.8066,0.80459,0.80613,0,0
2014-12-09,12:00:00,0.80614,0.80707,0.80604,0.80657,0,0
2014-12-09,13:00:00,0.80656,0.80657,0.80524,0.80573,0,0
2014-12-09,14:00:00,0.80576,0.80667,0.80559,0.80594,0,0
2014-12-09,15:00:00,0.80597,0.80665,0.80519,0.80521,0,0
2014-12-09,16:00:00,0.80519,0.80598,0.80401,0.80574,0,0
2014-12-09,17:00:00,0.80574,0.80808,0.80519,0.80764,0,0
2014-12-09,18:00:00,0.80767,0.80793,0.80666,0.807,0,0
2014-12-09,19:00:00,0.80691,0.80717,0.80585,0.80625,0,0
2014-12-09,20:00:00,0.80611,0.80658,0.80591,0.80593,0,0
2014-12-09,21:00:00,0.80594,0.80664,0.80591,0.80604,0,0
2014-12-09,22:00:00,0.80602,0.80621,0.8054,0.8059,0,0
2014-12-09,23:00:00,0.80591,0.80608,0.8047,0.8052,0,0
2014-12-09,23:59:00,0.80514,0.80536,0.80465,0.80468,0,0
2014-12-10,01:00:00,0.80463,0.80556,0.80416,0.80498,0,0
2014-12-10,02:00:00,0.80498,0.80564,0.80424,0.80503,0,0
2014-12-10,03:00:00,0.805,0.80514,0.80312,0.80349,0,0
2014-12-10,04:00:00,0.80359,0.80437,0.80322,0.80404,0,0
2014-12-10,05:00:00,0.80407,0.80514,0.80385,0.80482,0,0
2014-12-10,06:00:00,0.80483,0.80677,0.8046,0.80646,0,0
2014-12-10,07:00:00,0.80646,0.80793,0.80575,0.80715,0,0
2014-12-10,08:00:00,0.80717,0.80796,0.80654,0.80739,0,0
2014-12-10,09:00:00,0.80731,0.80736,0.80645,0.80694,0,0
2014-12-10,10:00:00,0.80689,0.80802,0.80658,0.80671,0,0
2014-12-10,11:00:00,0.8067,0.8073,0.80602,0.80679,0,0
2014-12-10,12:00:00,0.8068,0.80834,0.80671,0.80831,0,0
2014-12-10,13:00:00,0.80824,0.80939,0.80806,0.80865,0,0
2014-12-10,14:00:00,0.80866,0.80963,0.80866,0.80954,0,0
2014-12-10,15:00:00,0.80956,0.8099,0.8075,0.80752,0,0
2014-12-10,16:00:00,0.8075,0.80753,0.80585,0.80585,0,0
2014-12-10,17:00:00,0.80586,0.80608,0.80344,0.80446,0,0
2014-12-10,18:00:00,0.80449,0.80516,0.80344,0.80348,0,0
2014-12-10,19:00:00,0.80353,0.80355,0.80212,0.80315,0,0
2014-12-10,20:00:00,0.8031,0.8031,0.80185,0.80212,0,0
2014-12-10,21:00:00,0.80211,0.80249,0.80156,0.80177,0,0
2014-12-10,22:00:00,0.80175,0.80536,0.80097,0.80455,0,0
2014-12-10,23:00:00,0.80454,0.80474,0.8035,0.80356,0,0
2014-12-10,23:59:00,0.80346,0.80472,0.80308,0.80376,0,0
2014-12-11,01:00:00,0.80375,0.80508,0.80285,0.80294,0,0
2014-12-11,02:00:00,0.80294,0.8065,0.80237,0.80636,0,0
2014-12-11,03:00:00,0.80644,0.80672,0.80506,0.80568,0,0
2014-12-11,04:00:00,0.80575,0.80639,0.8051,0.80527,0,0
2014-12-11,05:00:00,0.80534,0.80538,0.80441,0.80492,0,0
2014-12-11,06:00:00,0.80488,0.80527,0.80417,0.80433,0,0
2014-12-11,07:00:00,0.80433,0.8052,0.80428,0.8052,0,0
2014-12-11,08:00:00,0.8052,0.80548,0.80435,0.80477,0,0
2014-12-11,09:00:00,0.80476,0.80511,0.80254,0.80259,0,0
2014-12-11,10:00:00,0.80265,0.80336,0.80099,0.8015,0,0
2014-12-11,11:00:00,0.80164,0.80198,0.79676,0.79808,0,0
2014-12-11,12:00:00,0.79807,0.79955,0.7972,0.79856,0,0
2014-12-11,13:00:00,0.7987,0.79957,0.79809,0.7987,0,0
2014-12-11,14:00:00,0.79866,0.79926,0.79778,0.79926,0,0
2014-12-11,15:00:00,0.79925,0.80014,0.7939,0.79952,0,0
2014-12-11,16:00:00,0.79974,0.8019,0.79963,0.80154,0,0
2014-12-11,17:00:00,0.80151,0.80303,0.80023,0.80023,0,0
2014-12-11,18:00:00,0.80042,0.80043,0.799,0.8003,0,0
2014-12-11,19:00:00,0.80031,0.80211,0.79992,0.80188,0,0
2014-12-11,20:00:00,0.80187,0.80209,0.80098,0.80121,0,0
2014-12-11,21:00:00,0.8012,0.80142,0.7998,0.8002,0,0
2014-12-11,22:00:00,0.80028,0.80096,0.80017,0.80063,0,0
2014-12-11,23:00:00,0.8006,0.80097,0.80015,0.80021,0,0
2014-12-11,23:59:00,0.80007,0.80095,0.7997,0.79986,0,0
2014-12-12,01:00:00,0.79987,0.8006,0.79883,0.7989,0,0
2014-12-12,02:00:00,0.79888,0.80064,0.79876,0.79914,0,0
2014-12-12,03:00:00,0.79919,0.79994,0.79831,0.79869,0,0
2014-12-12,04:00:00,0.79867,0.80025,0.79867,0.8001,0,0
2014-12-12,05:00:00,0.80009,0.80077,0.79978,0.80064,0,0
2014-12-12,06:00:00,0.8006,0.80178,0.80044,0.80133,0,0
2014-12-12,07:00:00,0.80126,0.80201,0.80103,0.80153,0,0
2014-12-12,08:00:00,0.80153,0.8017,0.80071,0.80164,0,0
2014-12-12,09:00:00,0.80162,0.80207,0.80056,0.8009,0,0
2014-12-12,10:00:00,0.8009,0.80117,0.80012,0.80047,0,0
2014-12-12,11:00:00,0.80035,0.80071,0.79912,0.79931,0,0
2014-12-12,12:00:00,0.79926,0.79966,0.79853,0.79872,0,0
2014-12-12,13:00:00,0.79871,0.79925,0.79718,0.79721,0,0
2014-12-12,14:00:00,0.7972,0.79872,0.79664,0.79786,0,0
2014-12-12,15:00:00,0.79786,0.79806,0.79564,0.79572,0,0
2014-12-12,16:00:00,0.79573,0.79599,0.79418,0.79565,0,0
2014-12-12,17:00:00,0.79568,0.79576,0.79257,0.79437,0,0
2014-12-12,18:00:00,0.79441,0.79697,0.79436,0.79497,0,0
2014-12-12,19:00:00,0.795,0.79615,0.79473,0.79556,0,0
2014-12-12,20:00:00,0.79557,0.796,0.79527,0.79597,0,0
2014-12-12,21:00:00,0.79597,0.79597,0.79495,0.79527,0,0
2014-12-12,22:00:00,0.79533,0.79564,0.79473,0.79554,0,0
2014-12-12,23:00:00,0.7955,0.79563,0.7955,0.79555,0,0
2014-12-15,01:00:00,0.79419,0.7946,0.79038,0.79091,0,0
2014-12-15,02:00:00,0.79091,0.79254,0.79091,0.79146,0,0
2014-12-15,03:00:00,0.79143,0.79272,0.79105,0.79251,0,0
2014-12-15,04:00:00,0.79251,0.79335,0.79196,0.79196,0,0
2014-12-15,05:00:00,0.79205,0.79396,0.79166,0.79396,0,0
2014-12-15,06:00:00,0.79397,0.79549,0.79327,0.79479,0,0
2014-12-15,07:00:00,0.7949,0.79607,0.79468,0.79595,0,0
2014-12-15,08:00:00,0.79596,0.79603,0.79512,0.7957,0,0
2014-12-15,09:00:00,0.79569,0.79578,0.79374,0.79452,0,0
2014-12-15,10:00:00,0.79455,0.79698,0.79455,0.79646,0,0
2014-12-15,11:00:00,0.79643,0.79891,0.79593,0.79872,0,0
2014-12-15,12:00:00,0.79873,0.79884,0.79686,0.79696,0,0
2014-12-15,13:00:00,0.797,0.79737,0.79428,0.79475,0,0
2014-12-15,14:00:00,0.79476,0.79486,0.7931,0.79361,0,0
2014-12-15,15:00:00,0.79359,0.79397,0.79292,0.79358,0,0
2014-12-15,16:00:00,0.79358,0.79363,0.79193,0.79217,0,0
2014-12-15,17:00:00,0.79216,0.79414,0.79196,0.79338,0,0
2014-12-15,18:00:00,0.79348,0.79423,0.79105,0.79243,0,0
2014-12-15,19:00:00,0.79248,0.79312,0.79212,0.7927,0,0
2014-12-15,20:00:00,0.79269,0.79348,0.79243,0.79314,0,0
2014-12-15,21:00:00,0.79314,0.7938,0.79267,0.79362,0,0
2014-12-15,22:00:00,0.79367,0.79382,0.79243,0.79243,0,0
2014-12-15,23:00:00,0.79254,0.79334,0.79243,0.79243,0,0
2014-12-15,23:59:00,0.79274,0.7931,0.79187,0.79195,0,0
2014-12-16,01:00:00,0.79197,0.79268,0.79196,0.79262,0,0
2014-12-16,02:00:00,0.79265,0.79341,0.79196,0.79339,0,0
2014-12-16,03:00:00,0.79335,0.79392,0.7915,0.79327,0,0
2014-12-16,04:00:00,0.79332,0.79366,0.79278,0.79295,0,0
2014-12-16,05:00:00,0.79294,0.79363,0.7923,0.79361,0,0
2014-12-16,06:00:00,0.79348,0.79366,0.79226,0.79258,0,0
2014-12-16,07:00:00,0.79259,0.79317,0.79232,0.79271,0,0
2014-12-16,08:00:00,0.79277,0.79383,0.79276,0.79383,0,0
2014-12-16,09:00:00,0.79383,0.79471,0.79273,0.79348,0,0
2014-12-16,10:00:00,0.79354,0.79392,0.79113,0.79339,0,0
2014-12-16,11:00:00,0.79318,0.79333,0.79133,0.79169,0,0
2014-12-16,12:00:00,0.79163,0.79426,0.79107,0.79259,0,0
2014-12-16,13:00:00,0.79253,0.79277,0.78854,0.78871,0,0
2014-12-16,14:00:00,0.7887,0.79095,0.78791,0.78938,0,0
2014-12-16,15:00:00,0.78938,0.79049,0.78884,0.78931,0,0
2014-12-16,16:00:00,0.78933,0.78972,0.78827,0.78837,0,0
2014-12-16,17:00:00,0.78833,0.78922,0.78739,0.78836,0,0
2014-12-16,18:00:00,0.78839,0.7904,0.78759,0.78907,0,0
2014-12-16,19:00:00,0.78909,0.78964,0.78831,0.78848,0,0
2014-12-16,20:00:00,0.7885,0.78944,0.78785,0.78902,0,0
2014-12-16,21:00:00,0.78905,0.78997,0.78887,0.78943,0,0
2014-12-16,22:00:00,0.78929,0.78937,0.78826,0.78831,0,0
2014-12-16,23:00:00,0.78834,0.78903,0.78803,0.78854,0,0
2014-12-16,23:59:00,0.78853,0.78891,0.78831,0.78849,0,0
2014-12-17,01:00:00,0.78853,0.78908,0.78838,0.789,0,0
2014-12-17,02:00:00,0.789,0.78939,0.78865,0.78932,0,0
2014-12-17,03:00:00,0.78937,0.79014,0.78826,0.78861,0,0
2014-12-17,04:00:00,0.78858,0.78861,0.785,0.78578,0,0
2014-12-17,05:00:00,0.78576,0.78576,0.78382,0.78391,0,0
2014-12-17,06:00:00,0.78389,0.78401,0.78288,0.784,0,0
2014-12-17,07:00:00,0.78411,0.78428,0.78289,0.78347,0,0
2014-12-17,08:00:00,0.78347,0.78441,0.78332,0.78358,0,0
2014-12-17,09:00:00,0.78353,0.78573,0.78324,0.78572,0,0
2014-12-17,10:00:00,0.78564,0.78768,0.78526,0.78732,0,0
2014-12-17,11:00:00,0.78728,0.78813,0.78676,0.78753,0,0
2014-12-17,12:00:00,0.78759,0.78873,0.78756,0.78808,0,0
2014-12-17,13:00:00,0.78805,0.78906,0.78782,0.78878,0,0
2014-12-17,14:00:00,0.78876,0.7892,0.78796,0.7889,0,0
2014-12-17,15:00:00,0.7889,0.79007,0.78838,0.78898,0,0
2014-12-17,16:00:00,0.78906,0.7897,0.78782,0.78906,0,0
2014-12-17,17:00:00,0.78905,0.79194,0.78891,0.79085,0,0
2014-12-17,18:00:00,0.79091,0.79115,0.78953,0.79045,0,0
2014-12-17,19:00:00,0.79031,0.79142,0.78972,0.79117,0,0
2014-12-17,20:00:00,0.79104,0.7919,0.79021,0.79179,0,0
2014-12-17,21:00:00,0.79197,0.79349,0.78907,0.78966,0,0
2014-12-17,22:00:00,0.78974,0.79143,0.78918,0.79006,0,0
2014-12-17,23:00:00,0.78976,0.7912,0.78933,0.79004,0,0
2014-12-17,23:59:00,0.79015,0.79171,0.79,0.7916,0,0
2014-12-18,01:00:00,0.79157,0.79157,0.79003,0.79069,0,0
2014-12-18,02:00:00,0.79065,0.79127,0.79026,0.79029,0,0
2014-12-18,03:00:00,0.79026,0.79122,0.78977,0.79084,0,0
2014-12-18,04:00:00,0.79089,0.79264,0.79076,0.79151,0,0
2014-12-18,05:00:00,0.79149,0.79333,0.79139,0.79173,0,0
2014-12-18,06:00:00,0.79175,0.79198,0.79089,0.7915,0,0
2014-12-18,07:00:00,0.7915,0.79153,0.79047,0.79111,0,0
2014-12-18,08:00:00,0.79109,0.792,0.79043,0.7919,0,0
2014-12-18,09:00:00,0.79202,0.80247,0.79194,0.79957,0,0
2014-12-18,10:00:00,0.79958,0.80063,0.79761,0.79978,0,0
2014-12-18,11:00:00,0.79978,0.80136,0.79926,0.7996,0,0
2014-12-18,12:00:00,0.79961,0.80027,0.79868,0.79868,0,0
2014-12-18,13:00:00,0.79855,0.80099,0.79842,0.79992,0,0
2014-12-18,14:00:00,0.80005,0.80234,0.8,0.80217,0,0
2014-12-18,15:00:00,0.80217,0.80401,0.80185,0.803,0,0
2014-12-18,16:00:00,0.80301,0.80342,0.80162,0.80253,0,0
2014-12-18,17:00:00,0.80257,0.80272,0.79947,0.79955,0,0
2014-12-18,18:00:00,0.79967,0.80026,0.79928,0.79975,0,0
2014-12-18,19:00:00,0.79966,0.80009,0.79881,0.79881,0,0
2014-12-18,20:00:00,0.79879,0.7993,0.7983,0.79923,0,0
2014-12-18,21:00:00,0.7992,0.79944,0.79887,0.79914,0,0
2014-12-18,22:00:00,0.79924,0.80037,0.79896,0.80037,0,0
2014-12-18,23:00:00,0.80031,0.80031,0.79898,0.79978,0,0
2014-12-18,23:59:00,0.79977,0.80094,0.79918,0.80049,0,0
2014-12-19,01:00:00,0.80047,0.80066,0.79959,0.80011,0,0
2014-12-19,02:00:00,0.80014,0.80096,0.79937,0.79984,0,0
2014-12-19,03:00:00,0.79979,0.80184,0.79963,0.80173,0,0
2014-12-19,04:00:00,0.80172,0.80206,0.80055,0.80066,0,0
2014-12-19,05:00:00,0.80067,0.80209,0.80061,0.80195,0,0
2014-12-19,06:00:00,0.80195,0.80277,0.80177,0.80267,0,0
2014-12-19,07:00:00,0.80262,0.80309,0.8023,0.80262,0,0
2014-12-19,08:00:00,0.80264,0.80302,0.80065,0.80067,0,0
2014-12-19,09:00:00,0.80067,0.80076,0.79973,0.79992,0,0
2014-12-19,10:00:00,0.79989,0.80098,0.79897,0.79935,0,0
2014-12-19,11:00:00,0.79935,0.79945,0.79836,0.79923,0,0
2014-12-19,12:00:00,0.7993,0.80085,0.79898,0.8006,0,0
2014-12-19,13:00:00,0.80062,0.80225,0.80058,0.80225,0,0
2014-12-19,14:00:00,0.80223,0.80253,0.80069,0.80096,0,0
2014-12-19,15:00:00,0.801,0.80177,0.79999,0.80045,0,0
2014-12-19,16:00:00,0.80042,0.80091,0.79867,0.79929,0,0
2014-12-19,17:00:00,0.79935,0.80009,0.79907,0.79914,0,0
2014-12-19,18:00:00,0.79909,0.79986,0.79798,0.79879,0,0
2014-12-19,19:00:00,0.79879,0.79934,0.79817,0.79859,0,0
2014-12-19,20:00:00,0.79859,0.80014,0.79846,0.79959,0,0
2014-12-19,21:00:00,0.79957,0.80143,0.79933,0.80102,0,0
2014-12-19,22:00:00,0.80109,0.80177,0.80092,0.80106,0,0
2014-12-19,23:00:00,0.80108,0.8011,0.80101,0.80108,0,0
2014-12-22,01:00:00,0.80117,0.80221,0.8011,0.80201,0,0
2014-12-22,02:00:00,0.80201,0.80218,0.80139,0.80139,0,0
2014-12-22,03:00:00,0.80139,0.80165,0.80098,0.80165,0,0
2014-12-22,04:00:00,0.80154,0.8017,0.80008,0.80043,0,0
2014-12-22,05:00:00,0.80043,0.80098,0.80023,0.80088,0,0
2014-12-22,06:00:00,0.80088,0.80178,0.80085,0.80143,0,0
2014-12-22,07:00:00,0.80147,0.80299,0.80122,0.80273,0,0
2014-12-22,08:00:00,0.80273,0.80275,0.80116,0.80136,0,0
2014-12-22,09:00:00,0.80133,0.80271,0.80083,0.80089,0,0
2014-12-22,10:00:00,0.80079,0.80117,0.79912,0.79949,0,0
2014-12-22,11:00:00,0.79949,0.79972,0.7982,0.79965,0,0
2014-12-22,12:00:00,0.79965,0.80061,0.79932,0.79996,0,0
2014-12-22,13:00:00,0.79981,0.8004,0.79928,0.80016,0,0
2014-12-22,14:00:00,0.80015,0.80026,0.79906,0.79933,0,0
2014-12-22,15:00:00,0.79925,0.79989,0.79852,0.79865,0,0
2014-12-22,16:00:00,0.79865,0.79985,0.79851,0.79897,0,0
2014-12-22,17:00:00,0.79843,0.79972,0.79843,0.79865,0,0
2014-12-22,18:00:00,0.79881,0.79936,0.7982,0.79933,0,0
2014-12-22,19:00:00,0.79933,0.7998,0.79906,0.79947,0,0
2014-12-22,20:00:00,0.79947,0.79994,0.79911,0.79991,0,0
2014-12-22,21:00:00,0.79991,0.80112,0.79979,0.80112,0,0
2014-12-22,22:00:00,0.80112,0.80126,0.80022,0.80053,0,0
2014-12-22,23:00:00,0.80021,0.80021,0.79958,0.79996,0,0
2014-12-22,23:59:00,0.79985,0.8003,0.79915,0.79915,0,0
2014-12-23,01:00:00,0.79918,0.79952,0.7987,0.79922,0,0
2014-12-23,02:00:00,0.79907,0.79992,0.79887,0.79907,0,0
2014-12-23,03:00:00,0.79908,0.79991,0.79863,0.79982,0,0
2014-12-23,04:00:00,0.79982,0.8,0.79927,0.79941,0,0
2014-12-23,05:00:00,0.79938,0.79947,0.79864,0.79885,0,0
2014-12-23,06:00:00,0.79884,0.79923,0.79802,0.79832,0,0
2014-12-23,07:00:00,0.79833,0.79849,0.79669,0.79758,0,0
2014-12-23,08:00:00,0.79754,0.79755,0.79596,0.79701,0,0
2014-12-23,09:00:00,0.79701,0.79894,0.79701,0.79863,0,0
2014-12-23,10:00:00,0.79866,0.79872,0.7977,0.79827,0,0
2014-12-23,11:00:00,0.79827,0.79922,0.79826,0.79873,0,0
2014-12-23,12:00:00,0.79873,0.79999,0.7986,0.79971,0,0
2014-12-23,13:00:00,0.79971,0.8009,0.79969,0.80056,0,0
2014-12-23,14:00:00,0.80056,0.80165,0.80019,0.80089,0,0
2014-12-23,15:00:00,0.80102,0.80115,0.79926,0.80099,0,0
2014-12-23,16:00:00,0.80099,0.80099,0.79949,0.8002,0,0
2014-12-23,17:00:00,0.80032,0.80063,0.79922,0.79976,0,0
2014-12-23,18:00:00,0.79962,0.80054,0.79891,0.79926,0,0
2014-12-23,19:00:00,0.79928,0.80024,0.79907,0.80024,0,0
2014-12-23,20:00:00,0.80022,0.80031,0.79946,0.79965,0,0
2014-12-23,21:00:00,0.79965,0.79987,0.79949,0.79955,0,0
2014-12-23,22:00:00,0.79952,0.79964,0.79876,0.7996,0,0
2014-12-23,23:00:00,0.79984,0.80048,0.79972,0.80028,0,0
2014-12-23,23:59:00,0.80023,0.80089,0.79941,0.80042,0,0
2014-12-24,01:00:00,0.80078,0.80154,0.80047,0.80074,0,0
2014-12-24,02:00:00,0.80074,0.80127,0.8003,0.80127,0,0
2014-12-24,03:00:00,0.80128,0.80128,0.80038,0.80111,0,0
2014-12-24,04:00:00,0.80112,0.80208,0.80071,0.80099,0,0
2014-12-24,05:00:00,0.80114,0.8012,0.80055,0.80109,0,0
2014-12-24,06:00:00,0.80109,0.80117,0.80042,0.80104,0,0
2014-12-24,07:00:00,0.80104,0.80179,0.80089,0.80178,0,0
2014-12-24,08:00:00,0.80137,0.80151,0.80041,0.80067,0,0
2014-12-24,09:00:00,0.80067,0.80085,0.80031,0.80068,0,0
2014-12-24,10:00:00,0.80068,0.80072,0.79947,0.7996,0,0
2014-12-24,11:00:00,0.79944,0.79967,0.79893,0.79916,0,0
2014-12-24,12:00:00,0.79922,0.79976,0.79905,0.79974,0,0
2014-12-24,13:00:00,0.79974,0.80015,0.79911,0.79946,0,0
2014-12-24,14:00:00,0.79938,0.79968,0.79899,0.79929,0,0
2014-12-24,15:00:00,0.79932,0.79948,0.79822,0.79938,0,0
2014-12-24,16:00:00,0.79933,0.80006,0.7992,0.80006,0,0
2014-12-24,17:00:00,0.79986,0.80043,0.79953,0.79953,0,0
2014-12-24,18:00:00,0.79953,0.8002,0.79938,0.79992,0,0
2014-12-24,19:00:00,0.79984,0.79995,0.79946,0.79975,0,0
2014-12-24,20:00:00,0.79975,0.8002,0.79932,0.79959,0,0
2014-12-24,21:00:00,0.79959,0.80013,0.79947,0.7997,0,0
2014-12-24,22:00:00,0.79984,0.79991,0.79874,0.79887,0,0
2014-12-24,23:00:00,0.79887,0.79927,0.79866,0.79904,0,0
2014-12-24,23:59:00,0.79975,0.79975,0.79866,0.79931,0,0
2014-12-26,01:00:00,0.7985,0.79878,0.79734,0.79855,0,0
2014-12-26,02:00:00,0.79855,0.79947,0.79831,0.7991,0,0
2014-12-26,03:00:00,0.79913,0.8,0.79866,0.79874,0,0
2014-12-26,04:00:00,0.79895,0.79945,0.79882,0.79928,0,0
2014-12-26,05:00:00,0.79934,0.79939,0.79907,0.79912,0,0
2014-12-26,06:00:00,0.7992,0.79971,0.79886,0.79955,0,0
2014-12-26,07:00:00,0.79963,0.79985,0.79941,0.79968,0,0
2014-12-26,08:00:00,0.79968,0.80007,0.79922,0.80001,0,0
2014-12-26,09:00:00,0.80001,0.80009,0.79974,0.7999,0,0
2014-12-26,10:00:00,0.79992,0.8011,0.79989,0.80093,0,0
2014-12-26,11:00:00,0.80096,0.80118,0.80073,0.80094,0,0
2014-12-26,12:00:00,0.80096,0.80138,0.80077,0.80137,0,0
2014-12-26,13:00:00,0.80143,0.80199,0.80122,0.80166,0,0
2014-12-26,14:00:00,0.80166,0.8021,0.80152,0.80171,0,0
2014-12-26,15:00:00,0.80162,0.80289,0.8014,0.80259,0,0
2014-12-26,16:00:00,0.80258,0.80294,0.80225,0.8023,0,0
2014-12-26,17:00:00,0.8023,0.80258,0.80107,0.80145,0,0
2014-12-26,18:00:00,0.80145,0.80195,0.8011,0.80112,0,0
2014-12-26,19:00:00,0.80113,0.80185,0.80106,0.80146,0,0
2014-12-26,20:00:00,0.80094,0.8015,0.80074,0.80096,0,0
2014-12-26,21:00:00,0.80091,0.80171,0.80091,0.80148,0,0
2014-12-26,22:00:00,0.80146,0.80195,0.80118,0.80189,0,0
2014-12-26,23:00:00,0.80189,0.80189,0.80185,0.80185,0,0
2014-12-29,01:00:00,0.80141,0.80197,0.80123,0.80172,0,0
2014-12-29,02:00:00,0.80169,0.80184,0.80117,0.80139,0,0
2014-12-29,03:00:00,0.80143,0.80216,0.80082,0.8021,0,0
2014-12-29,04:00:00,0.80203,0.8026,0.80156,0.80234,0,0
2014-12-29,05:00:00,0.80242,0.80283,0.80208,0.80233,0,0
2014-12-29,06:00:00,0.80233,0.80263,0.80203,0.80231,0,0
2014-12-29,07:00:00,0.80231,0.80316,0.80221,0.80223,0,0
2014-12-29,08:00:00,0.80221,0.8027,0.80216,0.8027,0,0
2014-12-29,09:00:00,0.80281,0.80374,0.80252,0.80329,0,0
2014-12-29,10:00:00,0.80329,0.80437,0.8032,0.80419,0,0
2014-12-29,11:00:00,0.80418,0.80439,0.8022,0.80395,0,0
2014-12-29,12:00:00,0.80372,0.80457,0.80335,0.80435,0,0
2014-12-29,13:00:00,0.80436,0.80455,0.80384,0.80425,0,0
2014-12-29,14:00:00,0.80422,0.80431,0.80338,0.80347,0,0
2014-12-29,15:00:00,0.8035,0.80399,0.80263,0.80265,0,0
2014-12-29,16:00:00,0.80265,0.80328,0.8024,0.80322,0,0
2014-12-29,17:00:00,0.80313,0.80464,0.80299,0.80464,0,0
2014-12-29,18:00:00,0.80471,0.80492,0.8041,0.80466,0,0
2014-12-29,19:00:00,0.80455,0.80491,0.80435,0.80486,0,0
2014-12-29,20:00:00,0.80486,0.80609,0.80476,0.80525,0,0
2014-12-29,21:00:00,0.80529,0.80539,0.80423,0.80447,0,0
2014-12-29,22:00:00,0.80447,0.80519,0.80447,0.80519,0,0
2014-12-29,23:00:00,0.80519,0.80529,0.80484,0.80487,0,0
2014-12-29,23:59:00,0.80487,0.80518,0.80444,0.80456,0,0
2014-12-30,01:00:00,0.80458,0.80522,0.80458,0.80511,0,0
2014-12-30,02:00:00,0.80511,0.80557,0.80481,0.80488,0,0
2014-12-30,03:00:00,0.80493,0.80493,0.80412,0.80438,0,0
2014-12-30,04:00:00,0.80442,0.80564,0.80442,0.80518,0,0
2014-12-30,05:00:00,0.80519,0.80568,0.80503,0.80504,0,0
2014-12-30,06:00:00,0.80506,0.80593,0.80505,0.8053,0,0
2014-12-30,07:00:00,0.80531,0.80614,0.80508,0.80597,0,0
2014-12-30,08:00:00,0.80597,0.8064,0.8055,0.80573,0,0
2014-12-30,09:00:00,0.80574,0.80666,0.80501,0.806,0,0
2014-12-30,10:00:00,0.80595,0.80701,0.80517,0.80604,0,0
2014-12-30,11:00:00,0.80618,0.80819,0.80588,0.80779,0,0
2014-12-30,12:00:00,0.80779,0.80822,0.80736,0.80795,0,0
2014-12-30,13:00:00,0.80795,0.80836,0.80679,0.80718,0,0
2014-12-30,14:00:00,0.80719,0.80838,0.80719,0.80838,0,0
2014-12-30,15:00:00,0.8083,0.80884,0.80807,0.80884,0,0
2014-12-30,16:00:00,0.80885,0.80943,0.80848,0.80911,0,0
2014-12-30,17:00:00,0.80903,0.81039,0.8089,0.81011,0,0
2014-12-30,18:00:00,0.81011,0.81061,0.80985,0.80993,0,0
2014-12-30,19:00:00,0.80996,0.81026,0.80895,0.80895,0,0
2014-12-30,20:00:00,0.80891,0.80932,0.80867,0.80902,0,0
2014-12-30,21:00:00,0.80902,0.80951,0.80896,0.80901,0,0
2014-12-30,22:00:00,0.80908,0.80949,0.80899,0.80908,0,0
2014-12-30,23:00:00,0.80905,0.80938,0.80893,0.80913,0,0
2014-12-30,23:59:00,0.8091,0.80916,0.80839,0.80894,0,0
2014-12-31,01:00:00,0.80883,0.8092,0.80855,0.80878,0,0
2014-12-31,02:00:00,0.8089,0.80935,0.80856,0.80906,0,0
2014-12-31,03:00:00,0.80913,0.81172,0.80894,0.8115,0,0
2014-12-31,04:00:00,0.81136,0.81195,0.81097,0.81141,0,0
2014-12-31,05:00:00,0.81139,0.81139,0.81044,0.8107,0,0
2014-12-31,06:00:00,0.81069,0.81147,0.81064,0.81118,0,0
2014-12-31,07:00:00,0.81102,0.81102,0.80955,0.81046,0,0
2014-12-31,08:00:00,0.81046,0.81046,0.80953,0.80957,0,0
2014-12-31,09:00:00,0.80981,0.81015,0.809,0.80999,0,0
2014-12-31,10:00:00,0.8098,0.81098,0.8098,0.81087,0,0
2014-12-31,11:00:00,0.81069,0.8112,0.81042,0.81063,0,0
2014-12-31,12:00:00,0.81063,0.81153,0.81056,0.81091,0,0
2014-12-31,13:00:00,0.81097,0.81177,0.81089,0.81157,0,0
2014-12-31,14:00:00,0.81157,0.81212,0.81095,0.81095,0,0
2014-12-31,15:00:00,0.8109,0.81134,0.81045,0.81104,0,0
2014-12-31,16:00:00,0.81103,0.81146,0.81007,0.8101,0,0
2014-12-31,17:00:00,0.81025,0.81147,0.80974,0.81147,0,0
2014-12-31,18:00:00,0.81337,0.81355,0.81178,0.81178,0,0
2014-12-31,19:00:00,0.81178,0.81235,0.81165,0.81165,0,0
2014-12-31,20:00:00,0.81131,0.81182,0.81095,0.81103,0,0
2014-12-31,21:00:00,0.81103,0.81161,0.81064,0.81159,0,0
2014-12-31,22:00:00,0.81225,0.81259,0.81127,0.81143,0,0
2014-12-31,23:00:00,0.81147,0.81168,0.81078,0.81133,0,0
2014-12-31,23:59:00,0.81116,0.81259,0.81116,0.81176,0,0
2015-01-02,01:00:00,0.81187,0.81389,0.81144,0.81342,0,0
2015-01-02,02:00:00,0.81342,0.81405,0.81322,0.81352,0,0
2015-01-02,03:00:00,0.81356,0.81356,0.8106,0.8106,0,0
2015-01-02,04:00:00,0.81068,0.81118,0.81029,0.81086,0,0
2015-01-02,05:00:00,0.81086,0.81133,0.81035,0.81095,0,0
2015-01-02,06:00:00,0.81095,0.81109,0.81069,0.81073,0,0
2015-01-02,07:00:00,0.81073,0.81164,0.81067,0.81155,0,0
2015-01-02,08:00:00,0.81155,0.81233,0.81151,0.81205,0,0
2015-01-02,09:00:00,0.81207,0.81323,0.81098,0.81156,0,0
2015-01-02,10:00:00,0.81156,0.81284,0.81097,0.81248,0,0
2015-01-02,11:00:00,0.81248,0.81303,0.81148,0.81171,0,0
2015-01-02,12:00:00,0.81173,0.81243,0.81079,0.81103,0,0
2015-01-02,13:00:00,0.81096,0.8111,0.80956,0.80963,0,0
2015-01-02,14:00:00,0.80967,0.81006,0.80927,0.80994,0,0
2015-01-02,15:00:00,0.80996,0.81035,0.80956,0.81002,0,0
2015-01-02,16:00:00,0.81004,0.81114,0.80985,0.81113,0,0
2015-01-02,17:00:00,0.81116,0.8124,0.81093,0.81131,0,0
2015-01-02,18:00:00,0.81131,0.8125,0.81131,0.81203,0,0
2015-01-02,19:00:00,0.81202,0.81233,0.81159,0.81171,0,0
2015-01-02,20:00:00,0.81184,0.81187,0.81122,0.81141,0,0
2015-01-02,21:00:00,0.81141,0.81216,0.81131,0.81215,0,0
2015-01-02,22:00:00,0.81202,0.81205,0.81021,0.81074,0,0
2015-01-02,23:00:00,0.81074,0.81074,0.81072,0.81072,0,0
2015-01-05,01:00:00,0.81245,0.81308,0.81102,0.81127,0,0
2015-01-05,02:00:00,0.81124,0.81339,0.81119,0.8128,0,0
2015-01-05,03:00:00,0.81278,0.81372,0.81183,0.81225,0,0
2015-01-05,04:00:00,0.8123,0.81291,0.81117,0.81117,0,0
2015-01-05,05:00:00,0.81111,0.81125,0.80997,0.81102,0,0
2015-01-05,06:00:00,0.81105,0.81169,0.81072,0.81126,0,0
2015-01-05,07:00:00,0.81126,0.8113,0.80946,0.81039,0,0
2015-01-05,08:00:00,0.81029,0.81039,0.80898,0.80924,0,0
2015-01-05,09:00:00,0.80922,0.81061,0.80872,0.80896,0,0
2015-01-05,10:00:00,0.80884,0.81161,0.80851,0.81161,0,0
2015-01-05,11:00:00,0.81163,0.81295,0.81135,0.81273,0,0
2015-01-05,12:00:00,0.81271,0.81375,0.8126,0.81293,0,0
2015-01-05,13:00:00,0.81298,0.81429,0.81252,0.81375,0,0
2015-01-05,14:00:00,0.81377,0.81472,0.81292,0.81442,0,0
2015-01-05,15:00:00,0.81442,0.81505,0.81368,0.81452,0,0
2015-01-05,16:00:00,0.81447,0.81524,0.8139,0.81448,0,0
2015-01-05,17:00:00,0.81448,0.81503,0.81382,0.81492,0,0
2015-01-05,18:00:00,0.81488,0.81632,0.81473,0.81576,0,0
2015-01-05,19:00:00,0.81576,0.81599,0.81501,0.81527,0,0
2015-01-05,20:00:00,0.81523,0.81563,0.8144,0.81448,0,0
2015-01-05,21:00:00,0.81448,0.8152,0.81394,0.81433,0,0
2015-01-05,22:00:00,0.81433,0.81444,0.81342,0.81405,0,0
2015-01-05,23:00:00,0.81399,0.81441,0.81379,0.81385,0,0
2015-01-05,23:59:00,0.81385,0.81436,0.81342,0.81393,0,0
2015-01-06,01:00:00,0.81392,0.81537,0.81389,0.81484,0,0
2015-01-06,02:00:00,0.81484,0.8171,0.81385,0.8171,0,0
2015-01-06,03:00:00,0.81707,0.81707,0.81572,0.81651,0,0
2015-01-06,04:00:00,0.81653,0.81908,0.81649,0.81826,0,0
2015-01-06,05:00:00,0.81826,0.81851,0.81769,0.81839,0,0
2015-01-06,06:00:00,0.81833,0.81852,0.81706,0.81706,0,0
2015-01-06,07:00:00,0.81706,0.81842,0.81706,0.81825,0,0
2015-01-06,08:00:00,0.81826,0.81924,0.8181,0.8187,0,0
2015-01-06,09:00:00,0.8187,0.8187,0.81689,0.81737,0,0
2015-01-06,10:00:00,0.81734,0.81872,0.81692,0.81787,0,0
2015-01-06,11:00:00,0.81787,0.82066,0.81787,0.82043,0,0
2015-01-06,12:00:00,0.82011,0.82105,0.81978,0.82096,0,0
2015-01-06,13:00:00,0.82089,0.82233,0.81992,0.82097,0,0
2015-01-06,14:00:00,0.82097,0.82179,0.82021,0.8205,0,0
2015-01-06,15:00:00,0.8205,0.82104,0.81954,0.81965,0,0
2015-01-06,16:00:00,0.8196,0.81983,0.8186,0.81959,0,0
2015-01-06,17:00:00,0.81959,0.8198,0.81752,0.81753,0,0
2015-01-06,18:00:00,0.81754,0.81802,0.81612,0.81659,0,0
2015-01-06,19:00:00,0.81659,0.8171,0.81523,0.81662,0,0
2015-01-06,20:00:00,0.81671,0.81715,0.8162,0.81675,0,0
2015-01-06,21:00:00,0.81676,0.81781,0.81658,0.81723,0,0
2015-01-06,22:00:00,0.81751,0.81836,0.81673,0.81709,0,0
2015-01-06,23:00:00,0.81706,0.81737,0.81641,0.81641,0,0
2015-01-06,23:59:00,0.81646,0.81847,0.81614,0.81657,0,0
2015-01-07,01:00:00,0.81663,0.81737,0.81645,0.81702,0,0
2015-01-07,02:00:00,0.81702,0.81705,0.81536,0.81548,0,0
2015-01-07,03:00:00,0.81543,0.81655,0.81531,0.81644,0,0
2015-01-07,04:00:00,0.81648,0.81676,0.81597,0.81626,0,0
2015-01-07,05:00:00,0.81628,0.81712,0.81604,0.81688,0,0
2015-01-07,06:00:00,0.81644,0.81701,0.81625,0.81635,0,0
2015-01-07,07:00:00,0.81639,0.81699,0.81562,0.81606,0,0
2015-01-07,08:00:00,0.81608,0.81625,0.81546,0.81601,0,0
2015-01-07,09:00:00,0.816,0.81624,0.81505,0.81526,0,0
2015-01-07,10:00:00,0.81526,0.81742,0.815,0.81622,0,0
2015-01-07,11:00:00,0.81622,0.81774,0.8161,0.81672,0,0
2015-01-07,12:00:00,0.81675,0.81764,0.8154,0.8175,0,0
2015-01-07,13:00:00,0.81774,0.82002,0.81774,0.81975,0,0
2015-01-07,14:00:00,0.81975,0.82006,0.81872,0.81906,0,0
2015-01-07,15:00:00,0.81912,0.81941,0.8176,0.8177,0,0
2015-01-07,16:00:00,0.81767,0.81853,0.81719,0.81719,0,0
2015-01-07,17:00:00,0.81753,0.81803,0.81697,0.81803,0,0
2015-01-07,18:00:00,0.818,0.81805,0.8173,0.81771,0,0
2015-01-07,19:00:00,0.81771,0.81797,0.81728,0.81743,0,0
2015-01-07,20:00:00,0.81743,0.81787,0.81718,0.81759,0,0
2015-01-07,21:00:00,0.81757,0.81913,0.81703,0.81893,0,0
2015-01-07,22:00:00,0.81888,0.81921,0.81814,0.81896,0,0
2015-01-07,23:00:00,0.81897,0.81969,0.81843,0.81916,0,0
2015-01-07,23:59:00,0.81916,0.81976,0.81872,0.81949,0,0
2015-01-08,01:00:00,0.81937,0.81993,0.81881,0.81942,0,0
2015-01-08,02:00:00,0.81989,0.8217,0.81941,0.82064,0,0
2015-01-08,03:00:00,0.82101,0.82221,0.82101,0.82187,0,0
2015-01-08,04:00:00,0.82186,0.82231,0.8215,0.82201,0,0
2015-01-08,05:00:00,0.82202,0.82399,0.82163,0.82361,0,0
2015-01-08,06:00:00,0.82361,0.82385,0.82285,0.82377,0,0
2015-01-08,07:00:00,0.8237,0.82435,0.82315,0.82433,0,0
2015-01-08,08:00:00,0.82436,0.82439,0.8234,0.8236,0,0
2015-01-08,09:00:00,0.82356,0.824,0.82283,0.82369,0,0
2015-01-08,10:00:00,0.82341,0.82559,0.82334,0.82554,0,0
2015-01-08,11:00:00,0.82585,0.82712,0.82566,0.82677,0,0
2015-01-08,12:00:00,0.82678,0.8274,0.82585,0.82636,0,0
2015-01-08,13:00:00,0.82643,0.82772,0.82642,0.82755,0,0
2015-01-08,14:00:00,0.82753,0.82782,0.82672,0.82672,0,0
2015-01-08,15:00:00,0.82692,0.82755,0.82596,0.82596,0,0
2015-01-08,16:00:00,0.82603,0.82631,0.82499,0.82601,0,0
2015-01-08,17:00:00,0.82604,0.82783,0.82584,0.82584,0,0
2015-01-08,18:00:00,0.82586,0.82711,0.82571,0.82645,0,0
2015-01-08,19:00:00,0.82626,0.82692,0.82612,0.82612,0,0
2015-01-08,20:00:00,0.82606,0.82662,0.82604,0.82628,0,0
2015-01-08,21:00:00,0.82631,0.8269,0.82598,0.82619,0,0
2015-01-08,22:00:00,0.82633,0.82673,0.82625,0.82666,0,0
2015-01-08,23:00:00,0.82667,0.82717,0.82623,0.8271,0,0
2015-01-08,23:59:00,0.8271,0.82715,0.82602,0.82627,0,0
2015-01-09,01:00:00,0.82627,0.82654,0.82584,0.82617,0,0
2015-01-09,02:00:00,0.82617,0.82761,0.82562,0.82743,0,0
2015-01-09,03:00:00,0.82743,0.82802,0.82694,0.82732,0,0
2015-01-09,04:00:00,0.82758,0.82859,0.82728,0.82827,0,0
2015-01-09,05:00:00,0.82811,0.82858,0.82781,0.82815,0,0
2015-01-09,06:00:00,0.82815,0.82835,0.82774,0.82788,0,0
2015-01-09,07:00:00,0.82783,0.828,0.8272,0.82771,0,0
2015-01-09,08:00:00,0.82771,0.82801,0.82697,0.82777,0,0
2015-01-09,09:00:00,0.8279,0.82829,0.82711,0.82712,0,0
2015-01-09,10:00:00,0.82713,0.82716,0.82575,0.82591,0,0
2015-01-09,11:00:00,0.82591,0.82615,0.8249,0.82537,0,0
2015-01-09,12:00:00,0.82526,0.8274,0.82524,0.82703,0,0
2015-01-09,13:00:00,0.82703,0.82802,0.82651,0.82802,0,0
2015-01-09,14:00:00,0.82794,0.82796,0.82684,0.82749,0,0
2015-01-09,15:00:00,0.82742,0.83152,0.82738,0.83059,0,0
2015-01-09,16:00:00,0.83058,0.83389,0.83032,0.83271,0,0
2015-01-09,17:00:00,0.83271,0.83293,0.8306,0.83083,0,0
2015-01-09,18:00:00,0.83084,0.83333,0.83058,0.8314,0,0
2015-01-09,19:00:00,0.83139,0.83175,0.83087,0.83133,0,0
2015-01-09,20:00:00,0.83133,0.83164,0.8308,0.83155,0,0
2015-01-09,21:00:00,0.83152,0.83227,0.8314,0.83154,0,0
2015-01-09,22:00:00,0.83154,0.83233,0.83132,0.83197,0,0
2015-01-09,23:00:00,0.83194,0.83194,0.83194,0.83194,0,0
