Date,Time,Open,High,Low,Close,Volume,OpenInt
2014-10-13,01:00:00,0.68739,0.68755,0.68459,0.68465,0,0
2014-10-13,02:00:00,0.68463,0.68673,0.68429,0.68649,0,0
2014-10-13,03:00:00,0.68651,0.68753,0.68479,0.68732,0,0
2014-10-13,04:00:00,0.68735,0.6883,0.68672,0.68795,0,0
2014-10-13,05:00:00,0.68788,0.68914,0.68754,0.68793,0,0
2014-10-13,06:00:00,0.68793,0.68831,0.68736,0.68809,0,0
2014-10-13,07:00:00,0.68808,0.68899,0.68807,0.68874,0,0
2014-10-13,08:00:00,0.68874,0.68906,0.68843,0.68885,0,0
2014-10-13,09:00:00,0.68885,0.68909,0.68741,0.6884,0,0
2014-10-13,10:00:00,0.68846,0.68891,0.68818,0.68867,0,0
2014-10-13,11:00:00,0.68868,0.68911,0.68823,0.68888,0,0
2014-10-13,12:00:00,0.68884,0.69002,0.68871,0.68964,0,0
2014-10-13,13:00:00,0.68964,0.69078,0.68942,0.69014,0,0
2014-10-13,14:00:00,0.69009,0.69084,0.68999,0.69004,0,0
2014-10-13,15:00:00,0.69004,0.69158,0.69002,0.69127,0,0
2014-10-13,16:00:00,0.69129,0.69206,0.69071,0.69193,0,0
2014-10-13,17:00:00,0.69194,0.69217,0.68988,0.6901,0,0
2014-10-13,18:00:00,0.69015,0.69108,0.68973,0.69053,0,0
2014-10-13,19:00:00,0.69053,0.69143,0.69035,0.69121,0,0
2014-10-13,20:00:00,0.69123,0.69188,0.69104,0.69117,0,0
2014-10-13,21:00:00,0.69117,0.69161,0.69069,0.69083,0,0
2014-10-13,22:00:00,0.69083,0.69142,0.68979,0.68979,0,0
2014-10-13,23:00:00,0.68982,0.69015,0.68753,0.68779,0,0
2014-10-13,23:59:00,0.68781,0.68813,0.68689,0.68741,0,0
2014-10-14,01:00:00,0.68738,0.688,0.68725,0.68753,0,0
2014-10-14,02:00:00,0.68749,0.68817,0.68698,0.68804,0,0
2014-10-14,03:00:00,0.68804,0.6882,0.68705,0.6877,0,0
2014-10-14,04:00:00,0.68765,0.69026,0.6874,0.69003,0,0
2014-10-14,05:00:00,0.69004,0.69226,0.68998,0.69174,0,0
2014-10-14,06:00:00,0.69174,0.69232,0.69127,0.69129,0,0
2014-10-14,07:00:00,0.69129,0.69159,0.69089,0.69136,0,0
2014-10-14,08:00:00,0.69132,0.69159,0.6903,0.69095,0,0
2014-10-14,09:00:00,0.69101,0.69118,0.68998,0.69074,0,0
2014-10-14,10:00:00,0.69074,0.69111,0.68949,0.68954,0,0
2014-10-14,11:00:00,0.68954,0.68998,0.68838,0.68988,0,0
2014-10-14,12:00:00,0.68989,0.69107,0.68955,0.69008,0,0
2014-10-14,13:00:00,0.69012,0.69072,0.68947,0.6906,0,0
2014-10-14,14:00:00,0.6906,0.69068,0.68946,0.69055,0,0
2014-10-14,15:00:00,0.69058,0.69156,0.69029,0.6914,0,0
2014-10-14,16:00:00,0.69139,0.69147,0.68941,0.68944,0,0
2014-10-14,17:00:00,0.68936,0.6897,0.68826,0.68877,0,0
2014-10-14,18:00:00,0.68883,0.68937,0.68853,0.68928,0,0
2014-10-14,19:00:00,0.68929,0.68983,0.68879,0.68941,0,0
2014-10-14,20:00:00,0.6894,0.68966,0.68916,0.68946,0,0
2014-10-14,21:00:00,0.68944,0.69006,0.68822,0.68847,0,0
2014-10-14,22:00:00,0.68845,0.68882,0.68758,0.68793,0,0
2014-10-14,23:00:00,0.68791,0.68846,0.68772,0.68846,0,0
2014-10-14,23:59:00,0.68842,0.68901,0.68822,0.68876,0,0
2014-10-15,01:00:00,0.68886,0.68915,0.68831,0.68876,0,0
2014-10-15,02:00:00,0.68873,0.68915,0.68814,0.68896,0,0
2014-10-15,03:00:00,0.68893,0.68893,0.68714,0.68732,0,0
2014-10-15,04:00:00,0.68731,0.68941,0.68702,0.68892,0,0
2014-10-15,05:00:00,0.68892,0.68926,0.68829,0.68878,0,0
2014-10-15,06:00:00,0.68878,0.68964,0.68875,0.68933,0,0
2014-10-15,07:00:00,0.68932,0.6899,0.68887,0.68977,0,0
2014-10-15,08:00:00,0.6898,0.69083,0.68952,0.6906,0,0
2014-10-15,09:00:00,0.69067,0.69157,0.6902,0.69089,0,0
2014-10-15,10:00:00,0.69092,0.69104,0.68995,0.69016,0,0
2014-10-15,11:00:00,0.69016,0.69019,0.68849,0.68952,0,0
2014-10-15,12:00:00,0.68952,0.69035,0.68795,0.68897,0,0
2014-10-15,13:00:00,0.68897,0.69022,0.68897,0.68996,0,0
2014-10-15,14:00:00,0.69,0.69023,0.688,0.68848,0,0
2014-10-15,15:00:00,0.68844,0.68914,0.68786,0.68814,0,0
2014-10-15,16:00:00,0.68817,0.68957,0.68692,0.68869,0,0
2014-10-15,17:00:00,0.68861,0.68946,0.68778,0.68848,0,0
2014-10-15,18:00:00,0.6885,0.68968,0.68718,0.68819,0,0
2014-10-15,19:00:00,0.68811,0.68811,0.68655,0.6867,0,0
2014-10-15,20:00:00,0.68688,0.68688,0.68197,0.68353,0,0
2014-10-15,21:00:00,0.68354,0.68666,0.68293,0.68652,0,0
2014-10-15,22:00:00,0.68652,0.68849,0.68622,0.6883,0,0
2014-10-15,23:00:00,0.6883,0.68866,0.68732,0.68772,0,0
2014-10-15,23:59:00,0.6877,0.68793,0.68683,0.68739,0,0
2014-10-16,01:00:00,0.68728,0.68753,0.68616,0.68623,0,0
2014-10-16,02:00:00,0.68615,0.68647,0.68495,0.68577,0,0
2014-10-16,03:00:00,0.6858,0.68663,0.68516,0.68564,0,0
2014-10-16,04:00:00,0.68563,0.68644,0.68511,0.68637,0,0
2014-10-16,05:00:00,0.68625,0.6863,0.68489,0.68572,0,0
2014-10-16,06:00:00,0.68572,0.68603,0.6852,0.68555,0,0
2014-10-16,07:00:00,0.68555,0.68569,0.68522,0.68532,0,0
2014-10-16,08:00:00,0.68533,0.68638,0.68529,0.68609,0,0
2014-10-16,09:00:00,0.68605,0.68635,0.68464,0.68528,0,0
2014-10-16,10:00:00,0.68529,0.68585,0.6841,0.6848,0,0
2014-10-16,11:00:00,0.6848,0.68491,0.68212,0.68225,0,0
2014-10-16,12:00:00,0.68221,0.6828,0.68,0.68183,0,0
2014-10-16,13:00:00,0.68191,0.68473,0.68191,0.6838,0,0
2014-10-16,14:00:00,0.6838,0.68402,0.68284,0.68354,0,0
2014-10-16,15:00:00,0.68363,0.68373,0.68121,0.68274,0,0
2014-10-16,16:00:00,0.68274,0.68518,0.68247,0.68469,0,0
2014-10-16,17:00:00,0.68474,0.68628,0.68391,0.6859,0,0
2014-10-16,18:00:00,0.68585,0.68617,0.68375,0.68429,0,0
2014-10-16,19:00:00,0.68429,0.68494,0.68368,0.68419,0,0
2014-10-16,20:00:00,0.68421,0.685,0.68393,0.68409,0,0
2014-10-16,21:00:00,0.68417,0.68501,0.68401,0.68471,0,0
2014-10-16,22:00:00,0.6847,0.68519,0.6838,0.6838,0,0
2014-10-16,23:00:00,0.68382,0.68413,0.68339,0.68369,0,0
2014-10-16,23:59:00,0.68363,0.68386,0.68311,0.68332,0,0
2014-10-17,01:00:00,0.68363,0.684,0.68255,0.68366,0,0
2014-10-17,02:00:00,0.68366,0.68501,0.68359,0.68493,0,0
2014-10-17,03:00:00,0.68499,0.68583,0.68474,0.68481,0,0
2014-10-17,04:00:00,0.68481,0.68634,0.68471,0.68627,0,0
2014-10-17,05:00:00,0.68629,0.68634,0.68484,0.6849,0,0
2014-10-17,06:00:00,0.6849,0.68517,0.68333,0.68346,0,0
2014-10-17,07:00:00,0.68346,0.68466,0.683,0.68356,0,0
2014-10-17,08:00:00,0.68356,0.68371,0.68241,0.68286,0,0
2014-10-17,09:00:00,0.68284,0.68376,0.68237,0.68376,0,0
2014-10-17,10:00:00,0.6838,0.68643,0.68318,0.6862,0,0
2014-10-17,11:00:00,0.6862,0.68624,0.68434,0.6848,0,0
2014-10-17,12:00:00,0.68491,0.68552,0.68442,0.68488,0,0
2014-10-17,13:00:00,0.68491,0.6862,0.68478,0.68554,0,0
2014-10-17,14:00:00,0.68556,0.68564,0.68485,0.68485,0,0
2014-10-17,15:00:00,0.68484,0.68677,0.68466,0.68562,0,0
2014-10-17,16:00:00,0.68566,0.68606,0.68465,0.68582,0,0
2014-10-17,17:00:00,0.68587,0.68673,0.68535,0.68567,0,0
2014-10-17,18:00:00,0.68569,0.6872,0.68554,0.68687,0,0
2014-10-17,19:00:00,0.68689,0.68694,0.6864,0.68656,0,0
2014-10-17,20:00:00,0.68656,0.68675,0.68578,0.68646,0,0
2014-10-17,21:00:00,0.68646,0.68654,0.68566,0.68585,0,0
2014-10-17,22:00:00,0.68585,0.68681,0.68574,0.68673,0,0
2014-10-17,23:00:00,0.68678,0.68678,0.68678,0.68678,0,0
2014-10-20,01:00:00,0.68702,0.6873,0.68655,0.68656,0,0
2014-10-20,02:00:00,0.68648,0.68781,0.68648,0.68679,0,0
2014-10-20,03:00:00,0.68681,0.68803,0.68676,0.68765,0,0
2014-10-20,04:00:00,0.68765,0.68815,0.68727,0.68789,0,0
2014-10-20,05:00:00,0.6879,0.68832,0.68734,0.688,0,0
2014-10-20,06:00:00,0.688,0.68817,0.68734,0.68769,0,0
2014-10-20,07:00:00,0.68767,0.68794,0.68757,0.68779,0,0
2014-10-20,08:00:00,0.68779,0.6879,0.68753,0.68785,0,0
2014-10-20,09:00:00,0.68785,0.68794,0.68668,0.68773,0,0
2014-10-20,10:00:00,0.68773,0.68773,0.68607,0.6861,0,0
2014-10-20,11:00:00,0.68605,0.68701,0.68587,0.68657,0,0
2014-10-20,12:00:00,0.68658,0.68742,0.68643,0.6866,0,0
2014-10-20,13:00:00,0.6866,0.68753,0.68604,0.68608,0,0
2014-10-20,14:00:00,0.68609,0.68637,0.68515,0.68637,0,0
2014-10-20,15:00:00,0.68637,0.68731,0.68628,0.68731,0,0
2014-10-20,16:00:00,0.68727,0.68836,0.68705,0.68786,0,0
2014-10-20,17:00:00,0.68784,0.68888,0.68717,0.6872,0,0
2014-10-20,18:00:00,0.68722,0.68735,0.68673,0.68722,0,0
2014-10-20,19:00:00,0.68722,0.68748,0.6868,0.6868,0,0
2014-10-20,20:00:00,0.68678,0.68713,0.68649,0.6868,0,0
2014-10-20,21:00:00,0.68682,0.68719,0.6862,0.68636,0,0
2014-10-20,22:00:00,0.68634,0.6871,0.6863,0.68687,0,0
2014-10-20,23:00:00,0.68686,0.68693,0.68604,0.68618,0,0
2014-10-20,23:59:00,0.68615,0.68658,0.68578,0.68617,0,0
2014-10-21,01:00:00,0.68624,0.68719,0.6861,0.68692,0,0
2014-10-21,02:00:00,0.68692,0.68711,0.68586,0.68601,0,0
2014-10-21,03:00:00,0.68601,0.68724,0.68582,0.68666,0,0
2014-10-21,04:00:00,0.68664,0.68668,0.68539,0.68567,0,0
2014-10-21,05:00:00,0.68515,0.68862,0.68515,0.68749,0,0
2014-10-21,06:00:00,0.68752,0.68793,0.68726,0.68779,0,0
2014-10-21,07:00:00,0.6878,0.68862,0.68768,0.68784,0,0
2014-10-21,08:00:00,0.68779,0.68796,0.68675,0.68796,0,0
2014-10-21,09:00:00,0.68793,0.68804,0.68636,0.68649,0,0
2014-10-21,10:00:00,0.68655,0.68713,0.68594,0.68669,0,0
2014-10-21,11:00:00,0.68667,0.68731,0.68633,0.68645,0,0
2014-10-21,12:00:00,0.68646,0.69045,0.68634,0.69039,0,0
2014-10-21,13:00:00,0.69036,0.69055,0.68946,0.6898,0,0
2014-10-21,14:00:00,0.6898,0.69151,0.68948,0.68948,0,0
2014-10-21,15:00:00,0.68952,0.69173,0.68946,0.69164,0,0
2014-10-21,16:00:00,0.69163,0.69215,0.69125,0.69197,0,0
2014-10-21,17:00:00,0.69194,0.69326,0.69097,0.69182,0,0
2014-10-21,18:00:00,0.69181,0.6921,0.68981,0.69125,0,0
2014-10-21,19:00:00,0.69127,0.69173,0.69069,0.6907,0,0
2014-10-21,20:00:00,0.69069,0.69118,0.69034,0.69034,0,0
2014-10-21,21:00:00,0.69034,0.69037,0.68946,0.68999,0,0
2014-10-21,22:00:00,0.68998,0.69069,0.68969,0.69052,0,0
2014-10-21,23:00:00,0.69056,0.69071,0.69033,0.69055,0,0
2014-10-21,23:59:00,0.69051,0.69081,0.69005,0.69068,0,0
2014-10-22,01:00:00,0.69059,0.69064,0.68943,0.68949,0,0
2014-10-22,02:00:00,0.68949,0.69001,0.68943,0.68968,0,0
2014-10-22,03:00:00,0.68968,0.69103,0.68794,0.69034,0,0
2014-10-22,04:00:00,0.69036,0.69043,0.6894,0.69017,0,0
2014-10-22,05:00:00,0.69002,0.69098,0.68999,0.69085,0,0
2014-10-22,06:00:00,0.69086,0.69116,0.69065,0.69077,0,0
2014-10-22,07:00:00,0.69078,0.6911,0.6906,0.69086,0,0
2014-10-22,08:00:00,0.69086,0.69086,0.69025,0.69067,0,0
2014-10-22,09:00:00,0.69067,0.69088,0.68985,0.69011,0,0
2014-10-22,10:00:00,0.69008,0.69099,0.68997,0.69046,0,0
2014-10-22,11:00:00,0.69048,0.69251,0.69045,0.69246,0,0
2014-10-22,12:00:00,0.69247,0.69262,0.69189,0.69261,0,0
2014-10-22,13:00:00,0.69256,0.69266,0.69188,0.69235,0,0
2014-10-22,14:00:00,0.69235,0.69305,0.69171,0.69257,0,0
2014-10-22,15:00:00,0.69256,0.69367,0.69239,0.69267,0,0
2014-10-22,16:00:00,0.69265,0.69356,0.69219,0.69344,0,0
2014-10-22,17:00:00,0.6935,0.69499,0.6935,0.69493,0,0
2014-10-22,18:00:00,0.69493,0.69618,0.69455,0.6946,0,0
2014-10-22,19:00:00,0.69462,0.69463,0.69365,0.69383,0,0
2014-10-22,20:00:00,0.69382,0.6946,0.69365,0.69433,0,0
2014-10-22,21:00:00,0.69434,0.6947,0.69413,0.69443,0,0
2014-10-22,22:00:00,0.69442,0.69463,0.69382,0.69395,0,0
2014-10-22,23:00:00,0.69394,0.69472,0.69365,0.69411,0,0
2014-10-22,23:59:00,0.69399,0.69434,0.69248,0.69306,0,0
2014-10-23,01:00:00,0.69294,0.69403,0.69289,0.69327,0,0
2014-10-23,02:00:00,0.69331,0.69371,0.69301,0.69336,0,0
2014-10-23,03:00:00,0.69343,0.69368,0.69246,0.69258,0,0
2014-10-23,04:00:00,0.69258,0.69408,0.69255,0.69296,0,0
2014-10-23,05:00:00,0.69295,0.69392,0.69293,0.69328,0,0
2014-10-23,06:00:00,0.69327,0.69342,0.69281,0.69281,0,0
2014-10-23,07:00:00,0.69281,0.69328,0.69273,0.69325,0,0
2014-10-23,08:00:00,0.69327,0.69328,0.69262,0.69262,0,0
2014-10-23,09:00:00,0.69262,0.69414,0.69255,0.69388,0,0
2014-10-23,10:00:00,0.69386,0.69545,0.69386,0.69517,0,0
2014-10-23,11:00:00,0.69512,0.69521,0.69322,0.69355,0,0
2014-10-23,12:00:00,0.69355,0.69418,0.69347,0.69374,0,0
2014-10-23,13:00:00,0.69381,0.69397,0.69288,0.6933,0,0
2014-10-23,14:00:00,0.69331,0.69527,0.69304,0.69456,0,0
2014-10-23,15:00:00,0.69454,0.69477,0.69356,0.69361,0,0
2014-10-23,16:00:00,0.69359,0.69387,0.6927,0.69369,0,0
2014-10-23,17:00:00,0.6937,0.6939,0.6924,0.69283,0,0
2014-10-23,18:00:00,0.69288,0.69352,0.69265,0.69312,0,0
2014-10-23,19:00:00,0.69309,0.69332,0.69249,0.69279,0,0
2014-10-23,20:00:00,0.69283,0.69297,0.6921,0.6927,0,0
2014-10-23,21:00:00,0.69269,0.69289,0.6921,0.69223,0,0
2014-10-23,22:00:00,0.69222,0.69246,0.6917,0.69195,0,0
2014-10-23,23:00:00,0.69195,0.6929,0.69195,0.69273,0,0
2014-10-23,23:59:00,0.69274,0.69309,0.69222,0.69269,0,0
2014-10-24,01:00:00,0.69265,0.69279,0.69226,0.69247,0,0
2014-10-24,02:00:00,0.69247,0.69251,0.6919,0.69214,0,0
2014-10-24,03:00:00,0.69207,0.69217,0.68903,0.68975,0,0
2014-10-24,04:00:00,0.68975,0.69073,0.6895,0.69072,0,0
2014-10-24,05:00:00,0.6907,0.69105,0.69065,0.69087,0,0
2014-10-24,06:00:00,0.69083,0.69231,0.69062,0.69176,0,0
2014-10-24,07:00:00,0.69176,0.69251,0.69161,0.69206,0,0
2014-10-24,08:00:00,0.69206,0.69312,0.69187,0.69266,0,0
2014-10-24,09:00:00,0.69265,0.69265,0.69206,0.69223,0,0
2014-10-24,10:00:00,0.69224,0.69376,0.69212,0.69348,0,0
2014-10-24,11:00:00,0.69345,0.69447,0.69318,0.69331,0,0
2014-10-24,12:00:00,0.6933,0.69427,0.69328,0.69393,0,0
2014-10-24,13:00:00,0.69392,0.69439,0.69358,0.69382,0,0
2014-10-24,14:00:00,0.69382,0.69416,0.69331,0.69391,0,0
2014-10-24,15:00:00,0.69393,0.69583,0.6936,0.69481,0,0
2014-10-24,16:00:00,0.6948,0.69554,0.69469,0.69547,0,0
2014-10-24,17:00:00,0.69543,0.69571,0.69452,0.69458,0,0
2014-10-24,18:00:00,0.6945,0.69547,0.69441,0.6952,0,0
2014-10-24,19:00:00,0.69519,0.69562,0.69497,0.69512,0,0
2014-10-24,20:00:00,0.69502,0.69529,0.69483,0.695,0,0
2014-10-24,21:00:00,0.695,0.69556,0.69436,0.6945,0,0
2014-10-24,22:00:00,0.69453,0.69506,0.69438,0.69444,0,0
2014-10-24,23:00:00,0.69444,0.69449,0.69444,0.69449,0,0
2014-10-27,01:00:00,0.69434,0.69455,0.69385,0.69449,0,0
2014-10-27,02:00:00,0.69449,0.69524,0.69449,0.69484,0,0
2014-10-27,03:00:00,0.69484,0.6951,0.69355,0.6939,0,0
2014-10-27,04:00:00,0.6939,0.69447,0.69352,0.69401,0,0
2014-10-27,05:00:00,0.69409,0.69417,0.69336,0.69362,0,0
2014-10-27,06:00:00,0.69362,0.69403,0.69353,0.69387,0,0
2014-10-27,07:00:00,0.69385,0.69399,0.69357,0.69388,0,0
2014-10-27,08:00:00,0.69388,0.69405,0.69327,0.69335,0,0
2014-10-27,09:00:00,0.69335,0.6939,0.69291,0.69294,0,0
2014-10-27,10:00:00,0.69294,0.69323,0.69265,0.69318,0,0
2014-10-27,11:00:00,0.69321,0.69519,0.69321,0.69459,0,0
2014-10-27,12:00:00,0.69457,0.69519,0.6941,0.69441,0,0
2014-10-27,13:00:00,0.69439,0.69467,0.69371,0.6941,0,0
2014-10-27,14:00:00,0.6941,0.69414,0.69321,0.69333,0,0
2014-10-27,15:00:00,0.69336,0.69374,0.69318,0.69329,0,0
2014-10-27,16:00:00,0.69333,0.69336,0.69208,0.6929,0,0
2014-10-27,17:00:00,0.69294,0.69309,0.69221,0.69224,0,0
2014-10-27,18:00:00,0.6922,0.69308,0.69207,0.69293,0,0
2014-10-27,19:00:00,0.69292,0.69344,0.69292,0.69308,0,0
2014-10-27,20:00:00,0.69302,0.69307,0.69283,0.693,0,0
2014-10-27,21:00:00,0.69308,0.69308,0.69265,0.69294,0,0
2014-10-27,22:00:00,0.69294,0.69324,0.69287,0.69315,0,0
2014-10-27,23:00:00,0.69315,0.69328,0.69279,0.69315,0,0
2014-10-27,23:59:00,0.69315,0.69315,0.69275,0.69287,0,0
2014-10-28,01:00:00,0.69283,0.69318,0.69264,0.69313,0,0
2014-10-28,02:00:00,0.69313,0.69355,0.69289,0.69345,0,0
2014-10-28,03:00:00,0.69344,0.69393,0.69337,0.6937,0,0
2014-10-28,04:00:00,0.6937,0.6938,0.69336,0.69362,0,0
2014-10-28,05:00:00,0.69362,0.69449,0.69343,0.69401,0,0
2014-10-28,06:00:00,0.69401,0.6942,0.69385,0.69399,0,0
2014-10-28,07:00:00,0.69397,0.69421,0.69381,0.69396,0,0
2014-10-28,08:00:00,0.69396,0.6945,0.69385,0.69423,0,0
2014-10-28,09:00:00,0.69423,0.6952,0.69422,0.6944,0,0
2014-10-28,10:00:00,0.69434,0.69497,0.69429,0.69497,0,0
2014-10-28,11:00:00,0.69495,0.6958,0.6948,0.69537,0,0
2014-10-28,12:00:00,0.69538,0.69622,0.69484,0.69584,0,0
2014-10-28,13:00:00,0.69584,0.6961,0.6951,0.6958,0,0
2014-10-28,14:00:00,0.69582,0.69645,0.69514,0.69524,0,0
2014-10-28,15:00:00,0.69531,0.69608,0.69452,0.69498,0,0
2014-10-28,16:00:00,0.69505,0.69584,0.69405,0.69415,0,0
2014-10-28,17:00:00,0.69422,0.69484,0.69405,0.69405,0,0
2014-10-28,18:00:00,0.69409,0.69488,0.69404,0.69473,0,0
2014-10-28,19:00:00,0.69474,0.69542,0.69455,0.69529,0,0
2014-10-28,20:00:00,0.69535,0.69542,0.69479,0.69528,0,0
2014-10-28,21:00:00,0.69528,0.69586,0.69516,0.6955,0,0
2014-10-28,22:00:00,0.69547,0.69569,0.69537,0.69539,0,0
2014-10-28,23:00:00,0.6953,0.69556,0.69488,0.69509,0,0
2014-10-28,23:59:00,0.69509,0.69541,0.69486,0.695,0,0
2014-10-29,01:00:00,0.69511,0.69574,0.69509,0.69554,0,0
2014-10-29,02:00:00,0.69563,0.69625,0.69543,0.69588,0,0
2014-10-29,03:00:00,0.69588,0.69613,0.69543,0.69573,0,0
2014-10-29,04:00:00,0.69571,0.69609,0.69563,0.69585,0,0
2014-10-29,05:00:00,0.69588,0.69612,0.69569,0.69605,0,0
2014-10-29,06:00:00,0.69605,0.69628,0.69587,0.69625,0,0
2014-10-29,07:00:00,0.69627,0.69635,0.69586,0.69586,0,0
2014-10-29,08:00:00,0.69579,0.69614,0.69563,0.69563,0,0
2014-10-29,09:00:00,0.69559,0.69679,0.69556,0.6966,0,0
2014-10-29,10:00:00,0.6966,0.6978,0.69658,0.69737,0,0
2014-10-29,11:00:00,0.69736,0.69783,0.69691,0.69753,0,0
2014-10-29,12:00:00,0.69752,0.69755,0.69678,0.69708,0,0
2014-10-29,13:00:00,0.69708,0.69812,0.69674,0.69806,0,0
2014-10-29,14:00:00,0.69807,0.6982,0.69755,0.69797,0,0
2014-10-29,15:00:00,0.69797,0.69825,0.69752,0.69779,0,0
2014-10-29,16:00:00,0.69774,0.69838,0.69732,0.69752,0,0
2014-10-29,17:00:00,0.6975,0.69774,0.69684,0.69774,0,0
2014-10-29,18:00:00,0.69772,0.69772,0.69691,0.6973,0,0
2014-10-29,19:00:00,0.69728,0.69811,0.69678,0.69706,0,0
2014-10-29,20:00:00,0.69737,0.6975,0.69452,0.69616,0,0
2014-10-29,21:00:00,0.69615,0.69636,0.69486,0.69611,0,0
2014-10-29,22:00:00,0.69611,0.69648,0.69452,0.69648,0,0
2014-10-29,23:00:00,0.69648,0.69648,0.69552,0.69577,0,0
2014-10-29,23:59:00,0.69577,0.69641,0.69532,0.69536,0,0
2014-10-30,01:00:00,0.6954,0.69572,0.69383,0.69417,0,0
2014-10-30,02:00:00,0.69417,0.69557,0.69387,0.69519,0,0
2014-10-30,03:00:00,0.69519,0.69526,0.69437,0.69501,0,0
2014-10-30,04:00:00,0.69501,0.69553,0.695,0.69526,0,0
2014-10-30,05:00:00,0.69526,0.69538,0.6946,0.69479,0,0
2014-10-30,06:00:00,0.69479,0.69552,0.69474,0.69533,0,0
2014-10-30,07:00:00,0.69534,0.69622,0.69534,0.69581,0,0
2014-10-30,08:00:00,0.69579,0.69628,0.69546,0.69619,0,0
2014-10-30,09:00:00,0.69621,0.69697,0.69616,0.69638,0,0
2014-10-30,10:00:00,0.69637,0.69876,0.69637,0.69874,0,0
2014-10-30,11:00:00,0.69875,0.69967,0.69856,0.69878,0,0
2014-10-30,12:00:00,0.69887,0.69908,0.69775,0.69862,0,0
2014-10-30,13:00:00,0.69862,0.69878,0.69762,0.69811,0,0
2014-10-30,14:00:00,0.69811,0.69928,0.69716,0.69921,0,0
2014-10-30,15:00:00,0.69922,0.69922,0.69805,0.69812,0,0
2014-10-30,16:00:00,0.6981,0.69914,0.69773,0.69887,0,0
2014-10-30,17:00:00,0.69886,0.69946,0.69828,0.69914,0,0
2014-10-30,18:00:00,0.69919,0.70006,0.69907,0.70004,0,0
2014-10-30,19:00:00,0.70004,0.70045,0.69954,0.69986,0,0
2014-10-30,20:00:00,0.69981,0.70078,0.69972,0.7001,0,0
2014-10-30,21:00:00,0.70008,0.7007,0.7,0.70065,0,0
2014-10-30,22:00:00,0.70065,0.70077,0.70018,0.70038,0,0
2014-10-30,23:00:00,0.70037,0.70149,0.70011,0.70087,0,0
2014-10-30,23:59:00,0.70082,0.70082,0.69989,0.70025,0,0
2014-10-31,01:00:00,0.70027,0.70047,0.69961,0.69988,0,0
2014-10-31,02:00:00,0.70004,0.70031,0.69946,0.69961,0,0
2014-10-31,03:00:00,0.69966,0.70071,0.69953,0.7006,0,0
2014-10-31,04:00:00,0.7006,0.70071,0.69999,0.70014,0,0
2014-10-31,05:00:00,0.70013,0.70069,0.69996,0.70013,0,0
2014-10-31,06:00:00,0.70013,0.70056,0.69861,0.69942,0,0
2014-10-31,07:00:00,0.6995,0.70023,0.69859,0.69937,0,0
2014-10-31,08:00:00,0.69973,0.70077,0.69921,0.7006,0,0
2014-10-31,09:00:00,0.70058,0.70182,0.69941,0.70107,0,0
2014-10-31,10:00:00,0.70099,0.70189,0.70071,0.70113,0,0
2014-10-31,11:00:00,0.70113,0.70167,0.70097,0.70158,0,0
2014-10-31,12:00:00,0.70158,0.7022,0.70046,0.70176,0,0
2014-10-31,13:00:00,0.70171,0.70263,0.70111,0.7018,0,0
2014-10-31,14:00:00,0.70178,0.70302,0.70098,0.70199,0,0
2014-10-31,15:00:00,0.70194,0.70261,0.70092,0.70222,0,0
2014-10-31,16:00:00,0.70221,0.70237,0.70104,0.70161,0,0
2014-10-31,17:00:00,0.70157,0.70241,0.70119,0.70152,0,0
2014-10-31,18:00:00,0.70156,0.70274,0.7013,0.70259,0,0
2014-10-31,19:00:00,0.70262,0.70262,0.70162,0.7017,0,0
2014-10-31,20:00:00,0.70169,0.70228,0.70151,0.70211,0,0
2014-10-31,21:00:00,0.70213,0.70252,0.70184,0.70216,0,0
2014-10-31,22:00:00,0.70216,0.70274,0.70182,0.70222,0,0
2014-10-31,23:00:00,0.70222,0.70229,0.70222,0.70229,0,0
2014-11-03,01:00:00,0.70013,0.70039,0.69932,0.69996,0,0
2014-11-03,02:00:00,0.69996,0.70053,0.6978,0.69905,0,0
2014-11-03,03:00:00,0.69895,0.69954,0.69815,0.69918,0,0
2014-11-03,04:00:00,0.69918,0.69936,0.69855,0.699,0,0
2014-11-03,05:00:00,0.699,0.69955,0.69875,0.69916,0,0
2014-11-03,06:00:00,0.69916,0.70011,0.69899,0.69977,0,0
2014-11-03,07:00:00,0.69977,0.70006,0.69955,0.69993,0,0
2014-11-03,08:00:00,0.69993,0.70046,0.69984,0.70035,0,0
2014-11-03,09:00:00,0.70029,0.70037,0.6993,0.69967,0,0
2014-11-03,10:00:00,0.69967,0.70062,0.6995,0.6995,0,0
2014-11-03,11:00:00,0.69942,0.70025,0.69924,0.69976,0,0
2014-11-03,12:00:00,0.69972,0.70002,0.6985,0.69888,0,0
2014-11-03,13:00:00,0.69883,0.69909,0.69701,0.69769,0,0
2014-11-03,14:00:00,0.69773,0.69781,0.69721,0.69757,0,0
2014-11-03,15:00:00,0.69757,0.69761,0.69668,0.69682,0,0
2014-11-03,16:00:00,0.69684,0.69714,0.69596,0.69621,0,0
2014-11-03,17:00:00,0.69623,0.69742,0.69622,0.69717,0,0
2014-11-03,18:00:00,0.69716,0.6975,0.69646,0.69668,0,0
2014-11-03,19:00:00,0.69668,0.69676,0.69575,0.6964,0,0
2014-11-03,20:00:00,0.69643,0.69665,0.69606,0.69651,0,0
2014-11-03,21:00:00,0.69652,0.69667,0.69525,0.69538,0,0
2014-11-03,22:00:00,0.69538,0.69594,0.69519,0.69571,0,0
2014-11-03,23:00:00,0.69567,0.69589,0.69496,0.69542,0,0
2014-11-03,23:59:00,0.69542,0.69594,0.69497,0.69564,0,0
2014-11-04,01:00:00,0.69579,0.69616,0.69534,0.69565,0,0
2014-11-04,02:00:00,0.6956,0.69649,0.69199,0.69397,0,0
2014-11-04,03:00:00,0.69397,0.69577,0.69397,0.69517,0,0
2014-11-04,04:00:00,0.69518,0.69589,0.69446,0.69464,0,0
2014-11-04,05:00:00,0.69465,0.69735,0.6942,0.69663,0,0
2014-11-04,06:00:00,0.6967,0.69719,0.69646,0.69662,0,0
2014-11-04,07:00:00,0.69662,0.6969,0.69603,0.69679,0,0
2014-11-04,08:00:00,0.69679,0.6976,0.6967,0.6976,0,0
2014-11-04,09:00:00,0.6976,0.69775,0.69679,0.69691,0,0
2014-11-04,10:00:00,0.69691,0.69755,0.69656,0.69755,0,0
2014-11-04,11:00:00,0.69746,0.69875,0.69713,0.69842,0,0
2014-11-04,12:00:00,0.6984,0.69879,0.69775,0.69794,0,0
2014-11-04,13:00:00,0.69794,0.6987,0.69791,0.69854,0,0
2014-11-04,14:00:00,0.69854,0.69859,0.69708,0.69749,0,0
2014-11-04,15:00:00,0.6975,0.69779,0.69628,0.69741,0,0
2014-11-04,16:00:00,0.6974,0.69764,0.69655,0.69688,0,0
2014-11-04,17:00:00,0.69687,0.69687,0.69376,0.69417,0,0
2014-11-04,18:00:00,0.69417,0.69558,0.69413,0.69521,0,0
2014-11-04,19:00:00,0.69522,0.69599,0.69504,0.69592,0,0
2014-11-04,20:00:00,0.69596,0.69623,0.69549,0.69594,0,0
2014-11-04,21:00:00,0.69595,0.69624,0.69545,0.69621,0,0
2014-11-04,22:00:00,0.69623,0.69663,0.69617,0.69645,0,0
2014-11-04,23:00:00,0.69643,0.69663,0.69584,0.69647,0,0
2014-11-04,23:59:00,0.69646,0.69778,0.69609,0.69723,0,0
2014-11-05,01:00:00,0.69731,0.69772,0.69679,0.69683,0,0
2014-11-05,02:00:00,0.69669,0.69679,0.69586,0.69623,0,0
2014-11-05,03:00:00,0.69621,0.69637,0.69539,0.69628,0,0
2014-11-05,04:00:00,0.69628,0.69722,0.69609,0.69668,0,0
2014-11-05,05:00:00,0.69668,0.6968,0.69621,0.69651,0,0
2014-11-05,06:00:00,0.6965,0.69652,0.69519,0.69544,0,0
2014-11-05,07:00:00,0.69544,0.69591,0.69488,0.69544,0,0
2014-11-05,08:00:00,0.69543,0.69544,0.69325,0.69377,0,0
2014-11-05,09:00:00,0.69375,0.69446,0.69354,0.69446,0,0
2014-11-05,10:00:00,0.69449,0.69466,0.69342,0.69359,0,0
2014-11-05,11:00:00,0.69353,0.69445,0.69319,0.69377,0,0
2014-11-05,12:00:00,0.69385,0.69399,0.69032,0.69132,0,0
2014-11-05,13:00:00,0.69133,0.69158,0.69049,0.69051,0,0
2014-11-05,14:00:00,0.69048,0.69096,0.69014,0.69024,0,0
2014-11-05,15:00:00,0.6902,0.69044,0.68912,0.68952,0,0
2014-11-05,16:00:00,0.6895,0.68951,0.68762,0.68844,0,0
2014-11-05,17:00:00,0.68841,0.68841,0.68714,0.68819,0,0
2014-11-05,18:00:00,0.68801,0.68828,0.68753,0.68791,0,0
2014-11-05,19:00:00,0.68791,0.68791,0.68672,0.6869,0,0
2014-11-05,20:00:00,0.68689,0.68732,0.6867,0.68674,0,0
2014-11-05,21:00:00,0.68674,0.6879,0.68666,0.68755,0,0
2014-11-05,22:00:00,0.6875,0.68861,0.6875,0.68837,0,0
2014-11-05,23:00:00,0.68837,0.68861,0.68806,0.68829,0,0
2014-11-05,23:59:00,0.68838,0.68853,0.68686,0.68716,0,0
2014-11-06,01:00:00,0.68713,0.68782,0.68645,0.68746,0,0
2014-11-06,02:00:00,0.68748,0.68904,0.68575,0.68631,0,0
2014-11-06,03:00:00,0.6863,0.68746,0.6863,0.68707,0,0
2014-11-06,04:00:00,0.68707,0.68845,0.68646,0.68646,0,0
2014-11-06,05:00:00,0.6865,0.68658,0.68528,0.68628,0,0
2014-11-06,06:00:00,0.68629,0.68794,0.68598,0.68794,0,0
2014-11-06,07:00:00,0.68794,0.68806,0.68717,0.68793,0,0
2014-11-06,08:00:00,0.688,0.68826,0.68722,0.68747,0,0
2014-11-06,09:00:00,0.68747,0.68937,0.68732,0.68879,0,0
2014-11-06,10:00:00,0.68877,0.68908,0.68805,0.68903,0,0
2014-11-06,11:00:00,0.68901,0.6894,0.68841,0.68872,0,0
2014-11-06,12:00:00,0.68875,0.68891,0.68767,0.68835,0,0
2014-11-06,13:00:00,0.68832,0.68838,0.687,0.68772,0,0
2014-11-06,14:00:00,0.68774,0.6883,0.68756,0.68795,0,0
2014-11-06,15:00:00,0.68799,0.69286,0.6876,0.69155,0,0
2014-11-06,16:00:00,0.6916,0.69258,0.69099,0.69194,0,0
2014-11-06,17:00:00,0.69199,0.69218,0.69021,0.69074,0,0
2014-11-06,18:00:00,0.69077,0.69183,0.69062,0.69116,0,0
2014-11-06,19:00:00,0.6912,0.69151,0.6906,0.69071,0,0
2014-11-06,20:00:00,0.69074,0.69232,0.69065,0.69217,0,0
2014-11-06,21:00:00,0.69217,0.6923,0.69177,0.69203,0,0
2014-11-06,22:00:00,0.69203,0.69221,0.69167,0.69195,0,0
2014-11-06,23:00:00,0.69195,0.69227,0.69147,0.69169,0,0
2014-11-06,23:59:00,0.69169,0.69205,0.69132,0.69136,0,0
2014-11-07,01:00:00,0.69141,0.69175,0.69108,0.6916,0,0
2014-11-07,02:00:00,0.6916,0.69249,0.69055,0.69181,0,0
2014-11-07,03:00:00,0.69183,0.69231,0.69073,0.6915,0,0
2014-11-07,04:00:00,0.69147,0.69204,0.69127,0.6916,0,0
2014-11-07,05:00:00,0.6916,0.69171,0.69073,0.69127,0,0
2014-11-07,06:00:00,0.69126,0.69146,0.69039,0.69062,0,0
2014-11-07,07:00:00,0.69066,0.69154,0.69025,0.69096,0,0
2014-11-07,08:00:00,0.69096,0.69138,0.69075,0.69129,0,0
2014-11-07,09:00:00,0.69127,0.69265,0.69116,0.6924,0,0
2014-11-07,10:00:00,0.69235,0.69333,0.69226,0.69319,0,0
2014-11-07,11:00:00,0.69316,0.69353,0.69251,0.69342,0,0
2014-11-07,12:00:00,0.69342,0.69371,0.69325,0.6935,0,0
2014-11-07,13:00:00,0.69349,0.69364,0.693,0.69364,0,0
2014-11-07,14:00:00,0.69361,0.69369,0.69249,0.69339,0,0
2014-11-07,15:00:00,0.69339,0.69492,0.69297,0.69416,0,0
2014-11-07,16:00:00,0.69419,0.69557,0.69389,0.69401,0,0
2014-11-07,17:00:00,0.69403,0.69415,0.69311,0.69366,0,0
2014-11-07,18:00:00,0.69363,0.69406,0.69317,0.69389,0,0
2014-11-07,19:00:00,0.69391,0.69427,0.6935,0.69385,0,0
2014-11-07,20:00:00,0.69387,0.69454,0.69349,0.69407,0,0
2014-11-07,21:00:00,0.69407,0.69463,0.6937,0.6942,0,0
2014-11-07,22:00:00,0.69416,0.6944,0.69314,0.6932,0,0
2014-11-07,23:00:00,0.6932,0.6932,0.6932,0.6932,0,0
2014-11-10,01:00:00,0.69327,0.69391,0.69317,0.69361,0,0
2014-11-10,02:00:00,0.69357,0.69443,0.69349,0.69409,0,0
2014-11-10,03:00:00,0.69409,0.69527,0.69409,0.69527,0,0
2014-11-10,04:00:00,0.6952,0.69547,0.6945,0.69468,0,0
2014-11-10,05:00:00,0.69468,0.69502,0.6945,0.69476,0,0
2014-11-10,06:00:00,0.69476,0.69492,0.69456,0.69476,0,0
2014-11-10,07:00:00,0.69475,0.69527,0.69465,0.69506,0,0
2014-11-10,08:00:00,0.69506,0.69554,0.69465,0.69467,0,0
2014-11-10,09:00:00,0.69472,0.69537,0.69446,0.69524,0,0
2014-11-10,10:00:00,0.69529,0.69545,0.69477,0.69494,0,0
2014-11-10,11:00:00,0.69495,0.69512,0.69451,0.69503,0,0
2014-11-10,12:00:00,0.69503,0.69509,0.69368,0.69386,0,0
2014-11-10,13:00:00,0.69388,0.69413,0.69342,0.69372,0,0
2014-11-10,14:00:00,0.69374,0.69417,0.69364,0.694,0,0
2014-11-10,15:00:00,0.6941,0.69419,0.69375,0.6939,0,0
2014-11-10,16:00:00,0.69379,0.69478,0.69372,0.69478,0,0
2014-11-10,17:00:00,0.69478,0.69506,0.69391,0.69425,0,0
2014-11-10,18:00:00,0.69443,0.69453,0.69397,0.69411,0,0
2014-11-10,19:00:00,0.69402,0.69439,0.69397,0.69422,0,0
2014-11-10,20:00:00,0.69418,0.69437,0.69358,0.69359,0,0
2014-11-10,21:00:00,0.69365,0.69371,0.69292,0.69342,0,0
2014-11-10,22:00:00,0.69353,0.69372,0.69324,0.69372,0,0
2014-11-10,23:00:00,0.69369,0.69412,0.69363,0.69411,0,0
2014-11-10,23:59:00,0.69402,0.69413,0.69372,0.69387,0,0
2014-11-11,01:00:00,0.69396,0.69465,0.69391,0.69404,0,0
2014-11-11,02:00:00,0.69402,0.69489,0.69347,0.69485,0,0
2014-11-11,03:00:00,0.69486,0.69549,0.69464,0.69508,0,0
2014-11-11,04:00:00,0.69495,0.69536,0.69449,0.69508,0,0
2014-11-11,05:00:00,0.69508,0.69555,0.69473,0.69488,0,0
2014-11-11,06:00:00,0.6949,0.69541,0.69385,0.69412,0,0
2014-11-11,07:00:00,0.69417,0.69469,0.6938,0.69467,0,0
2014-11-11,08:00:00,0.69468,0.69484,0.69334,0.69337,0,0
2014-11-11,09:00:00,0.69351,0.69406,0.69313,0.69343,0,0
2014-11-11,10:00:00,0.69344,0.69372,0.69265,0.69276,0,0
2014-11-11,11:00:00,0.6928,0.69368,0.69251,0.69358,0,0
2014-11-11,12:00:00,0.6937,0.69442,0.69352,0.69413,0,0
2014-11-11,13:00:00,0.69417,0.69536,0.69417,0.69531,0,0
2014-11-11,14:00:00,0.69533,0.69558,0.69486,0.69513,0,0
2014-11-11,15:00:00,0.69507,0.69601,0.69488,0.69583,0,0
2014-11-11,16:00:00,0.69578,0.69615,0.6956,0.69606,0,0
2014-11-11,17:00:00,0.69602,0.69677,0.69574,0.69677,0,0
2014-11-11,18:00:00,0.69677,0.6973,0.69626,0.69674,0,0
2014-11-11,19:00:00,0.69674,0.69679,0.69582,0.69583,0,0
2014-11-11,20:00:00,0.69583,0.69647,0.69569,0.69618,0,0
2014-11-11,21:00:00,0.69618,0.69773,0.69605,0.69741,0,0
2014-11-11,22:00:00,0.69744,0.69749,0.69699,0.69709,0,0
2014-11-11,23:00:00,0.69701,0.69715,0.69598,0.69622,0,0
2014-11-11,23:59:00,0.69622,0.69703,0.69617,0.69673,0,0
2014-11-12,01:00:00,0.69673,0.69786,0.69653,0.69767,0,0
2014-11-12,02:00:00,0.69767,0.6979,0.69661,0.69693,0,0
2014-11-12,03:00:00,0.69693,0.69761,0.69676,0.69707,0,0
2014-11-12,04:00:00,0.69707,0.69753,0.69687,0.69715,0,0
2014-11-12,05:00:00,0.69715,0.69741,0.69649,0.69649,0,0
2014-11-12,06:00:00,0.69648,0.69662,0.69545,0.69586,0,0
2014-11-12,07:00:00,0.69581,0.69667,0.69558,0.69607,0,0
2014-11-12,08:00:00,0.69602,0.69657,0.69566,0.69621,0,0
2014-11-12,09:00:00,0.69619,0.69776,0.69589,0.69755,0,0
2014-11-12,10:00:00,0.6974,0.6983,0.69715,0.69808,0,0
2014-11-12,11:00:00,0.69772,0.69963,0.69771,0.69935,0,0
2014-11-12,12:00:00,0.6996,0.70047,0.69914,0.69959,0,0
2014-11-12,13:00:00,0.69937,0.69959,0.69844,0.6992,0,0
2014-11-12,14:00:00,0.69931,0.6995,0.69831,0.69867,0,0
2014-11-12,15:00:00,0.69867,0.69879,0.69748,0.69866,0,0
2014-11-12,16:00:00,0.69877,0.70035,0.69876,0.70026,0,0
2014-11-12,17:00:00,0.7002,0.7008,0.69984,0.69984,0,0
2014-11-12,18:00:00,0.69997,0.7012,0.6998,0.70117,0,0
2014-11-12,19:00:00,0.70117,0.70183,0.70103,0.70111,0,0
2014-11-12,20:00:00,0.70115,0.70142,0.70087,0.70111,0,0
2014-11-12,21:00:00,0.70113,0.70113,0.70067,0.70102,0,0
2014-11-12,22:00:00,0.70106,0.70137,0.70083,0.70099,0,0
2014-11-12,23:00:00,0.70108,0.70125,0.70079,0.70089,0,0
2014-11-12,23:59:00,0.70089,0.70112,0.70025,0.70102,0,0
2014-11-13,01:00:00,0.70087,0.70114,0.70035,0.70064,0,0
2014-11-13,02:00:00,0.70067,0.70108,0.7005,0.70062,0,0
2014-11-13,03:00:00,0.70062,0.70126,0.70054,0.70122,0,0
2014-11-13,04:00:00,0.70114,0.70165,0.69748,0.69904,0,0
2014-11-13,05:00:00,0.69906,0.69964,0.69862,0.69918,0,0
2014-11-13,06:00:00,0.69916,0.69947,0.69872,0.69917,0,0
2014-11-13,07:00:00,0.6992,0.69947,0.69874,0.69936,0,0
2014-11-13,08:00:00,0.69911,0.7002,0.69884,0.69946,0,0
2014-11-13,09:00:00,0.69946,0.69995,0.6988,0.69926,0,0
2014-11-13,10:00:00,0.69926,0.70137,0.69924,0.7011,0,0
2014-11-13,11:00:00,0.7011,0.70173,0.70095,0.70157,0,0
2014-11-13,12:00:00,0.7016,0.70293,0.70142,0.70238,0,0
2014-11-13,13:00:00,0.70238,0.70253,0.70123,0.70133,0,0
2014-11-13,14:00:00,0.70135,0.7024,0.70126,0.70223,0,0
2014-11-13,15:00:00,0.70222,0.70238,0.7013,0.70149,0,0
2014-11-13,16:00:00,0.70154,0.70166,0.70121,0.70128,0,0
2014-11-13,17:00:00,0.70128,0.70128,0.6996,0.70028,0,0
2014-11-13,18:00:00,0.70046,0.70088,0.69946,0.69961,0,0
2014-11-13,19:00:00,0.69961,0.70004,0.69923,0.69923,0,0
2014-11-13,20:00:00,0.69926,0.69932,0.69847,0.69874,0,0
2014-11-13,21:00:00,0.69876,0.69889,0.69819,0.69854,0,0
2014-11-13,22:00:00,0.69854,0.69866,0.69833,0.6985,0,0
2014-11-13,23:00:00,0.69863,0.69891,0.69839,0.69884,0,0
2014-11-13,23:59:00,0.69884,0.69884,0.69793,0.69819,0,0
2014-11-14,01:00:00,0.69818,0.69843,0.69785,0.69788,0,0
2014-11-14,02:00:00,0.69788,0.69847,0.69718,0.69776,0,0
2014-11-14,03:00:00,0.69775,0.69857,0.69774,0.69835,0,0
2014-11-14,04:00:00,0.69835,0.69888,0.69792,0.69795,0,0
2014-11-14,05:00:00,0.69795,0.69827,0.6976,0.69776,0,0
2014-11-14,06:00:00,0.69776,0.69918,0.69776,0.6986,0,0
2014-11-14,07:00:00,0.69862,0.69864,0.69801,0.69825,0,0
2014-11-14,08:00:00,0.69858,0.69876,0.69827,0.69837,0,0
2014-11-14,09:00:00,0.69816,0.69874,0.69798,0.69842,0,0
2014-11-14,10:00:00,0.69833,0.69836,0.69707,0.69725,0,0
2014-11-14,11:00:00,0.69726,0.69884,0.69715,0.69857,0,0
2014-11-14,12:00:00,0.69857,0.69937,0.69831,0.69895,0,0
2014-11-14,13:00:00,0.69896,0.69897,0.69766,0.6985,0,0
2014-11-14,14:00:00,0.69853,0.69876,0.69789,0.6979,0,0
2014-11-14,15:00:00,0.69805,0.69832,0.69738,0.69784,0,0
2014-11-14,16:00:00,0.69784,0.69859,0.69774,0.69806,0,0
2014-11-14,17:00:00,0.69806,0.69967,0.69806,0.69945,0,0
2014-11-14,18:00:00,0.69955,0.69982,0.69903,0.69931,0,0
2014-11-14,19:00:00,0.69947,0.69956,0.69833,0.69879,0,0
2014-11-14,20:00:00,0.69849,0.69878,0.69837,0.69856,0,0
2014-11-14,21:00:00,0.69856,0.6991,0.69841,0.69906,0,0
2014-11-14,22:00:00,0.69906,0.69933,0.6988,0.69904,0,0
2014-11-14,23:00:00,0.6992,0.6992,0.69918,0.69918,0,0
2014-11-17,01:00:00,0.69939,0.7,0.69875,0.69891,0,0
2014-11-17,02:00:00,0.69897,0.69941,0.69834,0.69941,0,0
2014-11-17,03:00:00,0.69944,0.70016,0.69895,0.70005,0,0
2014-11-17,04:00:00,0.69991,0.69998,0.69882,0.69937,0,0
2014-11-17,05:00:00,0.69945,0.69984,0.69901,0.69975,0,0
2014-11-17,06:00:00,0.69975,0.70052,0.69944,0.70032,0,0
2014-11-17,07:00:00,0.7003,0.70069,0.70009,0.70036,0,0
2014-11-17,08:00:00,0.70036,0.70051,0.70003,0.70025,0,0
2014-11-17,09:00:00,0.70021,0.70023,0.69959,0.69984,0,0
2014-11-17,10:00:00,0.69984,0.69993,0.69938,0.69938,0,0
2014-11-17,11:00:00,0.69938,0.70046,0.69862,0.69865,0,0
2014-11-17,12:00:00,0.69864,0.69888,0.69835,0.69857,0,0
2014-11-17,13:00:00,0.69857,0.69915,0.69846,0.69907,0,0
2014-11-17,14:00:00,0.69899,0.69901,0.69847,0.69876,0,0
2014-11-17,15:00:00,0.69876,0.6989,0.69781,0.69811,0,0
2014-11-17,16:00:00,0.69793,0.69888,0.69701,0.69816,0,0
2014-11-17,17:00:00,0.69838,0.69927,0.69802,0.69927,0,0
2014-11-17,18:00:00,0.69939,0.70035,0.69929,0.70022,0,0
2014-11-17,19:00:00,0.70022,0.70034,0.69977,0.69977,0,0
2014-11-17,20:00:00,0.69971,0.7,0.69967,0.69967,0,0
2014-11-17,21:00:00,0.69968,0.6998,0.69935,0.6994,0,0
2014-11-17,22:00:00,0.6994,0.6999,0.69932,0.69956,0,0
2014-11-17,23:00:00,0.69956,0.69984,0.69948,0.69951,0,0
2014-11-17,23:59:00,0.69951,0.69972,0.69875,0.69875,0,0
2014-11-18,01:00:00,0.69876,0.6996,0.69876,0.69941,0,0
2014-11-18,02:00:00,0.69941,0.69999,0.69878,0.6999,0,0
2014-11-18,03:00:00,0.6999,0.69991,0.69882,0.69923,0,0
2014-11-18,04:00:00,0.69923,0.69994,0.69923,0.69972,0,0
2014-11-18,05:00:00,0.69972,0.69976,0.69912,0.69928,0,0
2014-11-18,06:00:00,0.69922,0.69942,0.69908,0.6993,0,0
2014-11-18,07:00:00,0.69926,0.69944,0.69896,0.69909,0,0
2014-11-18,08:00:00,0.6991,0.6991,0.69856,0.69904,0,0
2014-11-18,09:00:00,0.69899,0.6999,0.69845,0.69845,0,0
2014-11-18,10:00:00,0.69853,0.70009,0.69807,0.70009,0,0
2014-11-18,11:00:00,0.70009,0.70009,0.69575,0.6959,0,0
2014-11-18,12:00:00,0.6959,0.6959,0.69385,0.69585,0,0
2014-11-18,13:00:00,0.69591,0.69659,0.69574,0.69655,0,0
2014-11-18,14:00:00,0.6966,0.69664,0.69586,0.69658,0,0
2014-11-18,15:00:00,0.69658,0.697,0.69606,0.69669,0,0
2014-11-18,16:00:00,0.69669,0.69733,0.69615,0.69715,0,0
2014-11-18,17:00:00,0.69692,0.69734,0.69652,0.69684,0,0
2014-11-18,18:00:00,0.69671,0.69679,0.69583,0.69604,0,0
2014-11-18,19:00:00,0.69605,0.6966,0.69599,0.69657,0,0
2014-11-18,20:00:00,0.69657,0.69657,0.69616,0.69638,0,0
2014-11-18,21:00:00,0.69636,0.69659,0.69631,0.69636,0,0
2014-11-18,22:00:00,0.69644,0.69651,0.69599,0.6961,0,0
2014-11-18,23:00:00,0.6961,0.69613,0.69552,0.6956,0,0
2014-11-18,23:59:00,0.69561,0.69587,0.69519,0.69542,0,0
2014-11-19,01:00:00,0.69551,0.69607,0.69476,0.69487,0,0
2014-11-19,02:00:00,0.69488,0.69494,0.69381,0.69439,0,0
2014-11-19,03:00:00,0.69425,0.69425,0.69293,0.69362,0,0
2014-11-19,04:00:00,0.6936,0.69375,0.69249,0.6926,0,0
2014-11-19,05:00:00,0.69262,0.69292,0.6919,0.69255,0,0
2014-11-19,06:00:00,0.69255,0.69286,0.69166,0.69192,0,0
2014-11-19,07:00:00,0.69201,0.69232,0.69154,0.6918,0,0
2014-11-19,08:00:00,0.69185,0.69259,0.69162,0.69255,0,0
2014-11-19,09:00:00,0.69243,0.69285,0.69105,0.69107,0,0
2014-11-19,10:00:00,0.691,0.69137,0.68963,0.68977,0,0
2014-11-19,11:00:00,0.68955,0.68959,0.68816,0.68885,0,0
2014-11-19,12:00:00,0.68887,0.68946,0.68859,0.68932,0,0
2014-11-19,13:00:00,0.68928,0.68947,0.68865,0.68944,0,0
2014-11-19,14:00:00,0.68944,0.68969,0.68844,0.68889,0,0
2014-11-19,15:00:00,0.68889,0.68915,0.68823,0.68859,0,0
2014-11-19,16:00:00,0.68831,0.68892,0.68829,0.68858,0,0
2014-11-19,17:00:00,0.68858,0.68862,0.68739,0.68802,0,0
2014-11-19,18:00:00,0.68788,0.68831,0.68708,0.68709,0,0
2014-11-19,19:00:00,0.68711,0.68751,0.68681,0.68709,0,0
2014-11-19,20:00:00,0.68707,0.68731,0.68666,0.6869,0,0
2014-11-19,21:00:00,0.68617,0.68789,0.68556,0.68683,0,0
2014-11-19,22:00:00,0.68676,0.68732,0.68649,0.68681,0,0
2014-11-19,23:00:00,0.68681,0.68687,0.68646,0.68654,0,0
2014-11-19,23:59:00,0.68654,0.68683,0.68542,0.68559,0,0
2014-11-20,01:00:00,0.68576,0.68614,0.68537,0.68607,0,0
2014-11-20,02:00:00,0.68605,0.68671,0.68585,0.68637,0,0
2014-11-20,03:00:00,0.68637,0.68726,0.68523,0.68659,0,0
2014-11-20,04:00:00,0.6867,0.68713,0.68633,0.68647,0,0
2014-11-20,05:00:00,0.68647,0.68647,0.68544,0.68553,0,0
2014-11-20,06:00:00,0.68553,0.68561,0.68452,0.68492,0,0
2014-11-20,07:00:00,0.68488,0.68499,0.68432,0.68492,0,0
2014-11-20,08:00:00,0.68488,0.68538,0.68469,0.6852,0,0
2014-11-20,09:00:00,0.68518,0.68521,0.68349,0.68413,0,0
2014-11-20,10:00:00,0.68424,0.6871,0.68376,0.68637,0,0
2014-11-20,11:00:00,0.68637,0.68689,0.6856,0.68676,0,0
2014-11-20,12:00:00,0.68679,0.68775,0.6866,0.68754,0,0
2014-11-20,13:00:00,0.68754,0.68785,0.68664,0.68722,0,0
2014-11-20,14:00:00,0.68723,0.68731,0.68675,0.68679,0,0
2014-11-20,15:00:00,0.68682,0.68698,0.68621,0.68636,0,0
2014-11-20,16:00:00,0.68636,0.6866,0.68529,0.68652,0,0
2014-11-20,17:00:00,0.68688,0.68784,0.68648,0.68761,0,0
2014-11-20,18:00:00,0.68761,0.68768,0.68701,0.6874,0,0
2014-11-20,19:00:00,0.68739,0.68772,0.68711,0.68725,0,0
2014-11-20,20:00:00,0.6873,0.68837,0.68722,0.68832,0,0
2014-11-20,21:00:00,0.68832,0.68832,0.68791,0.68806,0,0
2014-11-20,22:00:00,0.68806,0.68826,0.68786,0.68805,0,0
2014-11-20,23:00:00,0.68786,0.68805,0.68748,0.68756,0,0
2014-11-20,23:59:00,0.68719,0.68764,0.68677,0.68699,0,0
2014-11-21,01:00:00,0.68699,0.68744,0.68699,0.68729,0,0
2014-11-21,02:00:00,0.68729,0.68788,0.68714,0.68716,0,0
2014-11-21,03:00:00,0.68716,0.68845,0.68716,0.68834,0,0
2014-11-21,04:00:00,0.68834,0.68845,0.68747,0.68759,0,0
2014-11-21,05:00:00,0.68759,0.68805,0.68727,0.68767,0,0
2014-11-21,06:00:00,0.6876,0.68863,0.6876,0.6879,0,0
2014-11-21,07:00:00,0.68773,0.68863,0.68752,0.68796,0,0
2014-11-21,08:00:00,0.68794,0.68816,0.68729,0.68777,0,0
2014-11-21,09:00:00,0.68779,0.68844,0.68761,0.68843,0,0
2014-11-21,10:00:00,0.68843,0.69033,0.68772,0.69031,0,0
2014-11-21,11:00:00,0.69032,0.69387,0.69032,0.69377,0,0
2014-11-21,12:00:00,0.69377,0.70019,0.69367,0.69869,0,0
2014-11-21,13:00:00,0.69869,0.70103,0.69864,0.70032,0,0
2014-11-21,14:00:00,0.70032,0.70075,0.69874,0.70075,0,0
2014-11-21,15:00:00,0.70075,0.70182,0.69999,0.70015,0,0
2014-11-21,16:00:00,0.70015,0.7017,0.69912,0.69924,0,0
2014-11-21,17:00:00,0.69904,0.70075,0.69904,0.69956,0,0
2014-11-21,18:00:00,0.69952,0.69991,0.699,0.69977,0,0
2014-11-21,19:00:00,0.69977,0.70067,0.69963,0.70059,0,0
2014-11-21,20:00:00,0.70059,0.70097,0.7002,0.70024,0,0
2014-11-21,21:00:00,0.70021,0.70021,0.69891,0.69912,0,0
2014-11-21,22:00:00,0.69912,0.69967,0.69912,0.6995,0,0
2014-11-21,23:00:00,0.69947,0.69966,0.69944,0.69965,0,0
2014-11-24,01:00:00,0.70046,0.70187,0.70043,0.70148,0,0
2014-11-24,02:00:00,0.70148,0.70204,0.70122,0.70171,0,0
2014-11-24,03:00:00,0.70171,0.7019,0.70117,0.70184,0,0
2014-11-24,04:00:00,0.70187,0.70232,0.70139,0.70185,0,0
2014-11-24,05:00:00,0.70184,0.70194,0.70063,0.70068,0,0
2014-11-24,06:00:00,0.70068,0.70083,0.70033,0.70062,0,0
2014-11-24,07:00:00,0.70062,0.70095,0.70023,0.70033,0,0
2014-11-24,08:00:00,0.70034,0.70064,0.70007,0.70057,0,0
2014-11-24,09:00:00,0.70056,0.70056,0.69881,0.69927,0,0
2014-11-24,10:00:00,0.69926,0.69962,0.69817,0.69834,0,0
2014-11-24,11:00:00,0.69834,0.69834,0.69675,0.69698,0,0
2014-11-24,12:00:00,0.69697,0.69723,0.69641,0.69685,0,0
2014-11-24,13:00:00,0.69686,0.69693,0.69575,0.696,0,0
2014-11-24,14:00:00,0.69601,0.69649,0.69475,0.69495,0,0
2014-11-24,15:00:00,0.69495,0.69542,0.69462,0.69487,0,0
2014-11-24,16:00:00,0.69485,0.69521,0.69354,0.69409,0,0
2014-11-24,17:00:00,0.69412,0.6942,0.69265,0.69265,0,0
2014-11-24,18:00:00,0.69265,0.69343,0.69254,0.69317,0,0
2014-11-24,19:00:00,0.69318,0.69318,0.69195,0.69296,0,0
2014-11-24,20:00:00,0.69294,0.69306,0.6921,0.69212,0,0
2014-11-24,21:00:00,0.69209,0.6925,0.69203,0.69225,0,0
2014-11-24,22:00:00,0.69225,0.69264,0.69209,0.69217,0,0
2014-11-24,23:00:00,0.69218,0.69276,0.69203,0.69262,0,0
2014-11-24,23:59:00,0.6926,0.69279,0.69222,0.69236,0,0
2014-11-25,01:00:00,0.69234,0.69265,0.69096,0.6917,0,0
2014-11-25,02:00:00,0.69171,0.693,0.69168,0.69254,0,0
2014-11-25,03:00:00,0.69254,0.69303,0.69085,0.69153,0,0
2014-11-25,04:00:00,0.69153,0.69224,0.68992,0.6902,0,0
2014-11-25,05:00:00,0.69024,0.69081,0.68977,0.69045,0,0
2014-11-25,06:00:00,0.69046,0.69219,0.69032,0.6918,0,0
2014-11-25,07:00:00,0.69173,0.69262,0.69156,0.69224,0,0
2014-11-25,08:00:00,0.69224,0.69228,0.6915,0.69189,0,0
2014-11-25,09:00:00,0.69184,0.69204,0.68965,0.69046,0,0
2014-11-25,10:00:00,0.69043,0.69051,0.68729,0.68826,0,0
2014-11-25,11:00:00,0.68826,0.68826,0.68551,0.68667,0,0
2014-11-25,12:00:00,0.68666,0.68723,0.68652,0.68722,0,0
2014-11-25,13:00:00,0.68719,0.68742,0.68633,0.68646,0,0
2014-11-25,14:00:00,0.68646,0.68715,0.68632,0.68678,0,0
2014-11-25,15:00:00,0.68678,0.68693,0.68619,0.68669,0,0
2014-11-25,16:00:00,0.68671,0.68674,0.68515,0.68532,0,0
2014-11-25,17:00:00,0.68533,0.68533,0.68362,0.68385,0,0
2014-11-25,18:00:00,0.68386,0.68435,0.68295,0.68307,0,0
2014-11-25,19:00:00,0.68308,0.68398,0.68304,0.68398,0,0
2014-11-25,20:00:00,0.68398,0.68401,0.68353,0.68377,0,0
2014-11-25,21:00:00,0.68372,0.68381,0.68306,0.68318,0,0
2014-11-25,22:00:00,0.68321,0.68387,0.68319,0.68357,0,0
2014-11-25,23:00:00,0.68364,0.6838,0.6834,0.68373,0,0
2014-11-25,23:59:00,0.68378,0.68398,0.6833,0.68395,0,0
2014-11-26,01:00:00,0.68397,0.68598,0.68388,0.6857,0,0
2014-11-26,02:00:00,0.6857,0.6857,0.68448,0.68479,0,0
2014-11-26,03:00:00,0.68479,0.68509,0.68418,0.68484,0,0
2014-11-26,04:00:00,0.68484,0.68496,0.68407,0.68451,0,0
2014-11-26,05:00:00,0.68451,0.68509,0.68439,0.68457,0,0
2014-11-26,06:00:00,0.68456,0.6848,0.68403,0.68415,0,0
2014-11-26,07:00:00,0.68422,0.68506,0.68415,0.68454,0,0
2014-11-26,08:00:00,0.68458,0.68562,0.68444,0.68515,0,0
2014-11-26,09:00:00,0.6851,0.6868,0.68495,0.68558,0,0
2014-11-26,10:00:00,0.68559,0.68571,0.6811,0.68181,0,0
2014-11-26,11:00:00,0.68181,0.68254,0.68008,0.68181,0,0
2014-11-26,12:00:00,0.68181,0.6826,0.68119,0.68226,0,0
2014-11-26,13:00:00,0.68221,0.68327,0.68194,0.68301,0,0
2014-11-26,14:00:00,0.68297,0.683,0.6811,0.68174,0,0
2014-11-26,15:00:00,0.68172,0.68208,0.68118,0.68118,0,0
2014-11-26,16:00:00,0.68118,0.68147,0.68053,0.68135,0,0
2014-11-26,17:00:00,0.68132,0.68187,0.68041,0.68149,0,0
2014-11-26,18:00:00,0.68146,0.68266,0.68134,0.68253,0,0
2014-11-26,19:00:00,0.68249,0.68262,0.682,0.6825,0,0
2014-11-26,20:00:00,0.68247,0.68331,0.68239,0.68281,0,0
2014-11-26,21:00:00,0.68278,0.68346,0.68261,0.68346,0,0
2014-11-26,22:00:00,0.68346,0.68389,0.68338,0.6835,0,0
2014-11-26,23:00:00,0.6835,0.68372,0.68326,0.68348,0,0
2014-11-26,23:59:00,0.68345,0.68358,0.68273,0.68273,0,0
2014-11-27,01:00:00,0.68271,0.68285,0.68203,0.6822,0,0
2014-11-27,02:00:00,0.6822,0.68457,0.68205,0.68398,0,0
2014-11-27,03:00:00,0.68398,0.68476,0.68371,0.68457,0,0
2014-11-27,04:00:00,0.68461,0.68643,0.68461,0.68501,0,0
2014-11-27,05:00:00,0.68501,0.6864,0.68487,0.68632,0,0
2014-11-27,06:00:00,0.68633,0.68757,0.68601,0.68728,0,0
2014-11-27,07:00:00,0.68729,0.6873,0.68613,0.68643,0,0
2014-11-27,08:00:00,0.68642,0.68679,0.68599,0.68669,0,0
2014-11-27,09:00:00,0.68669,0.68823,0.68663,0.68793,0,0
2014-11-27,10:00:00,0.68794,0.68839,0.68689,0.68714,0,0
2014-11-27,11:00:00,0.68714,0.68821,0.68714,0.68786,0,0
2014-11-27,12:00:00,0.68792,0.68798,0.6863,0.68651,0,0
2014-11-27,13:00:00,0.68651,0.68672,0.68608,0.68649,0,0
2014-11-27,14:00:00,0.68651,0.68669,0.68625,0.6865,0,0
2014-11-27,15:00:00,0.68652,0.6869,0.68598,0.68602,0,0
2014-11-27,16:00:00,0.68604,0.68609,0.68505,0.68505,0,0
2014-11-27,17:00:00,0.68505,0.68523,0.6837,0.68498,0,0
2014-11-27,18:00:00,0.68493,0.68526,0.68408,0.68504,0,0
2014-11-27,19:00:00,0.68504,0.68543,0.68495,0.68519,0,0
2014-11-27,20:00:00,0.6852,0.68589,0.68504,0.68548,0,0
2014-11-27,21:00:00,0.6855,0.68557,0.68512,0.68514,0,0
2014-11-27,22:00:00,0.68514,0.68583,0.68498,0.68583,0,0
2014-11-27,23:00:00,0.68581,0.68601,0.68526,0.68526,0,0
2014-11-27,23:59:00,0.68526,0.68558,0.683,0.68402,0,0
2014-11-28,01:00:00,0.68402,0.68427,0.68336,0.68404,0,0
2014-11-28,02:00:00,0.68412,0.68444,0.68337,0.6836,0,0
2014-11-28,03:00:00,0.6836,0.68386,0.68284,0.68348,0,0
2014-11-28,04:00:00,0.68349,0.68391,0.68291,0.68309,0,0
2014-11-28,05:00:00,0.68309,0.68332,0.68232,0.68246,0,0
2014-11-28,06:00:00,0.68236,0.68277,0.68167,0.68198,0,0
2014-11-28,07:00:00,0.68207,0.68269,0.68187,0.68269,0,0
2014-11-28,08:00:00,0.68269,0.68355,0.68256,0.68318,0,0
2014-11-28,09:00:00,0.68317,0.68357,0.68247,0.68258,0,0
2014-11-28,10:00:00,0.68262,0.68396,0.68252,0.6832,0,0
2014-11-28,11:00:00,0.6832,0.68528,0.68299,0.68519,0,0
2014-11-28,12:00:00,0.68519,0.6852,0.68386,0.68424,0,0
2014-11-28,13:00:00,0.68432,0.68446,0.68227,0.68304,0,0
2014-11-28,14:00:00,0.68309,0.68309,0.68224,0.68246,0,0
2014-11-28,15:00:00,0.68247,0.68281,0.68115,0.68152,0,0
2014-11-28,16:00:00,0.6815,0.68243,0.68096,0.68213,0,0
2014-11-28,17:00:00,0.68216,0.6846,0.68179,0.68451,0,0
2014-11-28,18:00:00,0.68451,0.68641,0.6842,0.68509,0,0
2014-11-28,19:00:00,0.68511,0.68532,0.6841,0.68411,0,0
2014-11-28,20:00:00,0.68411,0.68442,0.68337,0.68354,0,0
2014-11-28,21:00:00,0.68354,0.68372,0.68308,0.68337,0,0
2014-11-28,22:00:00,0.68337,0.68412,0.68317,0.68412,0,0
2014-11-28,23:00:00,0.68424,0.68424,0.68392,0.68396,0,0
2014-12-01,01:00:00,0.68096,0.68132,0.67765,0.67856,0,0
2014-12-01,02:00:00,0.67854,0.67997,0.67824,0.67898,0,0
2014-12-01,03:00:00,0.67883,0.67931,0.67661,0.67786,0,0
2014-12-01,04:00:00,0.6778,0.67924,0.67771,0.67908,0,0
2014-12-01,05:00:00,0.67908,0.67908,0.67756,0.67824,0,0
2014-12-01,06:00:00,0.67819,0.67895,0.67818,0.67865,0,0
2014-12-01,07:00:00,0.67864,0.67911,0.67753,0.67781,0,0
2014-12-01,08:00:00,0.67782,0.67815,0.67714,0.67791,0,0
2014-12-01,09:00:00,0.67789,0.67965,0.67727,0.67957,0,0
2014-12-01,10:00:00,0.67957,0.68109,0.67882,0.68027,0,0
2014-12-01,11:00:00,0.68027,0.68081,0.6789,0.68056,0,0
2014-12-01,12:00:00,0.68055,0.68127,0.68001,0.68078,0,0
2014-12-01,13:00:00,0.68082,0.68086,0.6801,0.68069,0,0
2014-12-01,14:00:00,0.6807,0.68124,0.68052,0.68102,0,0
2014-12-01,15:00:00,0.68102,0.68182,0.68084,0.68132,0,0
2014-12-01,16:00:00,0.6813,0.68227,0.68129,0.68155,0,0
2014-12-01,17:00:00,0.68155,0.68175,0.67953,0.68057,0,0
2014-12-01,18:00:00,0.68063,0.68227,0.68009,0.68217,0,0
2014-12-01,19:00:00,0.68215,0.6827,0.68161,0.68214,0,0
2014-12-01,20:00:00,0.68214,0.68235,0.68181,0.68228,0,0
2014-12-01,21:00:00,0.68228,0.68245,0.68195,0.68204,0,0
2014-12-01,22:00:00,0.68204,0.68204,0.68154,0.68169,0,0
2014-12-01,23:00:00,0.68168,0.68182,0.68055,0.68087,0,0
2014-12-01,23:59:00,0.68085,0.68125,0.68061,0.68091,0,0
2014-12-02,01:00:00,0.68082,0.68125,0.67959,0.67988,0,0
2014-12-02,02:00:00,0.67988,0.6815,0.67973,0.68014,0,0
2014-12-02,03:00:00,0.68014,0.68085,0.67987,0.68035,0,0
2014-12-02,04:00:00,0.68035,0.68091,0.68026,0.68049,0,0
2014-12-02,05:00:00,0.68049,0.68302,0.67949,0.68271,0,0
2014-12-02,06:00:00,0.68269,0.68373,0.68182,0.68205,0,0
2014-12-02,07:00:00,0.68205,0.6831,0.6819,0.6831,0,0
2014-12-02,08:00:00,0.68318,0.68521,0.68313,0.68391,0,0
2014-12-02,09:00:00,0.68392,0.68402,0.68291,0.68299,0,0
2014-12-02,10:00:00,0.68299,0.68335,0.68191,0.6827,0,0
2014-12-02,11:00:00,0.68269,0.68271,0.68129,0.68169,0,0
2014-12-02,12:00:00,0.68171,0.68175,0.67957,0.6802,0,0
2014-12-02,13:00:00,0.68019,0.68022,0.67859,0.67898,0,0
2014-12-02,14:00:00,0.679,0.67936,0.6788,0.67901,0,0
2014-12-02,15:00:00,0.67899,0.68083,0.67888,0.68067,0,0
2014-12-02,16:00:00,0.68063,0.68098,0.67986,0.68043,0,0
2014-12-02,17:00:00,0.68042,0.68221,0.68014,0.68192,0,0
2014-12-02,18:00:00,0.68192,0.68248,0.6815,0.68237,0,0
2014-12-02,19:00:00,0.68239,0.68243,0.68147,0.6818,0,0
2014-12-02,20:00:00,0.68178,0.68216,0.68147,0.68197,0,0
2014-12-02,21:00:00,0.68197,0.68252,0.68181,0.68218,0,0
2014-12-02,22:00:00,0.68218,0.68238,0.68196,0.68215,0,0
2014-12-02,23:00:00,0.68217,0.68236,0.68178,0.68188,0,0
2014-12-02,23:59:00,0.68188,0.68264,0.68188,0.682,0,0
2014-12-03,01:00:00,0.68206,0.68304,0.68194,0.68276,0,0
2014-12-03,02:00:00,0.68276,0.68333,0.67765,0.67821,0,0
2014-12-03,03:00:00,0.67824,0.67933,0.67794,0.67907,0,0
2014-12-03,04:00:00,0.67907,0.67961,0.67804,0.67809,0,0
2014-12-03,05:00:00,0.67806,0.67817,0.67725,0.67765,0,0
2014-12-03,06:00:00,0.67766,0.67925,0.67756,0.67874,0,0
2014-12-03,07:00:00,0.67874,0.67919,0.67777,0.67808,0,0
2014-12-03,08:00:00,0.67897,0.67938,0.67813,0.67935,0,0
2014-12-03,09:00:00,0.67935,0.67981,0.67874,0.67941,0,0
2014-12-03,10:00:00,0.67941,0.68195,0.67906,0.68175,0,0
2014-12-03,11:00:00,0.68176,0.68243,0.68121,0.68234,0,0
2014-12-03,12:00:00,0.68231,0.68324,0.68153,0.68293,0,0
2014-12-03,13:00:00,0.68293,0.68327,0.6822,0.68327,0,0
2014-12-03,14:00:00,0.68327,0.68389,0.68303,0.68349,0,0
2014-12-03,15:00:00,0.68349,0.68446,0.68269,0.6833,0,0
2014-12-03,16:00:00,0.68328,0.68437,0.68311,0.68317,0,0
2014-12-03,17:00:00,0.68316,0.68423,0.68279,0.6836,0,0
2014-12-03,18:00:00,0.68366,0.68452,0.68356,0.68384,0,0
2014-12-03,19:00:00,0.68385,0.68439,0.68321,0.68388,0,0
2014-12-03,20:00:00,0.68388,0.68404,0.68273,0.68282,0,0
2014-12-03,21:00:00,0.68282,0.68338,0.68246,0.68248,0,0
2014-12-03,22:00:00,0.68247,0.68275,0.68213,0.68262,0,0
2014-12-03,23:00:00,0.68264,0.68298,0.68246,0.68269,0,0
2014-12-03,23:59:00,0.68268,0.68303,0.68124,0.68137,0,0
2014-12-04,01:00:00,0.68147,0.68199,0.68144,0.68183,0,0
2014-12-04,02:00:00,0.68184,0.6842,0.68147,0.68313,0,0
2014-12-04,03:00:00,0.68314,0.68327,0.6821,0.68227,0,0
2014-12-04,04:00:00,0.6822,0.68225,0.68085,0.6812,0,0
2014-12-04,05:00:00,0.6812,0.68173,0.68074,0.68169,0,0
2014-12-04,06:00:00,0.68169,0.6825,0.68099,0.68233,0,0
2014-12-04,07:00:00,0.68233,0.68286,0.68072,0.68085,0,0
2014-12-04,08:00:00,0.68085,0.68127,0.67935,0.68014,0,0
2014-12-04,09:00:00,0.68014,0.6812,0.6794,0.68072,0,0
2014-12-04,10:00:00,0.68072,0.68081,0.67901,0.67911,0,0
2014-12-04,11:00:00,0.67911,0.67988,0.67847,0.67937,0,0
2014-12-04,12:00:00,0.6794,0.68,0.67925,0.67987,0,0
2014-12-04,13:00:00,0.67989,0.68061,0.67952,0.68021,0,0
2014-12-04,14:00:00,0.68018,0.6811,0.6801,0.68084,0,0
2014-12-04,15:00:00,0.68084,0.68199,0.67636,0.67665,0,0
2014-12-04,16:00:00,0.67664,0.67753,0.67549,0.67574,0,0
2014-12-04,17:00:00,0.67575,0.67648,0.67489,0.67538,0,0
2014-12-04,18:00:00,0.67532,0.67653,0.67418,0.67597,0,0
2014-12-04,19:00:00,0.67601,0.67889,0.67601,0.67805,0,0
2014-12-04,20:00:00,0.67805,0.67813,0.67746,0.67783,0,0
2014-12-04,21:00:00,0.67783,0.67802,0.67749,0.67763,0,0
2014-12-04,22:00:00,0.67763,0.67763,0.67684,0.67719,0,0
2014-12-04,23:00:00,0.67719,0.6774,0.67674,0.67713,0,0
2014-12-04,23:59:00,0.67715,0.67734,0.67662,0.67698,0,0
2014-12-05,01:00:00,0.67698,0.6774,0.67674,0.67716,0,0
2014-12-05,02:00:00,0.67716,0.67727,0.67658,0.67727,0,0
2014-12-05,03:00:00,0.6772,0.6778,0.67692,0.67702,0,0
2014-12-05,04:00:00,0.67702,0.67757,0.67701,0.67721,0,0
2014-12-05,05:00:00,0.67721,0.67735,0.67688,0.67709,0,0
2014-12-05,06:00:00,0.67709,0.6771,0.67606,0.67632,0,0
2014-12-05,07:00:00,0.67631,0.67672,0.67611,0.67667,0,0
2014-12-05,08:00:00,0.67667,0.67696,0.67647,0.67665,0,0
2014-12-05,09:00:00,0.67667,0.6775,0.67613,0.67626,0,0
2014-12-05,10:00:00,0.67626,0.67738,0.67623,0.67696,0,0
2014-12-05,11:00:00,0.67693,0.6772,0.67636,0.67683,0,0
2014-12-05,12:00:00,0.67686,0.67761,0.67664,0.67732,0,0
2014-12-05,13:00:00,0.67734,0.67744,0.67688,0.6771,0,0
2014-12-05,14:00:00,0.6771,0.67765,0.6766,0.67706,0,0
2014-12-05,15:00:00,0.67708,0.67797,0.67624,0.677,0,0
2014-12-05,16:00:00,0.67701,0.67821,0.67679,0.67773,0,0
2014-12-05,17:00:00,0.67771,0.67818,0.67731,0.67749,0,0
2014-12-05,18:00:00,0.67751,0.678,0.67651,0.6769,0,0
2014-12-05,19:00:00,0.67685,0.67701,0.67647,0.67676,0,0
2014-12-05,20:00:00,0.67676,0.6774,0.67665,0.67714,0,0
2014-12-05,21:00:00,0.67715,0.67749,0.67701,0.67737,0,0
2014-12-05,22:00:00,0.67737,0.67769,0.67724,0.67753,0,0
2014-12-05,23:00:00,0.67745,0.67748,0.67738,0.67747,0,0
2014-12-08,01:00:00,0.67536,0.67577,0.67476,0.67566,0,0
2014-12-08,02:00:00,0.67567,0.67601,0.6752,0.67593,0,0
2014-12-08,03:00:00,0.6758,0.67684,0.6758,0.67663,0,0
2014-12-08,04:00:00,0.67663,0.67682,0.67477,0.67553,0,0
2014-12-08,05:00:00,0.67552,0.67582,0.67424,0.67445,0,0
2014-12-08,06:00:00,0.67445,0.67477,0.67346,0.67354,0,0
2014-12-08,07:00:00,0.67352,0.67422,0.67346,0.67411,0,0
2014-12-08,08:00:00,0.67414,0.6747,0.67317,0.67371,0,0
2014-12-08,09:00:00,0.67371,0.67411,0.67291,0.67387,0,0
2014-12-08,10:00:00,0.67387,0.67513,0.67355,0.67454,0,0
2014-12-08,11:00:00,0.67453,0.67659,0.67453,0.67615,0,0
2014-12-08,12:00:00,0.67615,0.6774,0.6759,0.6774,0,0
2014-12-08,13:00:00,0.67739,0.67784,0.67665,0.67676,0,0
2014-12-08,14:00:00,0.67674,0.67725,0.67626,0.67667,0,0
2014-12-08,15:00:00,0.67668,0.67687,0.67603,0.67661,0,0
2014-12-08,16:00:00,0.67661,0.67704,0.67548,0.6756,0,0
2014-12-08,17:00:00,0.6756,0.67633,0.67502,0.6763,0,0
2014-12-08,18:00:00,0.67624,0.67639,0.67458,0.67485,0,0
2014-12-08,19:00:00,0.67485,0.67486,0.67321,0.67322,0,0
2014-12-08,20:00:00,0.67325,0.67365,0.67284,0.67343,0,0
2014-12-08,21:00:00,0.67343,0.67397,0.67293,0.67314,0,0
2014-12-08,22:00:00,0.67317,0.67356,0.67306,0.67342,0,0
2014-12-08,23:00:00,0.67342,0.67372,0.67314,0.6733,0,0
2014-12-08,23:59:00,0.67327,0.674,0.67319,0.67369,0,0
2014-12-09,01:00:00,0.67384,0.67397,0.67357,0.67391,0,0
2014-12-09,02:00:00,0.67386,0.67386,0.67079,0.6718,0,0
2014-12-09,03:00:00,0.6718,0.67196,0.67001,0.67083,0,0
2014-12-09,04:00:00,0.67083,0.67094,0.66992,0.66993,0,0
2014-12-09,05:00:00,0.66993,0.6701,0.66883,0.6697,0,0
2014-12-09,06:00:00,0.66975,0.67003,0.6688,0.66931,0,0
2014-12-09,07:00:00,0.66931,0.66955,0.66798,0.66867,0,0
2014-12-09,08:00:00,0.66863,0.66909,0.6679,0.66854,0,0
2014-12-09,09:00:00,0.66859,0.66901,0.66778,0.66901,0,0
2014-12-09,10:00:00,0.66896,0.66979,0.6687,0.66957,0,0
2014-12-09,11:00:00,0.66955,0.67112,0.66955,0.67068,0,0
2014-12-09,12:00:00,0.67068,0.67152,0.6706,0.67107,0,0
2014-12-09,13:00:00,0.67107,0.67107,0.67001,0.67034,0,0
2014-12-09,14:00:00,0.67039,0.67116,0.67026,0.67067,0,0
2014-12-09,15:00:00,0.67066,0.67126,0.66998,0.67018,0,0
2014-12-09,16:00:00,0.67018,0.67076,0.66932,0.67054,0,0
2014-12-09,17:00:00,0.67054,0.67259,0.67025,0.67213,0,0
2014-12-09,18:00:00,0.67213,0.67249,0.67147,0.67169,0,0
2014-12-09,19:00:00,0.67169,0.67182,0.67091,0.67107,0,0
2014-12-09,20:00:00,0.67107,0.67137,0.67076,0.67091,0,0
2014-12-09,21:00:00,0.67089,0.6714,0.67083,0.67086,0,0
2014-12-09,22:00:00,0.67086,0.67101,0.67028,0.6706,0,0
2014-12-09,23:00:00,0.67059,0.67074,0.66977,0.67014,0,0
2014-12-09,23:59:00,0.67014,0.67025,0.66972,0.66977,0,0
2014-12-10,01:00:00,0.66973,0.67041,0.66928,0.66974,0,0
2014-12-10,02:00:00,0.66974,0.67036,0.66921,0.66983,0,0
2014-12-10,03:00:00,0.6699,0.66998,0.66837,0.66871,0,0
2014-12-10,04:00:00,0.66871,0.66955,0.66852,0.66929,0,0
2014-12-10,05:00:00,0.66928,0.67018,0.66908,0.66987,0,0
2014-12-10,06:00:00,0.66986,0.67154,0.66967,0.67126,0,0
2014-12-10,07:00:00,0.67125,0.67251,0.67069,0.67176,0,0
2014-12-10,08:00:00,0.67177,0.67233,0.67121,0.67175,0,0
2014-12-10,09:00:00,0.67175,0.6718,0.6711,0.6716,0,0
2014-12-10,10:00:00,0.6716,0.67251,0.67127,0.6714,0,0
2014-12-10,11:00:00,0.6714,0.67186,0.67083,0.67141,0,0
2014-12-10,12:00:00,0.6714,0.67272,0.67135,0.67271,0,0
2014-12-10,13:00:00,0.6727,0.6736,0.67251,0.6729,0,0
2014-12-10,14:00:00,0.67289,0.67359,0.67288,0.67351,0,0
2014-12-10,15:00:00,0.67351,0.67381,0.67175,0.67179,0,0
2014-12-10,16:00:00,0.67176,0.67176,0.67015,0.67022,0,0
2014-12-10,17:00:00,0.67017,0.67054,0.66821,0.66899,0,0
2014-12-10,18:00:00,0.66896,0.66963,0.66828,0.66829,0,0
2014-12-10,19:00:00,0.6683,0.66836,0.66709,0.66773,0,0
2014-12-10,20:00:00,0.66773,0.66773,0.66657,0.66679,0,0
2014-12-10,21:00:00,0.66679,0.66711,0.66627,0.66645,0,0
2014-12-10,22:00:00,0.66647,0.66957,0.66584,0.66887,0,0
2014-12-10,23:00:00,0.66887,0.66903,0.66813,0.66824,0,0
2014-12-10,23:59:00,0.66823,0.669,0.66782,0.66821,0,0
2014-12-11,01:00:00,0.66824,0.66933,0.66736,0.66756,0,0
2014-12-11,02:00:00,0.66757,0.67059,0.66709,0.67014,0,0
2014-12-11,03:00:00,0.67017,0.67044,0.6691,0.66979,0,0
2014-12-11,04:00:00,0.66979,0.67034,0.66919,0.66932,0,0
2014-12-11,05:00:00,0.66933,0.66943,0.66867,0.669,0,0
2014-12-11,06:00:00,0.66908,0.66941,0.66843,0.66856,0,0
2014-12-11,07:00:00,0.66855,0.66934,0.66847,0.66931,0,0
2014-12-11,08:00:00,0.66933,0.6695,0.66859,0.66926,0,0
2014-12-11,09:00:00,0.66926,0.66938,0.66726,0.66727,0,0
2014-12-11,10:00:00,0.66734,0.66799,0.66668,0.6672,0,0
2014-12-11,11:00:00,0.6672,0.66769,0.66318,0.66442,0,0
2014-12-11,12:00:00,0.66442,0.66567,0.66364,0.66491,0,0
2014-12-11,13:00:00,0.66482,0.66569,0.66442,0.66509,0,0
2014-12-11,14:00:00,0.66502,0.6656,0.66432,0.66559,0,0
2014-12-11,15:00:00,0.66562,0.66625,0.66118,0.66582,0,0
2014-12-11,16:00:00,0.66581,0.66769,0.66581,0.66741,0,0
2014-12-11,17:00:00,0.66737,0.66863,0.66639,0.66639,0,0
2014-12-11,18:00:00,0.66638,0.66661,0.66543,0.66651,0,0
2014-12-11,19:00:00,0.66651,0.66783,0.66619,0.66759,0,0
2014-12-11,20:00:00,0.66758,0.66778,0.6669,0.66729,0,0
2014-12-11,21:00:00,0.66719,0.66738,0.66605,0.66645,0,0
2014-12-11,22:00:00,0.66639,0.66703,0.66639,0.66675,0,0
2014-12-11,23:00:00,0.66676,0.66705,0.66635,0.66635,0,0
2014-12-11,23:59:00,0.66635,0.66693,0.66599,0.66616,0,0
2014-12-12,01:00:00,0.66613,0.66664,0.6652,0.66525,0,0
2014-12-12,02:00:00,0.66526,0.66676,0.66514,0.6655,0,0
2014-12-12,03:00:00,0.66549,0.66613,0.66477,0.66516,0,0
2014-12-12,04:00:00,0.66514,0.66647,0.66514,0.66634,0,0
2014-12-12,05:00:00,0.66634,0.66688,0.66606,0.66677,0,0
2014-12-12,06:00:00,0.66677,0.66774,0.66662,0.66738,0,0
2014-12-12,07:00:00,0.66738,0.66792,0.66711,0.66747,0,0
2014-12-12,08:00:00,0.6675,0.66768,0.66684,0.66756,0,0
2014-12-12,09:00:00,0.66759,0.66799,0.66669,0.66699,0,0
2014-12-12,10:00:00,0.66696,0.66725,0.66642,0.66676,0,0
2014-12-12,11:00:00,0.66676,0.66695,0.66567,0.66578,0,0
2014-12-12,12:00:00,0.66582,0.66607,0.66511,0.66531,0,0
2014-12-12,13:00:00,0.66529,0.66572,0.66401,0.66408,0,0
2014-12-12,14:00:00,0.66407,0.66525,0.66351,0.66455,0,0
2014-12-12,15:00:00,0.66455,0.66474,0.66274,0.6628,0,0
2014-12-12,16:00:00,0.6628,0.663,0.66151,0.66278,0,0
2014-12-12,17:00:00,0.66273,0.66283,0.66016,0.66169,0,0
2014-12-12,18:00:00,0.66169,0.66384,0.66168,0.66213,0,0
2014-12-12,19:00:00,0.66213,0.66312,0.66193,0.66262,0,0
2014-12-12,20:00:00,0.66262,0.66299,0.66238,0.66296,0,0
2014-12-12,21:00:00,0.66296,0.66297,0.6621,0.66238,0,0
2014-12-12,22:00:00,0.66238,0.66269,0.66195,0.66264,0,0
2014-12-12,23:00:00,0.66263,0.66269,0.6626,0.6626,0,0
2014-12-15,01:00:00,0.66135,0.66173,0.65822,0.65856,0,0
2014-12-15,02:00:00,0.65858,0.65998,0.65858,0.65913,0,0
2014-12-15,03:00:00,0.65913,0.66015,0.65879,0.66,0,0
2014-12-15,04:00:00,0.66,0.66067,0.65956,0.65956,0,0
2014-12-15,05:00:00,0.65953,0.66117,0.65929,0.66117,0,0
2014-12-15,06:00:00,0.66119,0.66254,0.66068,0.66193,0,0
2014-12-15,07:00:00,0.66193,0.66293,0.66182,0.66286,0,0
2014-12-15,08:00:00,0.66286,0.66301,0.66214,0.66268,0,0
2014-12-15,09:00:00,0.66272,0.66276,0.66104,0.66168,0,0
2014-12-15,10:00:00,0.66168,0.66362,0.66168,0.66316,0,0
2014-12-15,11:00:00,0.66314,0.66534,0.66273,0.66522,0,0
2014-12-15,12:00:00,0.66522,0.66526,0.66363,0.66368,0,0
2014-12-15,13:00:00,0.66373,0.66406,0.66145,0.66191,0,0
2014-12-15,14:00:00,0.66191,0.66198,0.66047,0.66089,0,0
2014-12-15,15:00:00,0.66088,0.66126,0.66037,0.66097,0,0
2014-12-15,16:00:00,0.66096,0.66104,0.65953,0.65979,0,0
2014-12-15,17:00:00,0.65978,0.66141,0.65963,0.66071,0,0
2014-12-15,18:00:00,0.66083,0.66151,0.6589,0.66008,0,0
2014-12-15,19:00:00,0.66003,0.66058,0.65966,0.6603,0,0
2014-12-15,20:00:00,0.66025,0.66089,0.66002,0.66062,0,0
2014-12-15,21:00:00,0.66062,0.66118,0.66024,0.661,0,0
2014-12-15,22:00:00,0.66101,0.66117,0.66014,0.66014,0,0
2014-12-15,23:00:00,0.66009,0.66076,0.66007,0.66007,0,0
2014-12-15,23:59:00,0.66008,0.66061,0.65959,0.65965,0,0
2014-12-16,01:00:00,0.65965,0.66017,0.65964,0.66013,0,0
2014-12-16,02:00:00,0.66011,0.66085,0.65965,0.66082,0,0
2014-12-16,03:00:00,0.66086,0.66131,0.65932,0.66077,0,0
2014-12-16,04:00:00,0.66077,0.66106,0.66039,0.66054,0,0
2014-12-16,05:00:00,0.66054,0.66106,0.65997,0.66104,0,0
2014-12-16,06:00:00,0.66104,0.66105,0.65989,0.66016,0,0
2014-12-16,07:00:00,0.66015,0.66067,0.65993,0.66031,0,0
2014-12-16,08:00:00,0.66031,0.66123,0.66031,0.66123,0,0
2014-12-16,09:00:00,0.66123,0.662,0.66035,0.66094,0,0
2014-12-16,10:00:00,0.66094,0.66126,0.659,0.66089,0,0
2014-12-16,11:00:00,0.66089,0.66089,0.65914,0.65972,0,0
2014-12-16,12:00:00,0.65945,0.66157,0.65895,0.66031,0,0
2014-12-16,13:00:00,0.66022,0.66038,0.65692,0.65709,0,0
2014-12-16,14:00:00,0.657,0.65885,0.65632,0.65757,0,0
2014-12-16,15:00:00,0.65753,0.6585,0.65711,0.6575,0,0
2014-12-16,16:00:00,0.6575,0.65784,0.6566,0.65665,0,0
2014-12-16,17:00:00,0.65671,0.65739,0.65593,0.65672,0,0
2014-12-16,18:00:00,0.6567,0.65827,0.65604,0.65731,0,0
2014-12-16,19:00:00,0.65729,0.65771,0.65664,0.65681,0,0
2014-12-16,20:00:00,0.65678,0.65756,0.65628,0.65713,0,0
2014-12-16,21:00:00,0.65724,0.65796,0.6571,0.65756,0,0
2014-12-16,22:00:00,0.65756,0.65756,0.65661,0.65666,0,0
2014-12-16,23:00:00,0.65664,0.65729,0.65638,0.65697,0,0
2014-12-16,23:59:00,0.65683,0.65712,0.65661,0.65676,0,0
2014-12-17,01:00:00,0.65682,0.65724,0.65671,0.6572,0,0
2014-12-17,02:00:00,0.6572,0.65753,0.6569,0.65749,0,0
2014-12-17,03:00:00,0.65747,0.65815,0.65661,0.65689,0,0
2014-12-17,04:00:00,0.65689,0.65689,0.65386,0.65453,0,0
2014-12-17,05:00:00,0.65453,0.65453,0.65289,0.65301,0,0
2014-12-17,06:00:00,0.653,0.65305,0.65214,0.65303,0,0
2014-12-17,07:00:00,0.65306,0.65327,0.65211,0.6526,0,0
2014-12-17,08:00:00,0.65256,0.65336,0.65243,0.6526,0,0
2014-12-17,09:00:00,0.65265,0.65444,0.65237,0.65444,0,0
2014-12-17,10:00:00,0.65444,0.6561,0.65403,0.65579,0,0
2014-12-17,11:00:00,0.65579,0.65652,0.65537,0.65602,0,0
2014-12-17,12:00:00,0.65604,0.657,0.65604,0.6564,0,0
2014-12-17,13:00:00,0.65641,0.65719,0.65619,0.65703,0,0
2014-12-17,14:00:00,0.65702,0.65737,0.65633,0.65711,0,0
2014-12-17,15:00:00,0.65711,0.65807,0.65675,0.65727,0,0
2014-12-17,16:00:00,0.65724,0.65784,0.65624,0.65733,0,0
2014-12-17,17:00:00,0.65729,0.65969,0.65719,0.65873,0,0
2014-12-17,18:00:00,0.65876,0.65902,0.65767,0.65846,0,0
2014-12-17,19:00:00,0.65846,0.65923,0.65779,0.65898,0,0
2014-12-17,20:00:00,0.659,0.65966,0.65828,0.65966,0,0
2014-12-17,21:00:00,0.65953,0.66099,0.65727,0.65774,0,0
2014-12-17,22:00:00,0.65774,0.65922,0.65736,0.65811,0,0
2014-12-17,23:00:00,0.6581,0.65904,0.65744,0.65808,0,0
2014-12-17,23:59:00,0.65808,0.65948,0.65801,0.6594,0,0
2014-12-18,01:00:00,0.65925,0.65932,0.65803,0.65859,0,0
2014-12-18,02:00:00,0.65859,0.65909,0.65821,0.65823,0,0
2014-12-18,03:00:00,0.65827,0.65905,0.6578,0.65871,0,0
2014-12-18,04:00:00,0.65871,0.66026,0.65867,0.65929,0,0
2014-12-18,05:00:00,0.65929,0.66083,0.65921,0.65947,0,0
2014-12-18,06:00:00,0.65947,0.65971,0.65881,0.65939,0,0
2014-12-18,07:00:00,0.65932,0.65932,0.65845,0.65894,0,0
2014-12-18,08:00:00,0.65895,0.65973,0.65838,0.65965,0,0
2014-12-18,09:00:00,0.65964,0.66485,0.65949,0.66296,0,0
2014-12-18,10:00:00,0.66292,0.66488,0.6619,0.66434,0,0
2014-12-18,11:00:00,0.66443,0.6655,0.66399,0.66445,0,0
2014-12-18,12:00:00,0.66445,0.66506,0.66367,0.66367,0,0
2014-12-18,13:00:00,0.66367,0.6653,0.66346,0.66448,0,0
2014-12-18,14:00:00,0.66447,0.66607,0.66447,0.66561,0,0
2014-12-18,15:00:00,0.66563,0.66751,0.66559,0.66675,0,0
2014-12-18,16:00:00,0.66668,0.66709,0.66562,0.66633,0,0
2014-12-18,17:00:00,0.66636,0.66673,0.66419,0.66429,0,0
2014-12-18,18:00:00,0.66429,0.66501,0.66417,0.66454,0,0
2014-12-18,19:00:00,0.66454,0.66476,0.6636,0.66375,0,0
2014-12-18,20:00:00,0.66373,0.66405,0.66331,0.66397,0,0
2014-12-18,21:00:00,0.66403,0.66421,0.6637,0.66399,0,0
2014-12-18,22:00:00,0.66397,0.66502,0.66383,0.66499,0,0
2014-12-18,23:00:00,0.66499,0.66499,0.66394,0.66442,0,0
2014-12-18,23:59:00,0.66454,0.66552,0.66396,0.66504,0,0
2014-12-19,01:00:00,0.66502,0.66527,0.66426,0.66464,0,0
2014-12-19,02:00:00,0.66464,0.66533,0.66411,0.66443,0,0
2014-12-19,03:00:00,0.66443,0.66631,0.66426,0.66623,0,0
2014-12-19,04:00:00,0.66623,0.66641,0.66501,0.66514,0,0
2014-12-19,05:00:00,0.66514,0.66611,0.66496,0.66582,0,0
2014-12-19,06:00:00,0.66584,0.66658,0.6657,0.66646,0,0
2014-12-19,07:00:00,0.66648,0.66693,0.66624,0.66656,0,0
2014-12-19,08:00:00,0.66658,0.66691,0.66517,0.66521,0,0
2014-12-19,09:00:00,0.66521,0.66522,0.66422,0.66422,0,0
2014-12-19,10:00:00,0.66433,0.66529,0.6638,0.66397,0,0
2014-12-19,11:00:00,0.66396,0.66444,0.6633,0.66428,0,0
2014-12-19,12:00:00,0.66428,0.66554,0.66393,0.66533,0,0
2014-12-19,13:00:00,0.66534,0.66649,0.66534,0.66649,0,0
2014-12-19,14:00:00,0.66654,0.66681,0.66514,0.66537,0,0
2014-12-19,15:00:00,0.66535,0.66609,0.66516,0.66539,0,0
2014-12-19,16:00:00,0.66538,0.66578,0.66376,0.66426,0,0
2014-12-19,17:00:00,0.66426,0.66505,0.664,0.66453,0,0
2014-12-19,18:00:00,0.66449,0.66509,0.66372,0.66441,0,0
2014-12-19,19:00:00,0.6644,0.66472,0.66392,0.664,0,0
2014-12-19,20:00:00,0.66399,0.66535,0.66389,0.66488,0,0
2014-12-19,21:00:00,0.66489,0.66628,0.66462,0.66598,0,0
2014-12-19,22:00:00,0.66598,0.66644,0.6657,0.66574,0,0
2014-12-19,23:00:00,0.66579,0.66583,0.66575,0.66583,0,0
2014-12-22,01:00:00,0.66601,0.66679,0.66589,0.66664,0,0
2014-12-22,02:00:00,0.66644,0.66665,0.66598,0.66598,0,0
2014-12-22,03:00:00,0.66598,0.66619,0.66563,0.66614,0,0
2014-12-22,04:00:00,0.66618,0.66624,0.66491,0.66512,0,0
2014-12-22,05:00:00,0.66514,0.66575,0.66506,0.66571,0,0
2014-12-22,06:00:00,0.66571,0.66643,0.66568,0.66624,0,0
2014-12-22,07:00:00,0.66631,0.6673,0.66598,0.66707,0,0
2014-12-22,08:00:00,0.66709,0.66714,0.66583,0.66605,0,0
2014-12-22,09:00:00,0.66605,0.667,0.66537,0.6654,0,0
2014-12-22,10:00:00,0.6654,0.66559,0.66404,0.66426,0,0
2014-12-22,11:00:00,0.66426,0.66476,0.66358,0.66476,0,0
2014-12-22,12:00:00,0.6647,0.66534,0.66439,0.66492,0,0
2014-12-22,13:00:00,0.66479,0.6652,0.66425,0.66492,0,0
2014-12-22,14:00:00,0.66497,0.66507,0.66419,0.66433,0,0
2014-12-22,15:00:00,0.66439,0.66472,0.66352,0.66362,0,0
2014-12-22,16:00:00,0.66362,0.66465,0.66347,0.66408,0,0
2014-12-22,17:00:00,0.66398,0.66462,0.66369,0.66404,0,0
2014-12-22,18:00:00,0.66437,0.66443,0.66378,0.6644,0,0
2014-12-22,19:00:00,0.6644,0.6649,0.6643,0.66452,0,0
2014-12-22,20:00:00,0.66453,0.66482,0.66422,0.66476,0,0
2014-12-22,21:00:00,0.66476,0.66578,0.66467,0.66578,0,0
2014-12-22,22:00:00,0.66589,0.66589,0.66505,0.66532,0,0
2014-12-22,23:00:00,0.66502,0.66508,0.66462,0.66501,0,0
2014-12-22,23:59:00,0.66491,0.66513,0.66422,0.66422,0,0
2014-12-23,01:00:00,0.66411,0.66455,0.66384,0.66427,0,0
2014-12-23,02:00:00,0.66418,0.66486,0.66404,0.66418,0,0
2014-12-23,03:00:00,0.66421,0.66497,0.66397,0.66485,0,0
2014-12-23,04:00:00,0.66483,0.66504,0.66443,0.66451,0,0
2014-12-23,05:00:00,0.66445,0.66452,0.66394,0.66409,0,0
2014-12-23,06:00:00,0.66408,0.66437,0.66344,0.66364,0,0
2014-12-23,07:00:00,0.66363,0.66377,0.66221,0.66285,0,0
2014-12-23,08:00:00,0.66283,0.66285,0.66152,0.66252,0,0
2014-12-23,09:00:00,0.66251,0.66387,0.66248,0.66366,0,0
2014-12-23,10:00:00,0.66367,0.66371,0.66303,0.66356,0,0
2014-12-23,11:00:00,0.66353,0.66441,0.66353,0.66412,0,0
2014-12-23,12:00:00,0.66412,0.66518,0.66398,0.66491,0,0
2014-12-23,13:00:00,0.6649,0.66596,0.66488,0.66567,0,0
2014-12-23,14:00:00,0.66567,0.66658,0.66542,0.66569,0,0
2014-12-23,15:00:00,0.66582,0.6663,0.66457,0.66607,0,0
2014-12-23,16:00:00,0.66607,0.66607,0.66484,0.66545,0,0
2014-12-23,17:00:00,0.66555,0.66582,0.66489,0.66535,0,0
2014-12-23,18:00:00,0.66527,0.66527,0.66439,0.6647,0,0
2014-12-23,19:00:00,0.66471,0.66541,0.66463,0.6654,0,0
2014-12-23,20:00:00,0.66548,0.66553,0.66468,0.66488,0,0
2014-12-23,21:00:00,0.66488,0.6651,0.66476,0.66497,0,0
2014-12-23,22:00:00,0.66495,0.66512,0.66441,0.66507,0,0
2014-12-23,23:00:00,0.66523,0.6658,0.66521,0.66568,0,0
2014-12-23,23:59:00,0.66565,0.66612,0.66502,0.66575,0,0
2014-12-24,01:00:00,0.66614,0.66665,0.6659,0.66598,0,0
2014-12-24,02:00:00,0.66598,0.66626,0.66552,0.66626,0,0
2014-12-24,03:00:00,0.66628,0.6663,0.66564,0.66629,0,0
2014-12-24,04:00:00,0.66629,0.66706,0.66598,0.66611,0,0
2014-12-24,05:00:00,0.66629,0.6664,0.66578,0.6663,0,0
2014-12-24,06:00:00,0.6663,0.6664,0.66583,0.66618,0,0
2014-12-24,07:00:00,0.66618,0.6669,0.66608,0.6669,0,0
2014-12-24,08:00:00,0.66656,0.66665,0.6658,0.66597,0,0
2014-12-24,09:00:00,0.66598,0.66616,0.66571,0.66605,0,0
2014-12-24,10:00:00,0.66605,0.66606,0.665,0.66502,0,0
2014-12-24,11:00:00,0.66502,0.66515,0.66452,0.66475,0,0
2014-12-24,12:00:00,0.66475,0.6652,0.66461,0.6652,0,0
2014-12-24,13:00:00,0.6652,0.66548,0.66458,0.66492,0,0
2014-12-24,14:00:00,0.66488,0.66514,0.66458,0.66478,0,0
2014-12-24,15:00:00,0.66478,0.66493,0.66392,0.66493,0,0
2014-12-24,16:00:00,0.66486,0.66548,0.66471,0.66548,0,0
2014-12-24,17:00:00,0.66536,0.66576,0.66501,0.66501,0,0
2014-12-24,18:00:00,0.66501,0.66558,0.66493,0.6653,0,0
2014-12-24,19:00:00,0.6653,0.66533,0.66489,0.66523,0,0
2014-12-24,20:00:00,0.6652,0.66548,0.66471,0.66492,0,0
2014-12-24,21:00:00,0.66492,0.66536,0.66487,0.66501,0,0
2014-12-24,22:00:00,0.66501,0.66526,0.66432,0.66437,0,0
2014-12-24,23:00:00,0.66438,0.66478,0.6643,0.66458,0,0
2014-12-24,23:59:00,0.66458,0.66522,0.66428,0.66475,0,0
2014-12-26,01:00:00,0.66404,0.66456,0.66348,0.66415,0,0
2014-12-26,02:00:00,0.66415,0.6649,0.66396,0.66461,0,0
2014-12-26,03:00:00,0.66467,0.66542,0.6644,0.66449,0,0
2014-12-26,04:00:00,0.66464,0.66509,0.66456,0.66496,0,0
2014-12-26,05:00:00,0.66496,0.66504,0.66473,0.66478,0,0
2014-12-26,06:00:00,0.66481,0.66525,0.66459,0.66512,0,0
2014-12-26,07:00:00,0.66516,0.66531,0.66502,0.66527,0,0
2014-12-26,08:00:00,0.66529,0.6656,0.66493,0.66554,0,0
2014-12-26,09:00:00,0.66559,0.66569,0.66533,0.66549,0,0
2014-12-26,10:00:00,0.66548,0.66646,0.66547,0.6663,0,0
2014-12-26,11:00:00,0.66631,0.66654,0.66614,0.66627,0,0
2014-12-26,12:00:00,0.66629,0.66663,0.66617,0.66663,0,0
2014-12-26,13:00:00,0.66668,0.66715,0.66651,0.66689,0,0
2014-12-26,14:00:00,0.66689,0.66722,0.66676,0.66693,0,0
2014-12-26,15:00:00,0.66685,0.66782,0.66663,0.66749,0,0
2014-12-26,16:00:00,0.66749,0.66758,0.66714,0.66722,0,0
2014-12-26,17:00:00,0.66722,0.66739,0.66615,0.66647,0,0
2014-12-26,18:00:00,0.66637,0.66678,0.66619,0.6662,0,0
2014-12-26,19:00:00,0.6662,0.66681,0.66616,0.66653,0,0
2014-12-26,20:00:00,0.66608,0.6665,0.66594,0.6661,0,0
2014-12-26,21:00:00,0.66605,0.66662,0.66605,0.66647,0,0
2014-12-26,22:00:00,0.66651,0.66687,0.6662,0.66678,0,0
2014-12-26,23:00:00,0.66678,0.66678,0.66678,0.66678,0,0
2014-12-29,01:00:00,0.66639,0.66689,0.66632,0.66672,0,0
2014-12-29,02:00:00,0.6667,0.66673,0.66614,0.66644,0,0
2014-12-29,03:00:00,0.66643,0.66679,0.66588,0.66679,0,0
2014-12-29,04:00:00,0.66674,0.66718,0.6663,0.66703,0,0
2014-12-29,05:00:00,0.66708,0.66741,0.66685,0.66705,0,0
2014-12-29,06:00:00,0.66705,0.66742,0.66691,0.66711,0,0
2014-12-29,07:00:00,0.66711,0.6678,0.667,0.66704,0,0
2014-12-29,08:00:00,0.66704,0.66748,0.66699,0.66748,0,0
2014-12-29,09:00:00,0.66756,0.6683,0.66733,0.6679,0,0
2014-12-29,10:00:00,0.6679,0.66876,0.66756,0.66859,0,0
2014-12-29,11:00:00,0.6686,0.66888,0.66701,0.66848,0,0
2014-12-29,12:00:00,0.66826,0.66897,0.66798,0.66881,0,0
2014-12-29,13:00:00,0.6688,0.66896,0.66833,0.66871,0,0
2014-12-29,14:00:00,0.66871,0.66875,0.66796,0.66807,0,0
2014-12-29,15:00:00,0.66807,0.66838,0.66717,0.66719,0,0
2014-12-29,16:00:00,0.66717,0.66782,0.66709,0.66782,0,0
2014-12-29,17:00:00,0.66778,0.66883,0.66758,0.66883,0,0
2014-12-29,18:00:00,0.66893,0.66913,0.66847,0.66893,0,0
2014-12-29,19:00:00,0.66882,0.66905,0.66859,0.66905,0,0
2014-12-29,20:00:00,0.66905,0.67008,0.66896,0.66937,0,0
2014-12-29,21:00:00,0.66937,0.66948,0.66858,0.6688,0,0
2014-12-29,22:00:00,0.66879,0.66937,0.66879,0.66929,0,0
2014-12-29,23:00:00,0.66941,0.66952,0.66909,0.66923,0,0
2014-12-29,23:59:00,0.66911,0.66944,0.66883,0.66883,0,0
2014-12-30,01:00:00,0.66905,0.66942,0.66905,0.66935,0,0
2014-12-30,02:00:00,0.66935,0.66966,0.66906,0.66915,0,0
2014-12-30,03:00:00,0.66915,0.66916,0.66852,0.66877,0,0
2014-12-30,04:00:00,0.66877,0.66983,0.66877,0.66946,0,0
2014-12-30,05:00:00,0.66948,0.66993,0.66936,0.66936,0,0
2014-12-30,06:00:00,0.66936,0.67013,0.66936,0.66952,0,0
2014-12-30,07:00:00,0.66952,0.67032,0.66935,0.67014,0,0
2014-12-30,08:00:00,0.67024,0.67055,0.66984,0.67001,0,0
2014-12-30,09:00:00,0.67002,0.67064,0.66927,0.67015,0,0
2014-12-30,10:00:00,0.67018,0.67106,0.66976,0.67047,0,0
2014-12-30,11:00:00,0.67051,0.67204,0.67024,0.67165,0,0
2014-12-30,12:00:00,0.67165,0.67193,0.67132,0.67162,0,0
2014-12-30,13:00:00,0.67166,0.67202,0.67072,0.67103,0,0
2014-12-30,14:00:00,0.67105,0.67216,0.67105,0.67216,0,0
2014-12-30,15:00:00,0.67208,0.67267,0.67196,0.67267,0,0
2014-12-30,16:00:00,0.67263,0.67315,0.67236,0.67296,0,0
2014-12-30,17:00:00,0.67281,0.67398,0.67279,0.67378,0,0
2014-12-30,18:00:00,0.6738,0.67402,0.67332,0.67337,0,0
2014-12-30,19:00:00,0.6734,0.67382,0.67279,0.67281,0,0
2014-12-30,20:00:00,0.67281,0.67317,0.67269,0.67292,0,0
2014-12-30,21:00:00,0.67292,0.67335,0.67286,0.6729,0,0
2014-12-30,22:00:00,0.67289,0.67328,0.67289,0.67304,0,0
2014-12-30,23:00:00,0.67303,0.6734,0.67291,0.67323,0,0
2014-12-30,23:59:00,0.6733,0.67334,0.67261,0.67287,0,0
2014-12-31,01:00:00,0.67281,0.67315,0.67258,0.67275,0,0
2014-12-31,02:00:00,0.67289,0.67318,0.6725,0.67294,0,0
2014-12-31,03:00:00,0.67297,0.67515,0.67286,0.67503,0,0
2014-12-31,04:00:00,0.67489,0.67533,0.67452,0.67484,0,0
2014-12-31,05:00:00,0.67481,0.67481,0.67402,0.67421,0,0
2014-12-31,06:00:00,0.6742,0.67479,0.67419,0.67457,0,0
2014-12-31,07:00:00,0.67444,0.67445,0.67317,0.67403,0,0
2014-12-31,08:00:00,0.67403,0.67403,0.67326,0.67327,0,0
2014-12-31,09:00:00,0.67346,0.67369,0.67279,0.67354,0,0
2014-12-31,10:00:00,0.67344,0.67436,0.67343,0.67419,0,0
2014-12-31,11:00:00,0.67403,0.67451,0.67396,0.6742,0,0
2014-12-31,12:00:00,0.6742,0.67492,0.67411,0.67449,0,0
2014-12-31,13:00:00,0.67453,0.67523,0.67447,0.67508,0,0
2014-12-31,14:00:00,0.67508,0.67554,0.67444,0.67444,0,0
2014-12-31,15:00:00,0.6744,0.67491,0.67415,0.67465,0,0
2014-12-31,16:00:00,0.67461,0.675,0.67386,0.67386,0,0
2014-12-31,17:00:00,0.67387,0.67506,0.67328,0.67506,0,0
2014-12-31,18:00:00,0.67657,0.67667,0.67525,0.67525,0,0
2014-12-31,19:00:00,0.67525,0.67573,0.67504,0.67504,0,0
2014-12-31,20:00:00,0.67473,0.67516,0.67443,0.67452,0,0
2014-12-31,21:00:00,0.67455,0.67493,0.67431,0.67492,0,0
2014-12-31,22:00:00,0.67544,0.67558,0.67452,0.6747,0,0
2014-12-31,23:00:00,0.67469,0.67485,0.67435,0.67464,0,0
2014-12-31,23:59:00,0.6745,0.67553,0.6745,0.67483,0,0
2015-01-02,01:00:00,0.67538,0.67706,0.67498,0.67673,0,0
2015-01-02,02:00:00,0.67675,0.67719,0.67641,0.67682,0,0
2015-01-02,03:00:00,0.67682,0.67685,0.67407,0.67407,0,0
2015-01-02,04:00:00,0.67413,0.67458,0.6738,0.67436,0,0
2015-01-02,05:00:00,0.67436,0.6747,0.67388,0.67439,0,0
2015-01-02,06:00:00,0.67439,0.6746,0.6742,0.67432,0,0
2015-01-02,07:00:00,0.67432,0.67517,0.67429,0.67508,0,0
2015-01-02,08:00:00,0.67507,0.67569,0.67504,0.67548,0,0
2015-01-02,09:00:00,0.67543,0.67626,0.67451,0.67509,0,0
2015-01-02,10:00:00,0.67509,0.67615,0.67458,0.67583,0,0
2015-01-02,11:00:00,0.67582,0.67635,0.67509,0.67532,0,0
2015-01-02,12:00:00,0.67528,0.67587,0.67456,0.67479,0,0
2015-01-02,13:00:00,0.67478,0.67483,0.67352,0.67358,0,0
2015-01-02,14:00:00,0.67362,0.67393,0.67327,0.67381,0,0
2015-01-02,15:00:00,0.67383,0.67417,0.67352,0.67398,0,0
2015-01-02,16:00:00,0.67398,0.67481,0.67375,0.67479,0,0
2015-01-02,17:00:00,0.67481,0.67593,0.67468,0.6751,0,0
2015-01-02,18:00:00,0.67538,0.67608,0.67537,0.67564,0,0
2015-01-02,19:00:00,0.67564,0.67592,0.67533,0.6754,0,0
2015-01-02,20:00:00,0.67552,0.67552,0.67494,0.67503,0,0
2015-01-02,21:00:00,0.67502,0.67582,0.67502,0.67578,0,0
2015-01-02,22:00:00,0.67567,0.67572,0.67417,0.67464,0,0
2015-01-02,23:00:00,0.67464,0.67464,0.67461,0.67461,0,0
2015-01-05,01:00:00,0.67581,0.67632,0.6748,0.67523,0,0
2015-01-05,02:00:00,0.67524,0.67701,0.67523,0.67646,0,0
2015-01-05,03:00:00,0.67645,0.67729,0.67569,0.67598,0,0
2015-01-05,04:00:00,0.67608,0.67665,0.67507,0.67509,0,0
2015-01-05,05:00:00,0.67504,0.67519,0.67408,0.67492,0,0
2015-01-05,06:00:00,0.67494,0.67543,0.67466,0.67512,0,0
2015-01-05,07:00:00,0.67512,0.67517,0.67369,0.67439,0,0
2015-01-05,08:00:00,0.67437,0.67441,0.67323,0.67352,0,0
2015-01-05,09:00:00,0.67352,0.67468,0.67294,0.67331,0,0
2015-01-05,10:00:00,0.67326,0.67553,0.67288,0.67553,0,0
2015-01-05,11:00:00,0.67553,0.67664,0.67532,0.67648,0,0
2015-01-05,12:00:00,0.67645,0.6773,0.67636,0.67661,0,0
2015-01-05,13:00:00,0.67661,0.67763,0.6761,0.6771,0,0
2015-01-05,14:00:00,0.67713,0.67806,0.67667,0.67781,0,0
2015-01-05,15:00:00,0.67781,0.6784,0.67728,0.67805,0,0
2015-01-05,16:00:00,0.67803,0.6786,0.67745,0.67802,0,0
2015-01-05,17:00:00,0.67802,0.67849,0.6774,0.67829,0,0
2015-01-05,18:00:00,0.67839,0.67959,0.67828,0.67912,0,0
2015-01-05,19:00:00,0.67912,0.67931,0.67833,0.67857,0,0
2015-01-05,20:00:00,0.67854,0.67884,0.67799,0.67807,0,0
2015-01-05,21:00:00,0.67806,0.67863,0.67754,0.67784,0,0
2015-01-05,22:00:00,0.67784,0.67795,0.67709,0.67758,0,0
2015-01-05,23:00:00,0.6776,0.67792,0.6774,0.67742,0,0
2015-01-05,23:59:00,0.67742,0.67781,0.67701,0.67751,0,0
2015-01-06,01:00:00,0.67768,0.67872,0.67746,0.67836,0,0
2015-01-06,02:00:00,0.67832,0.68009,0.6774,0.67994,0,0
2015-01-06,03:00:00,0.68013,0.68013,0.67904,0.67967,0,0
2015-01-06,04:00:00,0.67967,0.68176,0.67962,0.68115,0,0
2015-01-06,05:00:00,0.68115,0.68131,0.68066,0.68116,0,0
2015-01-06,06:00:00,0.68107,0.68123,0.68003,0.68007,0,0
2015-01-06,07:00:00,0.68007,0.68112,0.68007,0.68098,0,0
2015-01-06,08:00:00,0.68096,0.68171,0.6809,0.68125,0,0
2015-01-06,09:00:00,0.68125,0.68125,0.68007,0.68044,0,0
2015-01-06,10:00:00,0.68043,0.68161,0.68009,0.6809,0,0
2015-01-06,11:00:00,0.6809,0.68316,0.6809,0.68295,0,0
2015-01-06,12:00:00,0.68273,0.68343,0.68241,0.68337,0,0
2015-01-06,13:00:00,0.68335,0.68455,0.68247,0.68335,0,0
2015-01-06,14:00:00,0.68335,0.68403,0.68272,0.68308,0,0
2015-01-06,15:00:00,0.68284,0.68353,0.68231,0.68239,0,0
2015-01-06,16:00:00,0.68239,0.68265,0.68147,0.68241,0,0
2015-01-06,17:00:00,0.68241,0.68257,0.68072,0.68072,0,0
2015-01-06,18:00:00,0.68072,0.68113,0.67953,0.68,0,0
2015-01-06,19:00:00,0.68,0.68034,0.67887,0.67994,0,0
2015-01-06,20:00:00,0.67991,0.68045,0.67963,0.68014,0,0
2015-01-06,21:00:00,0.68014,0.68093,0.67997,0.68045,0,0
2015-01-06,22:00:00,0.68065,0.68144,0.68009,0.68035,0,0
2015-01-06,23:00:00,0.68041,0.68063,0.67987,0.67993,0,0
2015-01-06,23:59:00,0.67991,0.68259,0.67963,0.67997,0,0
2015-01-07,01:00:00,0.6801,0.68058,0.67981,0.68035,0,0
2015-01-07,02:00:00,0.68035,0.68041,0.67892,0.679,0,0
2015-01-07,03:00:00,0.67905,0.67993,0.67886,0.67983,0,0
2015-01-07,04:00:00,0.67989,0.68008,0.6794,0.67966,0,0
2015-01-07,05:00:00,0.67966,0.68042,0.67952,0.68022,0,0
2015-01-07,06:00:00,0.67983,0.6803,0.6797,0.67975,0,0
2015-01-07,07:00:00,0.67977,0.6803,0.67917,0.67949,0,0
2015-01-07,08:00:00,0.67951,0.67973,0.67912,0.67945,0,0
2015-01-07,09:00:00,0.67953,0.67971,0.67876,0.67895,0,0
2015-01-07,10:00:00,0.67902,0.68071,0.67876,0.67972,0,0
2015-01-07,11:00:00,0.67978,0.68098,0.67963,0.68014,0,0
2015-01-07,12:00:00,0.68014,0.68088,0.67899,0.68076,0,0
2015-01-07,13:00:00,0.68097,0.68289,0.68097,0.68263,0,0
2015-01-07,14:00:00,0.68264,0.6829,0.68178,0.68201,0,0
2015-01-07,15:00:00,0.68201,0.68229,0.68084,0.68094,0,0
2015-01-07,16:00:00,0.68094,0.68161,0.68053,0.68053,0,0
2015-01-07,17:00:00,0.68081,0.68116,0.68037,0.68113,0,0
2015-01-07,18:00:00,0.6812,0.68123,0.68061,0.68094,0,0
2015-01-07,19:00:00,0.68094,0.68117,0.68056,0.68068,0,0
2015-01-07,20:00:00,0.68068,0.68113,0.68052,0.68095,0,0
2015-01-07,21:00:00,0.6809,0.68215,0.6804,0.68202,0,0
2015-01-07,22:00:00,0.68193,0.68219,0.68129,0.68203,0,0
2015-01-07,23:00:00,0.682,0.68261,0.68158,0.6823,0,0
2015-01-07,23:59:00,0.68228,0.68274,0.68179,0.68247,0,0
2015-01-08,01:00:00,0.68238,0.68278,0.68188,0.68236,0,0
2015-01-08,02:00:00,0.68275,0.68427,0.68235,0.68339,0,0
2015-01-08,03:00:00,0.68372,0.68468,0.68372,0.68439,0,0
2015-01-08,04:00:00,0.6844,0.68475,0.68403,0.68438,0,0
2015-01-08,05:00:00,0.68438,0.68607,0.68418,0.68577,0,0
2015-01-08,06:00:00,0.68581,0.68596,0.68519,0.68589,0,0
2015-01-08,07:00:00,0.68581,0.68632,0.68535,0.6863,0,0
2015-01-08,08:00:00,0.6863,0.68633,0.68553,0.6857,0,0
2015-01-08,09:00:00,0.68568,0.68611,0.68514,0.68591,0,0
2015-01-08,10:00:00,0.68568,0.68746,0.6856,0.68742,0,0
2015-01-08,11:00:00,0.68773,0.6888,0.68752,0.6885,0,0
2015-01-08,12:00:00,0.68852,0.689,0.68774,0.68817,0,0
2015-01-08,13:00:00,0.68819,0.6893,0.68819,0.68906,0,0
2015-01-08,14:00:00,0.68904,0.68936,0.68847,0.68847,0,0
2015-01-08,15:00:00,0.68863,0.68916,0.68781,0.68781,0,0
2015-01-08,16:00:00,0.68781,0.68808,0.68698,0.68783,0,0
2015-01-08,17:00:00,0.68788,0.68938,0.6877,0.6877,0,0
2015-01-08,18:00:00,0.6876,0.68862,0.6875,0.68821,0,0
2015-01-08,19:00:00,0.68806,0.68861,0.6879,0.68792,0,0
2015-01-08,20:00:00,0.6879,0.68831,0.68782,0.68804,0,0
2015-01-08,21:00:00,0.68804,0.68858,0.68777,0.68795,0,0
2015-01-08,22:00:00,0.68809,0.68838,0.688,0.68834,0,0
2015-01-08,23:00:00,0.68833,0.68885,0.688,0.68884,0,0
2015-01-08,23:59:00,0.68884,0.68887,0.68785,0.68806,0,0
2015-01-09,01:00:00,0.68806,0.68824,0.68771,0.68797,0,0
2015-01-09,02:00:00,0.68797,0.68918,0.68752,0.68902,0,0
2015-01-09,03:00:00,0.68929,0.68952,0.68862,0.68889,0,0
2015-01-09,04:00:00,0.68911,0.68993,0.68886,0.6897,0,0
2015-01-09,05:00:00,0.68956,0.68996,0.68933,0.68959,0,0
2015-01-09,06:00:00,0.68959,0.68976,0.68925,0.68938,0,0
2015-01-09,07:00:00,0.68936,0.68946,0.68881,0.68921,0,0
2015-01-09,08:00:00,0.68918,0.68945,0.68857,0.68925,0,0
2015-01-09,09:00:00,0.68934,0.68974,0.68874,0.68874,0,0
2015-01-09,10:00:00,0.68874,0.68878,0.68764,0.68778,0,0
2015-01-09,11:00:00,0.68778,0.68797,0.68686,0.68724,0,0
2015-01-09,12:00:00,0.68728,0.68901,0.68718,0.68874,0,0
2015-01-09,13:00:00,0.68874,0.68949,0.6883,0.68949,0,0
2015-01-09,14:00:00,0.68957,0.68957,0.6886,0.68907,0,0
2015-01-09,15:00:00,0.6891,0.69245,0.689,0.6918,0,0
2015-01-09,16:00:00,0.6917,0.69444,0.69147,0.69352,0,0
2015-01-09,17:00:00,0.69345,0.69364,0.69173,0.69188,0,0
2015-01-09,18:00:00,0.69191,0.6936,0.69171,0.69235,0,0
2015-01-09,19:00:00,0.69235,0.69266,0.69199,0.69233,0,0
2015-01-09,20:00:00,0.69232,0.69254,0.69187,0.69248,0,0
2015-01-09,21:00:00,0.69242,0.69309,0.69232,0.69247,0,0
2015-01-09,22:00:00,0.69247,0.69314,0.69231,0.69282,0,0
2015-01-09,23:00:00,0.69282,0.69282,0.6928,0.6928,0,0
