Date,Time,Open,High,Low,Close,Volume,OpenInt
2014-10-13,01:00:00,0.54028,0.54036,0.53799,0.53806,0,0
2014-10-13,02:00:00,0.53805,0.53948,0.53785,0.53921,0,0
2014-10-13,03:00:00,0.53922,0.54006,0.53791,0.53996,0,0
2014-10-13,04:00:00,0.53997,0.54168,0.53986,0.54151,0,0
2014-10-13,05:00:00,0.54143,0.54258,0.54111,0.54172,0,0
2014-10-13,06:00:00,0.54172,0.54197,0.54119,0.54184,0,0
2014-10-13,07:00:00,0.54183,0.54238,0.54179,0.54212,0,0
2014-10-13,08:00:00,0.54212,0.54238,0.54178,0.542,0,0
2014-10-13,09:00:00,0.54201,0.54214,0.54091,0.54174,0,0
2014-10-13,10:00:00,0.54179,0.54258,0.54148,0.54257,0,0
2014-10-13,11:00:00,0.54257,0.54316,0.5422,0.54293,0,0
2014-10-13,12:00:00,0.5429,0.54367,0.54266,0.54347,0,0
2014-10-13,13:00:00,0.54347,0.54424,0.54322,0.5439,0,0
2014-10-13,14:00:00,0.54387,0.54437,0.54377,0.54399,0,0
2014-10-13,15:00:00,0.54399,0.5452,0.54393,0.54508,0,0
2014-10-13,16:00:00,0.54509,0.54584,0.54479,0.54569,0,0
2014-10-13,17:00:00,0.54569,0.54587,0.5447,0.54496,0,0
2014-10-13,18:00:00,0.54502,0.54568,0.54464,0.54522,0,0
2014-10-13,19:00:00,0.54522,0.54566,0.54498,0.54513,0,0
2014-10-13,20:00:00,0.54516,0.54578,0.54506,0.54536,0,0
2014-10-13,21:00:00,0.54537,0.54559,0.54513,0.54534,0,0
2014-10-13,22:00:00,0.54534,0.54589,0.54474,0.54474,0,0
2014-10-13,23:00:00,0.54474,0.54549,0.54434,0.5453,0,0
2014-10-13,23:59:00,0.54529,0.54551,0.54455,0.5449,0,0
2014-10-14,01:00:00,0.54486,0.54525,0.54469,0.54478,0,0
2014-10-14,02:00:00,0.54475,0.54502,0.54434,0.5449,0,0
2014-10-14,03:00:00,0.5449,0.54492,0.54385,0.54449,0,0
2014-10-14,04:00:00,0.54445,0.54662,0.54426,0.54638,0,0
2014-10-14,05:00:00,0.5464,0.54821,0.54631,0.54776,0,0
2014-10-14,06:00:00,0.54775,0.54811,0.54725,0.54727,0,0
2014-10-14,07:00:00,0.54727,0.54746,0.54691,0.54727,0,0
2014-10-14,08:00:00,0.54724,0.54732,0.54639,0.54665,0,0
2014-10-14,09:00:00,0.54667,0.54705,0.54643,0.54672,0,0
2014-10-14,10:00:00,0.54671,0.54674,0.5456,0.54562,0,0
2014-10-14,11:00:00,0.54562,0.54837,0.54504,0.54805,0,0
2014-10-14,12:00:00,0.54799,0.54814,0.54663,0.54713,0,0
2014-10-14,13:00:00,0.54714,0.54786,0.54695,0.54779,0,0
2014-10-14,14:00:00,0.54779,0.54896,0.54706,0.54885,0,0
2014-10-14,15:00:00,0.54887,0.54921,0.54859,0.54921,0,0
2014-10-14,16:00:00,0.5492,0.5493,0.54807,0.54823,0,0
2014-10-14,17:00:00,0.5482,0.54835,0.54732,0.54803,0,0
2014-10-14,18:00:00,0.54813,0.54841,0.54747,0.54779,0,0
2014-10-14,19:00:00,0.5478,0.54828,0.54775,0.54823,0,0
2014-10-14,20:00:00,0.54822,0.54842,0.5478,0.54821,0,0
2014-10-14,21:00:00,0.54823,0.54849,0.54725,0.54745,0,0
2014-10-14,22:00:00,0.54744,0.54764,0.5467,0.54734,0,0
2014-10-14,23:00:00,0.54735,0.54793,0.54726,0.54787,0,0
2014-10-14,23:59:00,0.54787,0.54825,0.54772,0.54817,0,0
2014-10-15,01:00:00,0.54821,0.54839,0.54781,0.54804,0,0
2014-10-15,02:00:00,0.54803,0.54814,0.54726,0.54811,0,0
2014-10-15,03:00:00,0.54809,0.54809,0.54647,0.54688,0,0
2014-10-15,04:00:00,0.54688,0.54823,0.54636,0.54786,0,0
2014-10-15,05:00:00,0.54785,0.54804,0.54721,0.5474,0,0
2014-10-15,06:00:00,0.54741,0.54831,0.54741,0.54788,0,0
2014-10-15,07:00:00,0.54787,0.54837,0.54754,0.54831,0,0
2014-10-15,08:00:00,0.54833,0.54913,0.54815,0.54891,0,0
2014-10-15,09:00:00,0.54892,0.54974,0.54862,0.54913,0,0
2014-10-15,10:00:00,0.54919,0.5496,0.54858,0.54906,0,0
2014-10-15,11:00:00,0.54905,0.5492,0.5474,0.54822,0,0
2014-10-15,12:00:00,0.54822,0.54859,0.54644,0.54698,0,0
2014-10-15,13:00:00,0.54697,0.54811,0.54697,0.54797,0,0
2014-10-15,14:00:00,0.54801,0.54826,0.54716,0.54781,0,0
2014-10-15,15:00:00,0.54779,0.54956,0.54747,0.5485,0,0
2014-10-15,16:00:00,0.54853,0.55145,0.54847,0.55065,0,0
2014-10-15,17:00:00,0.55068,0.55134,0.54969,0.55109,0,0
2014-10-15,18:00:00,0.55106,0.55171,0.55059,0.55093,0,0
2014-10-15,19:00:00,0.55091,0.5521,0.55036,0.55113,0,0
2014-10-15,20:00:00,0.55116,0.55139,0.54823,0.54894,0,0
2014-10-15,21:00:00,0.549,0.5513,0.54878,0.55062,0,0
2014-10-15,22:00:00,0.55062,0.55208,0.55056,0.55183,0,0
2014-10-15,23:00:00,0.55184,0.55214,0.55082,0.55112,0,0
2014-10-15,23:59:00,0.55106,0.55127,0.55032,0.55054,0,0
2014-10-16,01:00:00,0.55049,0.55066,0.54966,0.54999,0,0
2014-10-16,02:00:00,0.54993,0.55027,0.54895,0.54991,0,0
2014-10-16,03:00:00,0.54991,0.55084,0.54959,0.55032,0,0
2014-10-16,04:00:00,0.55028,0.55087,0.54953,0.55044,0,0
2014-10-16,05:00:00,0.55035,0.55061,0.54951,0.54995,0,0
2014-10-16,06:00:00,0.54996,0.55015,0.54946,0.54981,0,0
2014-10-16,07:00:00,0.54981,0.5501,0.54961,0.54986,0,0
2014-10-16,08:00:00,0.54985,0.55067,0.54978,0.55054,0,0
2014-10-16,09:00:00,0.5505,0.55073,0.54785,0.54832,0,0
2014-10-16,10:00:00,0.54834,0.54922,0.54727,0.54783,0,0
2014-10-16,11:00:00,0.54784,0.54801,0.54528,0.54557,0,0
2014-10-16,12:00:00,0.5455,0.54641,0.54445,0.54487,0,0
2014-10-16,13:00:00,0.54491,0.54559,0.54387,0.54514,0,0
2014-10-16,14:00:00,0.54514,0.54563,0.5445,0.54482,0,0
2014-10-16,15:00:00,0.54484,0.54487,0.54322,0.5441,0,0
2014-10-16,16:00:00,0.5441,0.54518,0.54375,0.54518,0,0
2014-10-16,17:00:00,0.54527,0.54741,0.54482,0.54719,0,0
2014-10-16,18:00:00,0.54717,0.54742,0.5454,0.54569,0,0
2014-10-16,19:00:00,0.54569,0.54658,0.54542,0.5461,0,0
2014-10-16,20:00:00,0.54609,0.54625,0.54521,0.54529,0,0
2014-10-16,21:00:00,0.54535,0.5458,0.54518,0.54567,0,0
2014-10-16,22:00:00,0.54566,0.5457,0.54409,0.54409,0,0
2014-10-16,23:00:00,0.54402,0.54467,0.54402,0.54435,0,0
2014-10-16,23:59:00,0.54431,0.54464,0.54398,0.54433,0,0
2014-10-17,01:00:00,0.54456,0.54461,0.54341,0.54437,0,0
2014-10-17,02:00:00,0.5444,0.54503,0.54376,0.54496,0,0
2014-10-17,03:00:00,0.54499,0.54596,0.54485,0.5457,0,0
2014-10-17,04:00:00,0.5457,0.54648,0.54564,0.5463,0,0
2014-10-17,05:00:00,0.54631,0.54631,0.54504,0.54515,0,0
2014-10-17,06:00:00,0.54515,0.54533,0.54388,0.54409,0,0
2014-10-17,07:00:00,0.54409,0.54504,0.54374,0.54412,0,0
2014-10-17,08:00:00,0.54413,0.54443,0.54344,0.54386,0,0
2014-10-17,09:00:00,0.54385,0.54512,0.54323,0.54512,0,0
2014-10-17,10:00:00,0.54513,0.54651,0.54492,0.54595,0,0
2014-10-17,11:00:00,0.54595,0.54629,0.54513,0.54561,0,0
2014-10-17,12:00:00,0.54565,0.54577,0.54476,0.54547,0,0
2014-10-17,13:00:00,0.54547,0.5463,0.54534,0.54546,0,0
2014-10-17,14:00:00,0.5455,0.54579,0.5449,0.5455,0,0
2014-10-17,15:00:00,0.54552,0.54648,0.54499,0.54509,0,0
2014-10-17,16:00:00,0.54513,0.54539,0.54438,0.54475,0,0
2014-10-17,17:00:00,0.54476,0.54516,0.54385,0.54385,0,0
2014-10-17,18:00:00,0.54386,0.54476,0.54374,0.5447,0,0
2014-10-17,19:00:00,0.5447,0.54519,0.54443,0.54474,0,0
2014-10-17,20:00:00,0.54475,0.54493,0.54447,0.54461,0,0
2014-10-17,21:00:00,0.54461,0.54467,0.54369,0.54382,0,0
2014-10-17,22:00:00,0.54382,0.54479,0.54376,0.54468,0,0
2014-10-17,23:00:00,0.54472,0.54472,0.5447,0.5447,0,0
2014-10-20,01:00:00,0.54456,0.54461,0.54387,0.54388,0,0
2014-10-20,02:00:00,0.54382,0.5447,0.54382,0.54411,0,0
2014-10-20,03:00:00,0.54412,0.54519,0.54412,0.54498,0,0
2014-10-20,04:00:00,0.54498,0.54549,0.54489,0.54533,0,0
2014-10-20,05:00:00,0.54537,0.54551,0.54495,0.54516,0,0
2014-10-20,06:00:00,0.5452,0.54531,0.54434,0.54472,0,0
2014-10-20,07:00:00,0.54471,0.54488,0.54446,0.54466,0,0
2014-10-20,08:00:00,0.54466,0.54483,0.54454,0.54472,0,0
2014-10-20,09:00:00,0.54472,0.54475,0.54392,0.54456,0,0
2014-10-20,10:00:00,0.54456,0.54456,0.54376,0.54405,0,0
2014-10-20,11:00:00,0.54403,0.54412,0.5434,0.5434,0,0
2014-10-20,12:00:00,0.54341,0.54412,0.54334,0.54362,0,0
2014-10-20,13:00:00,0.5436,0.54415,0.54344,0.54348,0,0
2014-10-20,14:00:00,0.54349,0.54349,0.54308,0.54342,0,0
2014-10-20,15:00:00,0.54343,0.54382,0.54326,0.54369,0,0
2014-10-20,16:00:00,0.54366,0.54435,0.54346,0.54424,0,0
2014-10-20,17:00:00,0.54423,0.54506,0.5442,0.54449,0,0
2014-10-20,18:00:00,0.54447,0.54454,0.54411,0.54437,0,0
2014-10-20,19:00:00,0.54437,0.54458,0.54411,0.54429,0,0
2014-10-20,20:00:00,0.54429,0.54434,0.54344,0.54357,0,0
2014-10-20,21:00:00,0.54354,0.54385,0.54349,0.54368,0,0
2014-10-20,22:00:00,0.54367,0.5441,0.54362,0.54392,0,0
2014-10-20,23:00:00,0.54392,0.54394,0.54331,0.54338,0,0
2014-10-20,23:59:00,0.54336,0.54373,0.54311,0.5433,0,0
2014-10-21,01:00:00,0.54344,0.54404,0.54333,0.54386,0,0
2014-10-21,02:00:00,0.54385,0.54402,0.54318,0.5433,0,0
2014-10-21,03:00:00,0.54331,0.54414,0.54308,0.54353,0,0
2014-10-21,04:00:00,0.54351,0.54352,0.54272,0.54285,0,0
2014-10-21,05:00:00,0.54244,0.54515,0.54244,0.54442,0,0
2014-10-21,06:00:00,0.54443,0.54486,0.54419,0.54482,0,0
2014-10-21,07:00:00,0.54482,0.54555,0.54479,0.54501,0,0
2014-10-21,08:00:00,0.54497,0.54507,0.54419,0.54507,0,0
2014-10-21,09:00:00,0.54504,0.54569,0.54428,0.54429,0,0
2014-10-21,10:00:00,0.54432,0.54541,0.54428,0.54497,0,0
2014-10-21,11:00:00,0.545,0.54528,0.54392,0.54402,0,0
2014-10-21,12:00:00,0.54401,0.54578,0.54394,0.54576,0,0
2014-10-21,13:00:00,0.54575,0.54583,0.54478,0.54487,0,0
2014-10-21,14:00:00,0.54487,0.54593,0.54486,0.54551,0,0
2014-10-21,15:00:00,0.54547,0.54605,0.54519,0.54588,0,0
2014-10-21,16:00:00,0.54588,0.54602,0.54532,0.54569,0,0
2014-10-21,17:00:00,0.54574,0.5462,0.54495,0.54591,0,0
2014-10-21,18:00:00,0.54587,0.54606,0.54426,0.5452,0,0
2014-10-21,19:00:00,0.54521,0.5457,0.5451,0.54511,0,0
2014-10-21,20:00:00,0.54509,0.54562,0.54503,0.54507,0,0
2014-10-21,21:00:00,0.54507,0.54518,0.54448,0.54469,0,0
2014-10-21,22:00:00,0.54467,0.54502,0.54442,0.54486,0,0
2014-10-21,23:00:00,0.5449,0.54515,0.54479,0.54491,0,0
2014-10-21,23:59:00,0.54488,0.5451,0.54443,0.54471,0,0
2014-10-22,01:00:00,0.54474,0.54484,0.54395,0.54397,0,0
2014-10-22,02:00:00,0.54397,0.54447,0.54392,0.5442,0,0
2014-10-22,03:00:00,0.54421,0.54541,0.54286,0.54466,0,0
2014-10-22,04:00:00,0.54467,0.54492,0.54413,0.54465,0,0
2014-10-22,05:00:00,0.54454,0.54534,0.54454,0.54524,0,0
2014-10-22,06:00:00,0.54524,0.54555,0.54501,0.54515,0,0
2014-10-22,07:00:00,0.54515,0.54548,0.54489,0.54508,0,0
2014-10-22,08:00:00,0.54509,0.54524,0.5447,0.54519,0,0
2014-10-22,09:00:00,0.54519,0.54566,0.54471,0.54527,0,0
2014-10-22,10:00:00,0.54524,0.54606,0.54512,0.54597,0,0
2014-10-22,11:00:00,0.54598,0.5485,0.5459,0.54827,0,0
2014-10-22,12:00:00,0.54822,0.54858,0.54769,0.54785,0,0
2014-10-22,13:00:00,0.54783,0.54795,0.54723,0.54741,0,0
2014-10-22,14:00:00,0.5474,0.54823,0.54735,0.54806,0,0
2014-10-22,15:00:00,0.54803,0.54814,0.54705,0.54707,0,0
2014-10-22,16:00:00,0.54707,0.54794,0.54676,0.54779,0,0
2014-10-22,17:00:00,0.54782,0.54879,0.54774,0.5484,0,0
2014-10-22,18:00:00,0.5484,0.5487,0.54712,0.54718,0,0
2014-10-22,19:00:00,0.5472,0.5472,0.54657,0.54667,0,0
2014-10-22,20:00:00,0.54667,0.54726,0.5465,0.54706,0,0
2014-10-22,21:00:00,0.54707,0.54746,0.54695,0.54703,0,0
2014-10-22,22:00:00,0.54709,0.54718,0.54658,0.54674,0,0
2014-10-22,23:00:00,0.54671,0.54742,0.54659,0.54697,0,0
2014-10-22,23:59:00,0.54688,0.54723,0.54577,0.54626,0,0
2014-10-23,01:00:00,0.54616,0.54707,0.54613,0.54645,0,0
2014-10-23,02:00:00,0.54647,0.54675,0.54615,0.54635,0,0
2014-10-23,03:00:00,0.54641,0.54661,0.54554,0.54569,0,0
2014-10-23,04:00:00,0.54569,0.5467,0.5454,0.54576,0,0
2014-10-23,05:00:00,0.54575,0.54644,0.5457,0.54589,0,0
2014-10-23,06:00:00,0.54589,0.54612,0.54552,0.54558,0,0
2014-10-23,07:00:00,0.54558,0.5459,0.54545,0.54579,0,0
2014-10-23,08:00:00,0.5458,0.54582,0.54547,0.54557,0,0
2014-10-23,09:00:00,0.54557,0.54663,0.54547,0.54656,0,0
2014-10-23,10:00:00,0.54657,0.54817,0.54657,0.54796,0,0
2014-10-23,11:00:00,0.54796,0.54921,0.54707,0.54851,0,0
2014-10-23,12:00:00,0.54854,0.54922,0.54831,0.54847,0,0
2014-10-23,13:00:00,0.54845,0.54874,0.54812,0.54857,0,0
2014-10-23,14:00:00,0.5486,0.54976,0.54829,0.54906,0,0
2014-10-23,15:00:00,0.54902,0.54907,0.54782,0.54792,0,0
2014-10-23,16:00:00,0.54791,0.54808,0.54694,0.54779,0,0
2014-10-23,17:00:00,0.54779,0.54794,0.546,0.54649,0,0
2014-10-23,18:00:00,0.54653,0.5473,0.54648,0.54705,0,0
2014-10-23,19:00:00,0.54704,0.54713,0.54609,0.54626,0,0
2014-10-23,20:00:00,0.54625,0.54655,0.54598,0.54644,0,0
2014-10-23,21:00:00,0.54644,0.54665,0.54612,0.54629,0,0
2014-10-23,22:00:00,0.54629,0.54671,0.54609,0.54648,0,0
2014-10-23,23:00:00,0.54648,0.54689,0.54614,0.54651,0,0
2014-10-23,23:59:00,0.54651,0.54692,0.54617,0.5465,0,0
2014-10-24,01:00:00,0.54649,0.54661,0.54619,0.54629,0,0
2014-10-24,02:00:00,0.54629,0.54645,0.546,0.54632,0,0
2014-10-24,03:00:00,0.54632,0.54632,0.54392,0.54441,0,0
2014-10-24,04:00:00,0.54441,0.54529,0.54417,0.54528,0,0
2014-10-24,05:00:00,0.54524,0.54556,0.54524,0.54533,0,0
2014-10-24,06:00:00,0.5453,0.54639,0.5451,0.54591,0,0
2014-10-24,07:00:00,0.54591,0.54629,0.54572,0.54584,0,0
2014-10-24,08:00:00,0.54583,0.54687,0.5457,0.54653,0,0
2014-10-24,09:00:00,0.5465,0.54688,0.54618,0.5462,0,0
2014-10-24,10:00:00,0.54621,0.54688,0.54593,0.54687,0,0
2014-10-24,11:00:00,0.54684,0.54803,0.54593,0.54622,0,0
2014-10-24,12:00:00,0.54622,0.54755,0.54621,0.54709,0,0
2014-10-24,13:00:00,0.5471,0.54755,0.547,0.54727,0,0
2014-10-24,14:00:00,0.54727,0.54761,0.5467,0.5473,0,0
2014-10-24,15:00:00,0.5473,0.54863,0.54703,0.54844,0,0
2014-10-24,16:00:00,0.54843,0.5492,0.54821,0.54848,0,0
2014-10-24,17:00:00,0.54848,0.5485,0.54703,0.54712,0,0
2014-10-24,18:00:00,0.54711,0.54767,0.54703,0.54737,0,0
2014-10-24,19:00:00,0.54736,0.54762,0.54716,0.54748,0,0
2014-10-24,20:00:00,0.54746,0.54771,0.54725,0.54767,0,0
2014-10-24,21:00:00,0.54767,0.54777,0.54704,0.54714,0,0
2014-10-24,22:00:00,0.54714,0.54734,0.54686,0.54687,0,0
2014-10-24,23:00:00,0.54687,0.54689,0.54687,0.54689,0,0
2014-10-27,01:00:00,0.54692,0.54722,0.54665,0.54714,0,0
2014-10-27,02:00:00,0.54713,0.54797,0.54713,0.54765,0,0
2014-10-27,03:00:00,0.54763,0.54789,0.5467,0.54719,0,0
2014-10-27,04:00:00,0.54719,0.54782,0.54694,0.54764,0,0
2014-10-27,05:00:00,0.54772,0.54772,0.54715,0.5472,0,0
2014-10-27,06:00:00,0.54719,0.54756,0.54711,0.54748,0,0
2014-10-27,07:00:00,0.54746,0.54751,0.54721,0.54739,0,0
2014-10-27,08:00:00,0.54738,0.54774,0.54686,0.5469,0,0
2014-10-27,09:00:00,0.5469,0.54713,0.5461,0.54622,0,0
2014-10-27,10:00:00,0.54623,0.54673,0.546,0.54637,0,0
2014-10-27,11:00:00,0.54636,0.54748,0.54626,0.5472,0,0
2014-10-27,12:00:00,0.5472,0.54773,0.54634,0.54637,0,0
2014-10-27,13:00:00,0.54635,0.54676,0.54568,0.54659,0,0
2014-10-27,14:00:00,0.54658,0.54659,0.54554,0.5457,0,0
2014-10-27,15:00:00,0.54572,0.54611,0.54555,0.54568,0,0
2014-10-27,16:00:00,0.54569,0.54602,0.54508,0.54582,0,0
2014-10-27,17:00:00,0.54584,0.54588,0.54528,0.54544,0,0
2014-10-27,18:00:00,0.54542,0.54634,0.5453,0.54616,0,0
2014-10-27,19:00:00,0.54614,0.54639,0.54599,0.5461,0,0
2014-10-27,20:00:00,0.54606,0.5461,0.54577,0.54606,0,0
2014-10-27,21:00:00,0.54611,0.54611,0.54581,0.54598,0,0
2014-10-27,22:00:00,0.54598,0.54613,0.54586,0.546,0,0
2014-10-27,23:00:00,0.546,0.54618,0.5458,0.54608,0,0
2014-10-27,23:59:00,0.54607,0.54607,0.54582,0.546,0,0
2014-10-28,01:00:00,0.54599,0.54606,0.54564,0.54606,0,0
2014-10-28,02:00:00,0.54606,0.54684,0.54584,0.54684,0,0
2014-10-28,03:00:00,0.54681,0.5469,0.54643,0.54668,0,0
2014-10-28,04:00:00,0.54671,0.54684,0.54644,0.54666,0,0
2014-10-28,05:00:00,0.54666,0.54738,0.54652,0.54693,0,0
2014-10-28,06:00:00,0.54693,0.54703,0.54657,0.54666,0,0
2014-10-28,07:00:00,0.54666,0.54674,0.54643,0.5467,0,0
2014-10-28,08:00:00,0.5467,0.5474,0.54656,0.54716,0,0
2014-10-28,09:00:00,0.54716,0.54824,0.54711,0.54767,0,0
2014-10-28,10:00:00,0.54762,0.54827,0.54757,0.54803,0,0
2014-10-28,11:00:00,0.54804,0.54849,0.5479,0.54814,0,0
2014-10-28,12:00:00,0.54816,0.54844,0.54771,0.54809,0,0
2014-10-28,13:00:00,0.54809,0.54857,0.54774,0.5484,0,0
2014-10-28,14:00:00,0.54842,0.54911,0.54781,0.54811,0,0
2014-10-28,15:00:00,0.5482,0.54879,0.54741,0.54748,0,0
2014-10-28,16:00:00,0.54761,0.54784,0.54715,0.54734,0,0
2014-10-28,17:00:00,0.5474,0.54798,0.54733,0.54756,0,0
2014-10-28,18:00:00,0.54754,0.54803,0.54739,0.54799,0,0
2014-10-28,19:00:00,0.54799,0.54904,0.54785,0.54889,0,0
2014-10-28,20:00:00,0.54889,0.54931,0.54885,0.54904,0,0
2014-10-28,21:00:00,0.54904,0.54922,0.54888,0.54896,0,0
2014-10-28,22:00:00,0.54894,0.54912,0.54885,0.54898,0,0
2014-10-28,23:00:00,0.5489,0.54903,0.54851,0.54865,0,0
2014-10-28,23:59:00,0.54866,0.54906,0.54859,0.54862,0,0
2014-10-29,01:00:00,0.54861,0.54919,0.54861,0.54888,0,0
2014-10-29,02:00:00,0.54889,0.54943,0.54877,0.54909,0,0
2014-10-29,03:00:00,0.54909,0.54945,0.5489,0.54934,0,0
2014-10-29,04:00:00,0.54935,0.54961,0.54921,0.54952,0,0
2014-10-29,05:00:00,0.54952,0.54963,0.54928,0.54936,0,0
2014-10-29,06:00:00,0.54934,0.54943,0.54921,0.54942,0,0
2014-10-29,07:00:00,0.54943,0.54951,0.5492,0.54925,0,0
2014-10-29,08:00:00,0.54918,0.5494,0.549,0.549,0,0
2014-10-29,09:00:00,0.54899,0.54996,0.54884,0.54992,0,0
2014-10-29,10:00:00,0.54991,0.55079,0.54986,0.55041,0,0
2014-10-29,11:00:00,0.5504,0.55092,0.54998,0.5507,0,0
2014-10-29,12:00:00,0.55068,0.5511,0.55059,0.5508,0,0
2014-10-29,13:00:00,0.55078,0.5516,0.5507,0.55144,0,0
2014-10-29,14:00:00,0.55146,0.55171,0.5513,0.55165,0,0
2014-10-29,15:00:00,0.55165,0.55207,0.55133,0.55139,0,0
2014-10-29,16:00:00,0.55139,0.5518,0.55101,0.55108,0,0
2014-10-29,17:00:00,0.55107,0.55143,0.55065,0.55143,0,0
2014-10-29,18:00:00,0.55137,0.55137,0.5509,0.55113,0,0
2014-10-29,19:00:00,0.55112,0.5517,0.55104,0.55131,0,0
2014-10-29,20:00:00,0.55146,0.55148,0.54826,0.54952,0,0
2014-10-29,21:00:00,0.54952,0.54974,0.54883,0.54962,0,0
2014-10-29,22:00:00,0.54962,0.54975,0.54836,0.54945,0,0
2014-10-29,23:00:00,0.54945,0.54968,0.54869,0.54903,0,0
2014-10-29,23:59:00,0.54903,0.54952,0.54875,0.54875,0,0
2014-10-30,01:00:00,0.54877,0.54912,0.54764,0.54794,0,0
2014-10-30,02:00:00,0.54794,0.5495,0.54782,0.54948,0,0
2014-10-30,03:00:00,0.54949,0.54949,0.54861,0.54917,0,0
2014-10-30,04:00:00,0.54917,0.54944,0.549,0.54909,0,0
2014-10-30,05:00:00,0.54909,0.54929,0.54861,0.54864,0,0
2014-10-30,06:00:00,0.54864,0.54897,0.54845,0.5486,0,0
2014-10-30,07:00:00,0.54861,0.54901,0.54841,0.5488,0,0
2014-10-30,08:00:00,0.5488,0.54888,0.54832,0.54873,0,0
2014-10-30,09:00:00,0.54875,0.54917,0.54848,0.54865,0,0
2014-10-30,10:00:00,0.54868,0.54997,0.54865,0.54997,0,0
2014-10-30,11:00:00,0.54997,0.55032,0.54966,0.55009,0,0
2014-10-30,12:00:00,0.55017,0.55018,0.54926,0.54936,0,0
2014-10-30,13:00:00,0.54936,0.54963,0.54905,0.54961,0,0
2014-10-30,14:00:00,0.54961,0.5507,0.5489,0.55058,0,0
2014-10-30,15:00:00,0.55063,0.55063,0.54982,0.55,0,0
2014-10-30,16:00:00,0.55,0.55061,0.54958,0.55045,0,0
2014-10-30,17:00:00,0.55047,0.55105,0.55007,0.55079,0,0
2014-10-30,18:00:00,0.5508,0.55121,0.55066,0.55114,0,0
2014-10-30,19:00:00,0.55114,0.55186,0.55114,0.5517,0,0
2014-10-30,20:00:00,0.55165,0.55218,0.5516,0.55176,0,0
2014-10-30,21:00:00,0.55177,0.55217,0.5517,0.55208,0,0
2014-10-30,22:00:00,0.55208,0.55225,0.55179,0.55205,0,0
2014-10-30,23:00:00,0.55206,0.55286,0.55178,0.55241,0,0
2014-10-30,23:59:00,0.55236,0.55236,0.55166,0.55187,0,0
2014-10-31,01:00:00,0.55188,0.55212,0.55142,0.55161,0,0
2014-10-31,02:00:00,0.55172,0.55191,0.55117,0.55128,0,0
2014-10-31,03:00:00,0.55133,0.55208,0.55126,0.55198,0,0
2014-10-31,04:00:00,0.55198,0.55212,0.55154,0.55175,0,0
2014-10-31,05:00:00,0.55175,0.55205,0.55141,0.5517,0,0
2014-10-31,06:00:00,0.55168,0.5521,0.55042,0.5507,0,0
2014-10-31,07:00:00,0.55073,0.55111,0.5497,0.55024,0,0
2014-10-31,08:00:00,0.55039,0.55162,0.55007,0.55114,0,0
2014-10-31,09:00:00,0.5511,0.55205,0.55025,0.551,0,0
2014-10-31,10:00:00,0.55093,0.55186,0.55053,0.55146,0,0
2014-10-31,11:00:00,0.55146,0.55153,0.55093,0.55126,0,0
2014-10-31,12:00:00,0.55132,0.55168,0.55087,0.55159,0,0
2014-10-31,13:00:00,0.55153,0.55212,0.55123,0.5518,0,0
2014-10-31,14:00:00,0.55178,0.55252,0.55006,0.55059,0,0
2014-10-31,15:00:00,0.55055,0.55071,0.54978,0.55042,0,0
2014-10-31,16:00:00,0.55044,0.55046,0.54901,0.54938,0,0
2014-10-31,17:00:00,0.54934,0.55033,0.5492,0.54941,0,0
2014-10-31,18:00:00,0.54943,0.55063,0.54928,0.55055,0,0
2014-10-31,19:00:00,0.55059,0.55061,0.54967,0.5498,0,0
2014-10-31,20:00:00,0.5498,0.55013,0.54957,0.55003,0,0
2014-10-31,21:00:00,0.55005,0.55033,0.5499,0.55004,0,0
2014-10-31,22:00:00,0.55004,0.55013,0.54959,0.54989,0,0
2014-10-31,23:00:00,0.54989,0.5499,0.54989,0.5499,0,0
2014-11-03,01:00:00,0.54823,0.54846,0.54741,0.54787,0,0
2014-11-03,02:00:00,0.54787,0.54855,0.5465,0.54661,0,0
2014-11-03,03:00:00,0.5465,0.54691,0.54592,0.54633,0,0
2014-11-03,04:00:00,0.54635,0.54659,0.54592,0.5464,0,0
2014-11-03,05:00:00,0.5464,0.54665,0.54598,0.54646,0,0
2014-11-03,06:00:00,0.54646,0.54721,0.54641,0.54698,0,0
2014-11-03,07:00:00,0.54698,0.54729,0.54681,0.54722,0,0
2014-11-03,08:00:00,0.54722,0.5477,0.54713,0.54759,0,0
2014-11-03,09:00:00,0.54755,0.54768,0.54661,0.54715,0,0
2014-11-03,10:00:00,0.54718,0.54773,0.54654,0.5466,0,0
2014-11-03,11:00:00,0.54652,0.54716,0.54597,0.54644,0,0
2014-11-03,12:00:00,0.54642,0.54672,0.54551,0.54587,0,0
2014-11-03,13:00:00,0.54586,0.54589,0.54441,0.54504,0,0
2014-11-03,14:00:00,0.54505,0.54516,0.54441,0.54481,0,0
2014-11-03,15:00:00,0.54479,0.545,0.54406,0.54464,0,0
2014-11-03,16:00:00,0.54468,0.54492,0.54421,0.54421,0,0
2014-11-03,17:00:00,0.54433,0.54535,0.54378,0.54464,0,0
2014-11-03,18:00:00,0.54467,0.54502,0.5442,0.5442,0,0
2014-11-03,19:00:00,0.5442,0.54426,0.54353,0.54386,0,0
2014-11-03,20:00:00,0.54387,0.54412,0.54365,0.54407,0,0
2014-11-03,21:00:00,0.54407,0.54411,0.54346,0.54362,0,0
2014-11-03,22:00:00,0.54362,0.54391,0.5434,0.54391,0,0
2014-11-03,23:00:00,0.54394,0.544,0.5433,0.54346,0,0
2014-11-03,23:59:00,0.54348,0.54414,0.54322,0.54386,0,0
2014-11-04,01:00:00,0.5439,0.54434,0.54371,0.54399,0,0
2014-11-04,02:00:00,0.54395,0.54485,0.54147,0.54301,0,0
2014-11-04,03:00:00,0.54301,0.54427,0.54296,0.54362,0,0
2014-11-04,04:00:00,0.54363,0.54422,0.5433,0.5435,0,0
2014-11-04,05:00:00,0.5435,0.54583,0.54313,0.54545,0,0
2014-11-04,06:00:00,0.54549,0.54587,0.54513,0.54521,0,0
2014-11-04,07:00:00,0.54521,0.5454,0.5448,0.54537,0,0
2014-11-04,08:00:00,0.54536,0.546,0.54536,0.5458,0,0
2014-11-04,09:00:00,0.5458,0.54585,0.5449,0.54507,0,0
2014-11-04,10:00:00,0.54507,0.54538,0.54434,0.54538,0,0
2014-11-04,11:00:00,0.54528,0.54664,0.54484,0.54638,0,0
2014-11-04,12:00:00,0.54636,0.54666,0.54579,0.54624,0,0
2014-11-04,13:00:00,0.54624,0.54664,0.54606,0.54643,0,0
2014-11-04,14:00:00,0.54639,0.54644,0.54499,0.54541,0,0
2014-11-04,15:00:00,0.54539,0.54572,0.54466,0.54549,0,0
2014-11-04,16:00:00,0.54548,0.54554,0.54437,0.54455,0,0
2014-11-04,17:00:00,0.54459,0.54524,0.54424,0.54516,0,0
2014-11-04,18:00:00,0.54516,0.54605,0.54485,0.5458,0,0
2014-11-04,19:00:00,0.54581,0.54612,0.54557,0.54596,0,0
2014-11-04,20:00:00,0.54596,0.54607,0.54561,0.54597,0,0
2014-11-04,21:00:00,0.54597,0.5463,0.54558,0.54628,0,0
2014-11-04,22:00:00,0.54631,0.54642,0.54614,0.54619,0,0
2014-11-04,23:00:00,0.54616,0.54622,0.54573,0.54607,0,0
2014-11-04,23:59:00,0.54606,0.54728,0.54576,0.54685,0,0
2014-11-05,01:00:00,0.54689,0.54732,0.54648,0.54653,0,0
2014-11-05,02:00:00,0.54641,0.5465,0.54587,0.54629,0,0
2014-11-05,03:00:00,0.54626,0.54639,0.5456,0.54614,0,0
2014-11-05,04:00:00,0.54614,0.54685,0.54603,0.54652,0,0
2014-11-05,05:00:00,0.54652,0.54664,0.54627,0.54645,0,0
2014-11-05,06:00:00,0.54644,0.54646,0.54498,0.54521,0,0
2014-11-05,07:00:00,0.54519,0.5457,0.54482,0.5454,0,0
2014-11-05,08:00:00,0.54541,0.546,0.54437,0.54476,0,0
2014-11-05,09:00:00,0.54474,0.54494,0.54426,0.54494,0,0
2014-11-05,10:00:00,0.54494,0.54509,0.54379,0.54389,0,0
2014-11-05,11:00:00,0.54387,0.54578,0.54368,0.54503,0,0
2014-11-05,12:00:00,0.54509,0.54519,0.54211,0.54337,0,0
2014-11-05,13:00:00,0.54337,0.54353,0.54199,0.54203,0,0
2014-11-05,14:00:00,0.54198,0.54231,0.54122,0.54127,0,0
2014-11-05,15:00:00,0.54125,0.54165,0.53949,0.53961,0,0
2014-11-05,16:00:00,0.53957,0.53957,0.53764,0.53828,0,0
2014-11-05,17:00:00,0.53816,0.53828,0.53715,0.53795,0,0
2014-11-05,18:00:00,0.53783,0.53803,0.53712,0.53746,0,0
2014-11-05,19:00:00,0.53746,0.53746,0.53664,0.53695,0,0
2014-11-05,20:00:00,0.53698,0.53723,0.5365,0.53651,0,0
2014-11-05,21:00:00,0.53651,0.53726,0.53644,0.53703,0,0
2014-11-05,22:00:00,0.53703,0.53809,0.53698,0.53781,0,0
2014-11-05,23:00:00,0.53781,0.53825,0.53771,0.53797,0,0
2014-11-05,23:59:00,0.538,0.53813,0.53682,0.53714,0,0
2014-11-06,01:00:00,0.53706,0.53759,0.53652,0.53734,0,0
2014-11-06,02:00:00,0.53736,0.53881,0.53608,0.53673,0,0
2014-11-06,03:00:00,0.53672,0.53767,0.53661,0.53737,0,0
2014-11-06,04:00:00,0.53737,0.5385,0.53694,0.53701,0,0
2014-11-06,05:00:00,0.53699,0.53716,0.53618,0.53694,0,0
2014-11-06,06:00:00,0.53693,0.53878,0.53664,0.53878,0,0
2014-11-06,07:00:00,0.53878,0.53909,0.53797,0.53902,0,0
2014-11-06,08:00:00,0.53908,0.53925,0.53816,0.53836,0,0
2014-11-06,09:00:00,0.53836,0.53942,0.53803,0.53894,0,0
2014-11-06,10:00:00,0.53894,0.53929,0.53836,0.53915,0,0
2014-11-06,11:00:00,0.53915,0.53981,0.53877,0.53968,0,0
2014-11-06,12:00:00,0.53973,0.54036,0.53949,0.54017,0,0
2014-11-06,13:00:00,0.54015,0.54019,0.53936,0.53966,0,0
2014-11-06,14:00:00,0.53974,0.54072,0.53957,0.54072,0,0
2014-11-06,15:00:00,0.54071,0.54126,0.53938,0.53983,0,0
2014-11-06,16:00:00,0.53987,0.54103,0.53912,0.54075,0,0
2014-11-06,17:00:00,0.54072,0.54078,0.53929,0.54013,0,0
2014-11-06,18:00:00,0.54021,0.54148,0.53999,0.54091,0,0
2014-11-06,19:00:00,0.54091,0.54124,0.54055,0.54067,0,0
2014-11-06,20:00:00,0.54071,0.54148,0.5406,0.54137,0,0
2014-11-06,21:00:00,0.54137,0.54146,0.54106,0.54122,0,0
2014-11-06,22:00:00,0.54122,0.54131,0.5407,0.54087,0,0
2014-11-06,23:00:00,0.54088,0.54103,0.54046,0.54064,0,0
2014-11-06,23:59:00,0.54065,0.54107,0.54037,0.54039,0,0
2014-11-07,01:00:00,0.54047,0.5406,0.54025,0.54047,0,0
2014-11-07,02:00:00,0.54047,0.5411,0.53965,0.54066,0,0
2014-11-07,03:00:00,0.54068,0.54103,0.53994,0.54058,0,0
2014-11-07,04:00:00,0.54056,0.54091,0.54033,0.54055,0,0
2014-11-07,05:00:00,0.54055,0.54081,0.54022,0.54068,0,0
2014-11-07,06:00:00,0.54067,0.54082,0.53996,0.54011,0,0
2014-11-07,07:00:00,0.54017,0.54092,0.5399,0.54035,0,0
2014-11-07,08:00:00,0.54034,0.54071,0.54019,0.54047,0,0
2014-11-07,09:00:00,0.54049,0.54153,0.54037,0.54148,0,0
2014-11-07,10:00:00,0.54145,0.54292,0.54145,0.54292,0,0
2014-11-07,11:00:00,0.54289,0.54358,0.54226,0.5435,0,0
2014-11-07,12:00:00,0.5435,0.54354,0.54315,0.54334,0,0
2014-11-07,13:00:00,0.54334,0.54353,0.54272,0.54307,0,0
2014-11-07,14:00:00,0.54303,0.54334,0.54239,0.54319,0,0
2014-11-07,15:00:00,0.54319,0.54452,0.54233,0.54334,0,0
2014-11-07,16:00:00,0.54334,0.545,0.54314,0.54461,0,0
2014-11-07,17:00:00,0.54456,0.54458,0.5434,0.54354,0,0
2014-11-07,18:00:00,0.54351,0.54417,0.54331,0.54403,0,0
2014-11-07,19:00:00,0.54402,0.5446,0.54398,0.54438,0,0
2014-11-07,20:00:00,0.5444,0.54531,0.54419,0.54488,0,0
2014-11-07,21:00:00,0.54488,0.545,0.54413,0.5444,0,0
2014-11-07,22:00:00,0.54441,0.5446,0.54371,0.54383,0,0
2014-11-07,23:00:00,0.54383,0.54385,0.54383,0.54385,0,0
2014-11-10,01:00:00,0.54403,0.5446,0.54403,0.54423,0,0
2014-11-10,02:00:00,0.54421,0.54494,0.54414,0.5448,0,0
2014-11-10,03:00:00,0.5448,0.5454,0.54456,0.5454,0,0
2014-11-10,04:00:00,0.54552,0.5458,0.54514,0.54521,0,0
2014-11-10,05:00:00,0.54521,0.54562,0.54514,0.54542,0,0
2014-11-10,06:00:00,0.54542,0.54554,0.54513,0.5453,0,0
2014-11-10,07:00:00,0.5453,0.54563,0.54514,0.54536,0,0
2014-11-10,08:00:00,0.54536,0.54549,0.5449,0.54493,0,0
2014-11-10,09:00:00,0.54492,0.54568,0.54461,0.54541,0,0
2014-11-10,10:00:00,0.54545,0.54594,0.5454,0.54583,0,0
2014-11-10,11:00:00,0.54579,0.54593,0.54529,0.54572,0,0
2014-11-10,12:00:00,0.54557,0.54575,0.54516,0.54549,0,0
2014-11-10,13:00:00,0.54551,0.54567,0.54461,0.54482,0,0
2014-11-10,14:00:00,0.54475,0.54527,0.54473,0.54527,0,0
2014-11-10,15:00:00,0.54529,0.5453,0.54455,0.54475,0,0
2014-11-10,16:00:00,0.54473,0.54505,0.54442,0.54459,0,0
2014-11-10,17:00:00,0.54459,0.54471,0.54391,0.54426,0,0
2014-11-10,18:00:00,0.54448,0.54456,0.54337,0.54382,0,0
2014-11-10,19:00:00,0.54384,0.54413,0.54376,0.54401,0,0
2014-11-10,20:00:00,0.54398,0.54415,0.5437,0.54377,0,0
2014-11-10,21:00:00,0.54384,0.54388,0.54321,0.54347,0,0
2014-11-10,22:00:00,0.5436,0.54369,0.54328,0.54369,0,0
2014-11-10,23:00:00,0.54369,0.5442,0.54368,0.54417,0,0
2014-11-10,23:59:00,0.54408,0.54429,0.54392,0.54405,0,0
2014-11-11,01:00:00,0.54413,0.54462,0.5441,0.5441,0,0
2014-11-11,02:00:00,0.54417,0.54504,0.54383,0.545,0,0
2014-11-11,03:00:00,0.54502,0.54554,0.54484,0.54515,0,0
2014-11-11,04:00:00,0.54511,0.54547,0.54491,0.54537,0,0
2014-11-11,05:00:00,0.54537,0.54573,0.5451,0.54514,0,0
2014-11-11,06:00:00,0.54513,0.54543,0.54405,0.54428,0,0
2014-11-11,07:00:00,0.54427,0.54485,0.54405,0.54482,0,0
2014-11-11,08:00:00,0.54483,0.54496,0.54342,0.54343,0,0
2014-11-11,09:00:00,0.54344,0.54401,0.5427,0.54299,0,0
2014-11-11,10:00:00,0.54299,0.54321,0.54244,0.54271,0,0
2014-11-11,11:00:00,0.54269,0.54307,0.54232,0.54268,0,0
2014-11-11,12:00:00,0.54285,0.54365,0.54265,0.54353,0,0
2014-11-11,13:00:00,0.54357,0.54431,0.54357,0.54403,0,0
2014-11-11,14:00:00,0.54405,0.54465,0.54402,0.54451,0,0
2014-11-11,15:00:00,0.54436,0.54534,0.54432,0.54495,0,0
2014-11-11,16:00:00,0.54483,0.54533,0.54482,0.5451,0,0
2014-11-11,17:00:00,0.54504,0.54555,0.54462,0.54553,0,0
2014-11-11,18:00:00,0.54553,0.54662,0.5454,0.54614,0,0
2014-11-11,19:00:00,0.54614,0.54623,0.54552,0.54596,0,0
2014-11-11,20:00:00,0.54596,0.54612,0.54566,0.54582,0,0
2014-11-11,21:00:00,0.54582,0.54691,0.54573,0.54657,0,0
2014-11-11,22:00:00,0.54655,0.54671,0.54633,0.54637,0,0
2014-11-11,23:00:00,0.54632,0.54635,0.54538,0.5457,0,0
2014-11-11,23:59:00,0.5457,0.54616,0.54555,0.5459,0,0
2014-11-12,01:00:00,0.54599,0.54672,0.54578,0.54656,0,0
2014-11-12,02:00:00,0.54656,0.54673,0.54551,0.54574,0,0
2014-11-12,03:00:00,0.54574,0.54627,0.54565,0.54592,0,0
2014-11-12,04:00:00,0.54592,0.54639,0.54578,0.54604,0,0
2014-11-12,05:00:00,0.54604,0.54631,0.54572,0.54572,0,0
2014-11-12,06:00:00,0.54571,0.54585,0.54484,0.54527,0,0
2014-11-12,07:00:00,0.54523,0.54608,0.54512,0.54557,0,0
2014-11-12,08:00:00,0.54554,0.54592,0.54538,0.54588,0,0
2014-11-12,09:00:00,0.54583,0.5473,0.54564,0.54718,0,0
2014-11-12,10:00:00,0.54705,0.54705,0.54611,0.54669,0,0
2014-11-12,11:00:00,0.54656,0.54737,0.54536,0.54606,0,0
2014-11-12,12:00:00,0.54626,0.54926,0.54618,0.54902,0,0
2014-11-12,13:00:00,0.54892,0.5505,0.54883,0.55004,0,0
2014-11-12,14:00:00,0.55,0.55089,0.54999,0.55053,0,0
2014-11-12,15:00:00,0.55053,0.55088,0.54977,0.55043,0,0
2014-11-12,16:00:00,0.55042,0.55183,0.5502,0.55182,0,0
2014-11-12,17:00:00,0.55181,0.55256,0.55158,0.55158,0,0
2014-11-12,18:00:00,0.55166,0.55252,0.55157,0.5523,0,0
2014-11-12,19:00:00,0.5523,0.55267,0.55213,0.55222,0,0
2014-11-12,20:00:00,0.55212,0.55216,0.55158,0.55188,0,0
2014-11-12,21:00:00,0.55189,0.55225,0.55167,0.55223,0,0
2014-11-12,22:00:00,0.55225,0.55241,0.55198,0.55216,0,0
2014-11-12,23:00:00,0.55227,0.55272,0.55207,0.55249,0,0
2014-11-12,23:59:00,0.55249,0.55283,0.55202,0.55259,0,0
2014-11-13,01:00:00,0.55256,0.55284,0.55221,0.55229,0,0
2014-11-13,02:00:00,0.5523,0.55273,0.55219,0.55247,0,0
2014-11-13,03:00:00,0.55247,0.55328,0.55239,0.55324,0,0
2014-11-13,04:00:00,0.55318,0.55368,0.55025,0.55138,0,0
2014-11-13,05:00:00,0.5514,0.55184,0.55099,0.55149,0,0
2014-11-13,06:00:00,0.55149,0.5519,0.55114,0.55169,0,0
2014-11-13,07:00:00,0.55169,0.55191,0.55135,0.55174,0,0
2014-11-13,08:00:00,0.5517,0.5526,0.55145,0.5517,0,0
2014-11-13,09:00:00,0.55171,0.5526,0.5515,0.55232,0,0
2014-11-13,10:00:00,0.55231,0.55423,0.55225,0.55407,0,0
2014-11-13,11:00:00,0.55407,0.55493,0.55402,0.55485,0,0
2014-11-13,12:00:00,0.55484,0.55611,0.5548,0.55544,0,0
2014-11-13,13:00:00,0.55544,0.55557,0.55459,0.5549,0,0
2014-11-13,14:00:00,0.55492,0.55603,0.5548,0.55568,0,0
2014-11-13,15:00:00,0.55567,0.55574,0.55496,0.55511,0,0
2014-11-13,16:00:00,0.5552,0.55557,0.55506,0.55513,0,0
2014-11-13,17:00:00,0.55513,0.5557,0.55475,0.55538,0,0
2014-11-13,18:00:00,0.55531,0.5557,0.55482,0.55543,0,0
2014-11-13,19:00:00,0.55543,0.55563,0.55483,0.55483,0,0
2014-11-13,20:00:00,0.55485,0.55514,0.55462,0.555,0,0
2014-11-13,21:00:00,0.555,0.55515,0.5547,0.5549,0,0
2014-11-13,22:00:00,0.5549,0.55494,0.55464,0.55476,0,0
2014-11-13,23:00:00,0.55485,0.55507,0.55472,0.55507,0,0
2014-11-13,23:59:00,0.55507,0.55507,0.55446,0.5546,0,0
2014-11-14,01:00:00,0.55463,0.55481,0.55432,0.55444,0,0
2014-11-14,02:00:00,0.55444,0.55476,0.55399,0.55432,0,0
2014-11-14,03:00:00,0.55432,0.55511,0.55424,0.55483,0,0
2014-11-14,04:00:00,0.55483,0.55513,0.55444,0.55447,0,0
2014-11-14,05:00:00,0.55447,0.55479,0.55407,0.55424,0,0
2014-11-14,06:00:00,0.55426,0.55552,0.55426,0.55466,0,0
2014-11-14,07:00:00,0.55467,0.55477,0.55424,0.55432,0,0
2014-11-14,08:00:00,0.55454,0.55482,0.5543,0.55463,0,0
2014-11-14,09:00:00,0.55459,0.55489,0.55404,0.55455,0,0
2014-11-14,10:00:00,0.55458,0.55463,0.55398,0.55427,0,0
2014-11-14,11:00:00,0.55427,0.55539,0.55417,0.55538,0,0
2014-11-14,12:00:00,0.55538,0.55598,0.55526,0.55575,0,0
2014-11-14,13:00:00,0.55576,0.55576,0.55461,0.55531,0,0
2014-11-14,14:00:00,0.5553,0.55532,0.55471,0.55472,0,0
2014-11-14,15:00:00,0.55476,0.55485,0.55376,0.55429,0,0
2014-11-14,16:00:00,0.55427,0.55576,0.55425,0.55557,0,0
2014-11-14,17:00:00,0.55557,0.55802,0.55557,0.55784,0,0
2014-11-14,18:00:00,0.5579,0.55829,0.55722,0.55809,0,0
2014-11-14,19:00:00,0.55823,0.55919,0.55815,0.55853,0,0
2014-11-14,20:00:00,0.55835,0.55851,0.55774,0.55785,0,0
2014-11-14,21:00:00,0.55785,0.55848,0.55785,0.5584,0,0
2014-11-14,22:00:00,0.5584,0.55876,0.5583,0.55875,0,0
2014-11-14,23:00:00,0.55888,0.55888,0.55886,0.55886,0,0
2014-11-17,01:00:00,0.55889,0.55932,0.55833,0.5586,0,0
2014-11-17,02:00:00,0.55869,0.55917,0.55833,0.55884,0,0
2014-11-17,03:00:00,0.55886,0.55976,0.55877,0.55954,0,0
2014-11-17,04:00:00,0.55947,0.55964,0.55878,0.55909,0,0
2014-11-17,05:00:00,0.55906,0.5592,0.55859,0.55894,0,0
2014-11-17,06:00:00,0.55891,0.55912,0.55858,0.55881,0,0
2014-11-17,07:00:00,0.55882,0.55918,0.5587,0.5589,0,0
2014-11-17,08:00:00,0.5589,0.55897,0.55869,0.55891,0,0
2014-11-17,09:00:00,0.55889,0.55941,0.55846,0.55921,0,0
2014-11-17,10:00:00,0.55921,0.55968,0.55911,0.55911,0,0
2014-11-17,11:00:00,0.55913,0.55986,0.55843,0.55849,0,0
2014-11-17,12:00:00,0.55847,0.55855,0.55813,0.55833,0,0
2014-11-17,13:00:00,0.55833,0.55844,0.5581,0.5582,0,0
2014-11-17,14:00:00,0.55818,0.55825,0.55786,0.55816,0,0
2014-11-17,15:00:00,0.55816,0.55843,0.55743,0.55774,0,0
2014-11-17,16:00:00,0.5573,0.55756,0.55637,0.55654,0,0
2014-11-17,17:00:00,0.55656,0.55698,0.55631,0.55677,0,0
2014-11-17,18:00:00,0.55674,0.55721,0.55663,0.55711,0,0
2014-11-17,19:00:00,0.55711,0.55746,0.55694,0.55698,0,0
2014-11-17,20:00:00,0.55702,0.5571,0.55678,0.55708,0,0
2014-11-17,21:00:00,0.5571,0.55721,0.55677,0.55681,0,0
2014-11-17,22:00:00,0.55681,0.55715,0.55673,0.55685,0,0
2014-11-17,23:00:00,0.55685,0.55715,0.55679,0.55679,0,0
2014-11-17,23:59:00,0.55679,0.55707,0.5564,0.55641,0,0
2014-11-18,01:00:00,0.55641,0.55687,0.5563,0.55682,0,0
2014-11-18,02:00:00,0.55682,0.55781,0.55655,0.55762,0,0
2014-11-18,03:00:00,0.55762,0.55764,0.55686,0.55708,0,0
2014-11-18,04:00:00,0.55708,0.55772,0.55708,0.55755,0,0
2014-11-18,05:00:00,0.55755,0.5576,0.55712,0.55732,0,0
2014-11-18,06:00:00,0.55731,0.55741,0.55709,0.55724,0,0
2014-11-18,07:00:00,0.55716,0.55733,0.55691,0.55712,0,0
2014-11-18,08:00:00,0.55713,0.55715,0.55652,0.55697,0,0
2014-11-18,09:00:00,0.55695,0.55806,0.55693,0.55696,0,0
2014-11-18,10:00:00,0.55698,0.55862,0.55657,0.55862,0,0
2014-11-18,11:00:00,0.55862,0.55928,0.55605,0.55631,0,0
2014-11-18,12:00:00,0.55631,0.55657,0.55523,0.55604,0,0
2014-11-18,13:00:00,0.55605,0.55659,0.55599,0.55635,0,0
2014-11-18,14:00:00,0.5564,0.55678,0.55628,0.55672,0,0
2014-11-18,15:00:00,0.55673,0.55753,0.55654,0.55752,0,0
2014-11-18,16:00:00,0.55752,0.55762,0.55649,0.55742,0,0
2014-11-18,17:00:00,0.55726,0.55812,0.55717,0.55794,0,0
2014-11-18,18:00:00,0.55813,0.55828,0.55741,0.55751,0,0
2014-11-18,19:00:00,0.55751,0.5579,0.55746,0.55786,0,0
2014-11-18,20:00:00,0.55783,0.55842,0.55777,0.5584,0,0
2014-11-18,21:00:00,0.5584,0.55848,0.5581,0.55814,0,0
2014-11-18,22:00:00,0.55831,0.55835,0.55809,0.55824,0,0
2014-11-18,23:00:00,0.55824,0.55827,0.55774,0.55778,0,0
2014-11-18,23:59:00,0.55778,0.55803,0.55741,0.55787,0,0
2014-11-19,01:00:00,0.55785,0.55826,0.55712,0.55725,0,0
2014-11-19,02:00:00,0.55729,0.55736,0.55667,0.55699,0,0
2014-11-19,03:00:00,0.55684,0.55684,0.55554,0.55643,0,0
2014-11-19,04:00:00,0.55644,0.55649,0.5553,0.55541,0,0
2014-11-19,05:00:00,0.55541,0.55573,0.55478,0.55538,0,0
2014-11-19,06:00:00,0.55538,0.55557,0.55483,0.55506,0,0
2014-11-19,07:00:00,0.55515,0.55519,0.55466,0.55479,0,0
2014-11-19,08:00:00,0.55483,0.55551,0.55466,0.5551,0,0
2014-11-19,09:00:00,0.55502,0.5554,0.55401,0.55476,0,0
2014-11-19,10:00:00,0.55476,0.55493,0.5541,0.5544,0,0
2014-11-19,11:00:00,0.55427,0.55431,0.55153,0.55161,0,0
2014-11-19,12:00:00,0.55161,0.5517,0.55071,0.55095,0,0
2014-11-19,13:00:00,0.55094,0.55112,0.55053,0.55105,0,0
2014-11-19,14:00:00,0.55105,0.55153,0.55073,0.55103,0,0
2014-11-19,15:00:00,0.55103,0.5516,0.5507,0.55139,0,0
2014-11-19,16:00:00,0.55124,0.55166,0.55118,0.55145,0,0
2014-11-19,17:00:00,0.55145,0.5515,0.55032,0.55088,0,0
2014-11-19,18:00:00,0.55063,0.551,0.55026,0.55027,0,0
2014-11-19,19:00:00,0.55028,0.55069,0.54976,0.5498,0,0
2014-11-19,20:00:00,0.54978,0.54997,0.54939,0.54979,0,0
2014-11-19,21:00:00,0.54994,0.55074,0.54869,0.54959,0,0
2014-11-19,22:00:00,0.54952,0.5499,0.54926,0.54953,0,0
2014-11-19,23:00:00,0.54953,0.54976,0.54939,0.54955,0,0
2014-11-19,23:59:00,0.54955,0.54967,0.54831,0.54841,0,0
2014-11-20,01:00:00,0.54875,0.54909,0.54838,0.54899,0,0
2014-11-20,02:00:00,0.54897,0.54941,0.54883,0.54912,0,0
2014-11-20,03:00:00,0.54912,0.5497,0.54804,0.54938,0,0
2014-11-20,04:00:00,0.54949,0.54973,0.5491,0.54938,0,0
2014-11-20,05:00:00,0.54939,0.54945,0.54856,0.54869,0,0
2014-11-20,06:00:00,0.54869,0.54881,0.54799,0.54831,0,0
2014-11-20,07:00:00,0.54819,0.54836,0.54774,0.54836,0,0
2014-11-20,08:00:00,0.54832,0.54878,0.54818,0.5486,0,0
2014-11-20,09:00:00,0.54858,0.54873,0.54763,0.54808,0,0
2014-11-20,10:00:00,0.54805,0.54963,0.54796,0.54886,0,0
2014-11-20,11:00:00,0.54886,0.54899,0.54735,0.5485,0,0
2014-11-20,12:00:00,0.54845,0.54993,0.54845,0.54974,0,0
2014-11-20,13:00:00,0.54974,0.5498,0.54892,0.54924,0,0
2014-11-20,14:00:00,0.54918,0.54949,0.54867,0.54871,0,0
2014-11-20,15:00:00,0.54877,0.54887,0.5478,0.54835,0,0
2014-11-20,16:00:00,0.54835,0.5486,0.54744,0.54791,0,0
2014-11-20,17:00:00,0.54819,0.54922,0.54768,0.5491,0,0
2014-11-20,18:00:00,0.5491,0.54913,0.54852,0.54899,0,0
2014-11-20,19:00:00,0.54905,0.54933,0.54901,0.54929,0,0
2014-11-20,20:00:00,0.54935,0.55015,0.54925,0.55013,0,0
2014-11-20,21:00:00,0.55013,0.55021,0.54989,0.54999,0,0
2014-11-20,22:00:00,0.54999,0.55,0.54973,0.5498,0,0
2014-11-20,23:00:00,0.54976,0.54986,0.54934,0.54943,0,0
2014-11-20,23:59:00,0.54914,0.54962,0.54889,0.54906,0,0
2014-11-21,01:00:00,0.54906,0.54954,0.54906,0.54937,0,0
2014-11-21,02:00:00,0.54938,0.54996,0.54931,0.54948,0,0
2014-11-21,03:00:00,0.54948,0.55069,0.54948,0.55036,0,0
2014-11-21,04:00:00,0.55036,0.55062,0.54983,0.54993,0,0
2014-11-21,05:00:00,0.54993,0.55024,0.54978,0.55011,0,0
2014-11-21,06:00:00,0.55008,0.55066,0.55003,0.55011,0,0
2014-11-21,07:00:00,0.55,0.55078,0.54978,0.5502,0,0
2014-11-21,08:00:00,0.55018,0.55063,0.54971,0.55009,0,0
2014-11-21,09:00:00,0.55013,0.55061,0.54963,0.55033,0,0
2014-11-21,10:00:00,0.55033,0.55063,0.55003,0.55039,0,0
2014-11-21,11:00:00,0.55037,0.55204,0.55032,0.55166,0,0
2014-11-21,12:00:00,0.55166,0.55631,0.55101,0.5544,0,0
2014-11-21,13:00:00,0.5544,0.55599,0.55403,0.55544,0,0
2014-11-21,14:00:00,0.55544,0.55621,0.55432,0.55547,0,0
2014-11-21,15:00:00,0.55547,0.55617,0.55478,0.55575,0,0
2014-11-21,16:00:00,0.55575,0.55587,0.55481,0.55506,0,0
2014-11-21,17:00:00,0.55478,0.55536,0.55389,0.55389,0,0
2014-11-21,18:00:00,0.55382,0.55406,0.55317,0.55336,0,0
2014-11-21,19:00:00,0.55343,0.55454,0.55332,0.55454,0,0
2014-11-21,20:00:00,0.5545,0.55456,0.55405,0.55405,0,0
2014-11-21,21:00:00,0.55406,0.55419,0.55334,0.55349,0,0
2014-11-21,22:00:00,0.55349,0.55386,0.55334,0.55351,0,0
2014-11-21,23:00:00,0.55344,0.55363,0.55342,0.5536,0,0
2014-11-24,01:00:00,0.55396,0.55484,0.55391,0.55474,0,0
2014-11-24,02:00:00,0.55473,0.55543,0.55462,0.55509,0,0
2014-11-24,03:00:00,0.55509,0.55529,0.55457,0.55521,0,0
2014-11-24,04:00:00,0.55523,0.55561,0.55486,0.55514,0,0
2014-11-24,05:00:00,0.55514,0.55529,0.55445,0.55446,0,0
2014-11-24,06:00:00,0.55446,0.55479,0.55434,0.55448,0,0
2014-11-24,07:00:00,0.55448,0.55469,0.55426,0.55435,0,0
2014-11-24,08:00:00,0.55436,0.55436,0.55403,0.55424,0,0
2014-11-24,09:00:00,0.55423,0.55436,0.55324,0.55367,0,0
2014-11-24,10:00:00,0.55368,0.55402,0.55277,0.5528,0,0
2014-11-24,11:00:00,0.5528,0.55317,0.55214,0.55273,0,0
2014-11-24,12:00:00,0.55271,0.55271,0.5521,0.55229,0,0
2014-11-24,13:00:00,0.55231,0.55246,0.55052,0.55065,0,0
2014-11-24,14:00:00,0.55064,0.55073,0.54949,0.54984,0,0
2014-11-24,15:00:00,0.54984,0.55048,0.54981,0.55039,0,0
2014-11-24,16:00:00,0.55038,0.55059,0.54927,0.54968,0,0
2014-11-24,17:00:00,0.54968,0.5497,0.54877,0.54877,0,0
2014-11-24,18:00:00,0.54877,0.54895,0.54845,0.54865,0,0
2014-11-24,19:00:00,0.54867,0.54867,0.54791,0.54867,0,0
2014-11-24,20:00:00,0.54865,0.54878,0.54827,0.54841,0,0
2014-11-24,21:00:00,0.54842,0.54854,0.54828,0.54837,0,0
2014-11-24,22:00:00,0.54837,0.54862,0.54824,0.54835,0,0
2014-11-24,23:00:00,0.54835,0.54871,0.54827,0.54868,0,0
2014-11-24,23:59:00,0.54863,0.54872,0.54832,0.5484,0,0
2014-11-25,01:00:00,0.54835,0.54858,0.54733,0.54788,0,0
2014-11-25,02:00:00,0.54789,0.54887,0.54786,0.54835,0,0
2014-11-25,03:00:00,0.54835,0.54905,0.54717,0.5479,0,0
2014-11-25,04:00:00,0.54791,0.54847,0.54662,0.54682,0,0
2014-11-25,05:00:00,0.54686,0.54745,0.54668,0.54721,0,0
2014-11-25,06:00:00,0.54722,0.5483,0.54699,0.54795,0,0
2014-11-25,07:00:00,0.5479,0.54863,0.54782,0.54833,0,0
2014-11-25,08:00:00,0.54833,0.54837,0.54789,0.54816,0,0
2014-11-25,09:00:00,0.54816,0.54848,0.54649,0.54732,0,0
2014-11-25,10:00:00,0.54731,0.54803,0.5451,0.54557,0,0
2014-11-25,11:00:00,0.54557,0.54562,0.54362,0.54446,0,0
2014-11-25,12:00:00,0.54447,0.54531,0.54433,0.54528,0,0
2014-11-25,13:00:00,0.54527,0.54541,0.54446,0.54468,0,0
2014-11-25,14:00:00,0.54468,0.5452,0.54416,0.54473,0,0
2014-11-25,15:00:00,0.54473,0.54483,0.54379,0.5441,0,0
2014-11-25,16:00:00,0.5441,0.54446,0.54357,0.54367,0,0
2014-11-25,17:00:00,0.54365,0.54398,0.54255,0.54297,0,0
2014-11-25,18:00:00,0.54293,0.54307,0.54204,0.54215,0,0
2014-11-25,19:00:00,0.54213,0.54266,0.54206,0.5426,0,0
2014-11-25,20:00:00,0.5426,0.54308,0.54244,0.543,0,0
2014-11-25,21:00:00,0.54298,0.543,0.54232,0.5424,0,0
2014-11-25,22:00:00,0.5424,0.54314,0.54238,0.54291,0,0
2014-11-25,23:00:00,0.54295,0.54316,0.54272,0.54301,0,0
2014-11-25,23:59:00,0.54302,0.54323,0.54266,0.54316,0,0
2014-11-26,01:00:00,0.54316,0.54459,0.54303,0.54436,0,0
2014-11-26,02:00:00,0.54434,0.54434,0.54346,0.54385,0,0
2014-11-26,03:00:00,0.54385,0.54402,0.54336,0.54364,0,0
2014-11-26,04:00:00,0.54365,0.54378,0.54309,0.54362,0,0
2014-11-26,05:00:00,0.54362,0.54414,0.54355,0.54371,0,0
2014-11-26,06:00:00,0.5437,0.54396,0.54338,0.54366,0,0
2014-11-26,07:00:00,0.54372,0.54418,0.54351,0.54377,0,0
2014-11-26,08:00:00,0.54381,0.54444,0.54361,0.54394,0,0
2014-11-26,09:00:00,0.54395,0.54511,0.54386,0.54411,0,0
2014-11-26,10:00:00,0.54411,0.54436,0.54091,0.54147,0,0
2014-11-26,11:00:00,0.54147,0.54152,0.54018,0.5409,0,0
2014-11-26,12:00:00,0.54091,0.54095,0.53964,0.54046,0,0
2014-11-26,13:00:00,0.54047,0.54049,0.53975,0.54023,0,0
2014-11-26,14:00:00,0.54019,0.54032,0.53878,0.53943,0,0
2014-11-26,15:00:00,0.5394,0.5398,0.53892,0.53915,0,0
2014-11-26,16:00:00,0.53915,0.53946,0.53856,0.53939,0,0
2014-11-26,17:00:00,0.53937,0.54063,0.53913,0.54063,0,0
2014-11-26,18:00:00,0.5406,0.54083,0.5402,0.54055,0,0
2014-11-26,19:00:00,0.54052,0.54078,0.54021,0.54078,0,0
2014-11-26,20:00:00,0.54075,0.5413,0.54071,0.54084,0,0
2014-11-26,21:00:00,0.54082,0.54138,0.54064,0.54138,0,0
2014-11-26,22:00:00,0.54138,0.54142,0.54115,0.54127,0,0
2014-11-26,23:00:00,0.54127,0.54159,0.54106,0.54128,0,0
2014-11-26,23:59:00,0.54126,0.54136,0.54062,0.54062,0,0
2014-11-27,01:00:00,0.54066,0.54079,0.54023,0.54032,0,0
2014-11-27,02:00:00,0.54032,0.54217,0.54021,0.54149,0,0
2014-11-27,03:00:00,0.54149,0.54216,0.54129,0.54216,0,0
2014-11-27,04:00:00,0.54217,0.54343,0.54202,0.54242,0,0
2014-11-27,05:00:00,0.54242,0.54378,0.54237,0.54362,0,0
2014-11-27,06:00:00,0.54364,0.54461,0.54339,0.54442,0,0
2014-11-27,07:00:00,0.54442,0.54443,0.5436,0.54387,0,0
2014-11-27,08:00:00,0.54383,0.54395,0.54332,0.54383,0,0
2014-11-27,09:00:00,0.54383,0.54474,0.54352,0.54446,0,0
2014-11-27,10:00:00,0.54447,0.54457,0.54333,0.54372,0,0
2014-11-27,11:00:00,0.54379,0.54501,0.54371,0.5442,0,0
2014-11-27,12:00:00,0.54427,0.54432,0.54338,0.54371,0,0
2014-11-27,13:00:00,0.54371,0.54375,0.54328,0.54362,0,0
2014-11-27,14:00:00,0.54365,0.54412,0.54338,0.54393,0,0
2014-11-27,15:00:00,0.54397,0.54422,0.54373,0.5438,0,0
2014-11-27,16:00:00,0.54382,0.54393,0.5431,0.54312,0,0
2014-11-27,17:00:00,0.54312,0.54379,0.54246,0.54373,0,0
2014-11-27,18:00:00,0.54369,0.54387,0.54281,0.54343,0,0
2014-11-27,19:00:00,0.54343,0.54373,0.54333,0.54348,0,0
2014-11-27,20:00:00,0.54349,0.54373,0.54297,0.54319,0,0
2014-11-27,21:00:00,0.54319,0.54342,0.54295,0.54302,0,0
2014-11-27,22:00:00,0.54302,0.54321,0.54278,0.54317,0,0
2014-11-27,23:00:00,0.54315,0.54337,0.54292,0.54293,0,0
2014-11-27,23:59:00,0.54293,0.54307,0.54126,0.5421,0,0
2014-11-28,01:00:00,0.5421,0.54236,0.54161,0.54196,0,0
2014-11-28,02:00:00,0.54203,0.54223,0.54152,0.54182,0,0
2014-11-28,03:00:00,0.54182,0.54194,0.54112,0.54164,0,0
2014-11-28,04:00:00,0.54165,0.54197,0.5411,0.54118,0,0
2014-11-28,05:00:00,0.54118,0.54148,0.54064,0.54077,0,0
2014-11-28,06:00:00,0.54069,0.54095,0.54019,0.54039,0,0
2014-11-28,07:00:00,0.54047,0.54094,0.54032,0.54092,0,0
2014-11-28,08:00:00,0.54092,0.5417,0.54078,0.54144,0,0
2014-11-28,09:00:00,0.54144,0.54218,0.54101,0.54136,0,0
2014-11-28,10:00:00,0.54137,0.54221,0.5412,0.54141,0,0
2014-11-28,11:00:00,0.54141,0.54265,0.5413,0.5426,0,0
2014-11-28,12:00:00,0.5426,0.5431,0.54186,0.54294,0,0
2014-11-28,13:00:00,0.543,0.54352,0.54232,0.54258,0,0
2014-11-28,14:00:00,0.54264,0.54313,0.54205,0.54261,0,0
2014-11-28,15:00:00,0.5426,0.54299,0.54191,0.54215,0,0
2014-11-28,16:00:00,0.54215,0.54284,0.54186,0.54257,0,0
2014-11-28,17:00:00,0.54258,0.54494,0.54258,0.54484,0,0
2014-11-28,18:00:00,0.54483,0.54573,0.54448,0.54487,0,0
2014-11-28,19:00:00,0.54491,0.54505,0.54456,0.54459,0,0
2014-11-28,20:00:00,0.5446,0.54505,0.54401,0.54401,0,0
2014-11-28,21:00:00,0.54401,0.54438,0.54377,0.54411,0,0
2014-11-28,22:00:00,0.54408,0.54437,0.54371,0.54437,0,0
2014-11-28,23:00:00,0.54436,0.54436,0.54409,0.54424,0,0
2014-12-01,01:00:00,0.54217,0.54243,0.5398,0.54057,0,0
2014-12-01,02:00:00,0.54053,0.54195,0.5401,0.54109,0,0
2014-12-01,03:00:00,0.54099,0.54126,0.53946,0.54025,0,0
2014-12-01,04:00:00,0.5402,0.54154,0.54017,0.54141,0,0
2014-12-01,05:00:00,0.54141,0.54141,0.54033,0.54095,0,0
2014-12-01,06:00:00,0.5409,0.54152,0.54088,0.54127,0,0
2014-12-01,07:00:00,0.54125,0.54145,0.54022,0.54039,0,0
2014-12-01,08:00:00,0.5404,0.54061,0.53987,0.53994,0,0
2014-12-01,09:00:00,0.53993,0.54092,0.53913,0.54089,0,0
2014-12-01,10:00:00,0.54091,0.5417,0.53991,0.54067,0,0
2014-12-01,11:00:00,0.54067,0.54107,0.53958,0.54102,0,0
2014-12-01,12:00:00,0.54102,0.5411,0.53983,0.53994,0,0
2014-12-01,13:00:00,0.53996,0.54011,0.53933,0.5399,0,0
2014-12-01,14:00:00,0.53993,0.54048,0.53984,0.5404,0,0
2014-12-01,15:00:00,0.54039,0.54074,0.53974,0.5404,0,0
2014-12-01,16:00:00,0.54038,0.54102,0.54038,0.54082,0,0
2014-12-01,17:00:00,0.54082,0.54107,0.5392,0.54008,0,0
2014-12-01,18:00:00,0.54011,0.54133,0.53967,0.54125,0,0
2014-12-01,19:00:00,0.54122,0.54163,0.54073,0.54108,0,0
2014-12-01,20:00:00,0.5411,0.5411,0.5406,0.54062,0,0
2014-12-01,21:00:00,0.54063,0.5409,0.54046,0.5407,0,0
2014-12-01,22:00:00,0.5407,0.5407,0.54013,0.54015,0,0
2014-12-01,23:00:00,0.54015,0.54036,0.53951,0.53979,0,0
2014-12-01,23:59:00,0.53977,0.54004,0.53951,0.53978,0,0
2014-12-02,01:00:00,0.53981,0.54007,0.53862,0.53884,0,0
2014-12-02,02:00:00,0.53884,0.54019,0.53875,0.53926,0,0
2014-12-02,03:00:00,0.53926,0.53958,0.53872,0.53912,0,0
2014-12-02,04:00:00,0.53911,0.53953,0.53905,0.53929,0,0
2014-12-02,05:00:00,0.5393,0.54116,0.53857,0.54091,0,0
2014-12-02,06:00:00,0.5409,0.5418,0.54039,0.54064,0,0
2014-12-02,07:00:00,0.54064,0.54149,0.54052,0.54149,0,0
2014-12-02,08:00:00,0.54155,0.54309,0.5415,0.542,0,0
2014-12-02,09:00:00,0.542,0.54227,0.54134,0.54136,0,0
2014-12-02,10:00:00,0.54136,0.5415,0.54005,0.54007,0,0
2014-12-02,11:00:00,0.54005,0.54047,0.5394,0.5397,0,0
2014-12-02,12:00:00,0.53971,0.53974,0.53812,0.53871,0,0
2014-12-02,13:00:00,0.53873,0.53917,0.53822,0.53876,0,0
2014-12-02,14:00:00,0.53874,0.53937,0.53869,0.53891,0,0
2014-12-02,15:00:00,0.5389,0.53999,0.53873,0.5398,0,0
2014-12-02,16:00:00,0.53978,0.54,0.53917,0.53963,0,0
2014-12-02,17:00:00,0.53958,0.54046,0.53924,0.54033,0,0
2014-12-02,18:00:00,0.54033,0.5405,0.54008,0.5402,0,0
2014-12-02,19:00:00,0.5402,0.5403,0.53967,0.53998,0,0
2014-12-02,20:00:00,0.53998,0.54011,0.53966,0.53983,0,0
2014-12-02,21:00:00,0.53983,0.54034,0.53983,0.54004,0,0
2014-12-02,22:00:00,0.54004,0.54023,0.5399,0.54002,0,0
2014-12-02,23:00:00,0.54002,0.54018,0.5398,0.53998,0,0
2014-12-02,23:59:00,0.53998,0.54048,0.53993,0.54008,0,0
2014-12-03,01:00:00,0.5401,0.54084,0.54004,0.54056,0,0
2014-12-03,02:00:00,0.54056,0.54097,0.5366,0.53703,0,0
2014-12-03,03:00:00,0.53708,0.53786,0.53682,0.53767,0,0
2014-12-03,04:00:00,0.53767,0.53803,0.53682,0.53685,0,0
2014-12-03,05:00:00,0.53683,0.53692,0.5362,0.53647,0,0
2014-12-03,06:00:00,0.53648,0.53765,0.53643,0.5373,0,0
2014-12-03,07:00:00,0.5373,0.53755,0.53634,0.53655,0,0
2014-12-03,08:00:00,0.53699,0.53734,0.53629,0.53734,0,0
2014-12-03,09:00:00,0.53734,0.5379,0.53683,0.5376,0,0
2014-12-03,10:00:00,0.5376,0.53789,0.53711,0.53747,0,0
2014-12-03,11:00:00,0.53744,0.53771,0.53671,0.5376,0,0
2014-12-03,12:00:00,0.5376,0.5381,0.53704,0.53755,0,0
2014-12-03,13:00:00,0.53755,0.53789,0.53704,0.53775,0,0
2014-12-03,14:00:00,0.53775,0.53801,0.53743,0.53782,0,0
2014-12-03,15:00:00,0.53782,0.53828,0.53698,0.537,0,0
2014-12-03,16:00:00,0.53702,0.53765,0.53635,0.53638,0,0
2014-12-03,17:00:00,0.53641,0.53695,0.53592,0.53612,0,0
2014-12-03,18:00:00,0.53616,0.53628,0.53584,0.53598,0,0
2014-12-03,19:00:00,0.53598,0.53625,0.53551,0.53589,0,0
2014-12-03,20:00:00,0.53589,0.53611,0.53548,0.5356,0,0
2014-12-03,21:00:00,0.5356,0.53615,0.53554,0.53559,0,0
2014-12-03,22:00:00,0.5356,0.53597,0.53532,0.53575,0,0
2014-12-03,23:00:00,0.53575,0.53596,0.5356,0.5358,0,0
2014-12-03,23:59:00,0.53579,0.53599,0.53458,0.53475,0,0
2014-12-04,01:00:00,0.5348,0.53524,0.5348,0.53505,0,0
2014-12-04,02:00:00,0.53505,0.53675,0.53483,0.53591,0,0
2014-12-04,03:00:00,0.53591,0.53609,0.53529,0.53539,0,0
2014-12-04,04:00:00,0.53538,0.53548,0.53433,0.53462,0,0
2014-12-04,05:00:00,0.53462,0.53502,0.53432,0.53495,0,0
2014-12-04,06:00:00,0.53495,0.5355,0.53435,0.53534,0,0
2014-12-04,07:00:00,0.53534,0.53591,0.53434,0.53444,0,0
2014-12-04,08:00:00,0.53444,0.53478,0.53313,0.53371,0,0
2014-12-04,09:00:00,0.53371,0.53431,0.53312,0.5338,0,0
2014-12-04,10:00:00,0.53379,0.53441,0.53356,0.53356,0,0
2014-12-04,11:00:00,0.53356,0.53422,0.5333,0.53379,0,0
2014-12-04,12:00:00,0.5338,0.53386,0.5333,0.53361,0,0
2014-12-04,13:00:00,0.53349,0.53454,0.53349,0.53393,0,0
2014-12-04,14:00:00,0.53398,0.53526,0.53393,0.53513,0,0
2014-12-04,15:00:00,0.53513,0.53559,0.53383,0.5343,0,0
2014-12-04,16:00:00,0.53428,0.53509,0.53361,0.53455,0,0
2014-12-04,17:00:00,0.53455,0.53507,0.53428,0.53503,0,0
2014-12-04,18:00:00,0.53498,0.53552,0.53381,0.53504,0,0
2014-12-04,19:00:00,0.53507,0.53572,0.53495,0.5353,0,0
2014-12-04,20:00:00,0.5353,0.53535,0.5347,0.53475,0,0
2014-12-04,21:00:00,0.53475,0.5349,0.53461,0.53473,0,0
2014-12-04,22:00:00,0.53473,0.53493,0.53453,0.5349,0,0
2014-12-04,23:00:00,0.5349,0.53507,0.53463,0.53482,0,0
2014-12-04,23:59:00,0.53482,0.5349,0.53436,0.53472,0,0
2014-12-05,01:00:00,0.5347,0.53517,0.5346,0.53491,0,0
2014-12-05,02:00:00,0.53491,0.53612,0.53451,0.536,0,0
2014-12-05,03:00:00,0.53596,0.536,0.53527,0.53527,0,0
2014-12-05,04:00:00,0.53527,0.53568,0.53522,0.53548,0,0
2014-12-05,05:00:00,0.53548,0.53562,0.53524,0.53553,0,0
2014-12-05,06:00:00,0.53553,0.5356,0.53474,0.53534,0,0
2014-12-05,07:00:00,0.53533,0.53598,0.53514,0.53598,0,0
2014-12-05,08:00:00,0.53598,0.5361,0.53515,0.53523,0,0
2014-12-05,09:00:00,0.53524,0.53608,0.53478,0.53498,0,0
2014-12-05,10:00:00,0.53498,0.53553,0.53478,0.53489,0,0
2014-12-05,11:00:00,0.53489,0.53494,0.53409,0.53416,0,0
2014-12-05,12:00:00,0.53416,0.53419,0.53362,0.53378,0,0
2014-12-05,13:00:00,0.53378,0.53382,0.53294,0.53349,0,0
2014-12-05,14:00:00,0.53349,0.53378,0.53306,0.53378,0,0
2014-12-05,15:00:00,0.53382,0.53439,0.53209,0.53265,0,0
2014-12-05,16:00:00,0.53263,0.53431,0.53254,0.5339,0,0
2014-12-05,17:00:00,0.5339,0.53471,0.5339,0.53432,0,0
2014-12-05,18:00:00,0.53432,0.53458,0.53377,0.53397,0,0
2014-12-05,19:00:00,0.53394,0.53396,0.53338,0.53358,0,0
2014-12-05,20:00:00,0.53359,0.53383,0.53344,0.53356,0,0
2014-12-05,21:00:00,0.53357,0.53427,0.53352,0.53421,0,0
2014-12-05,22:00:00,0.53421,0.53475,0.53419,0.53465,0,0
2014-12-05,23:00:00,0.53464,0.53466,0.53454,0.5346,0,0
2014-12-08,01:00:00,0.53309,0.53376,0.53293,0.53363,0,0
2014-12-08,02:00:00,0.53364,0.53364,0.53299,0.53346,0,0
2014-12-08,03:00:00,0.53335,0.5343,0.53335,0.53403,0,0
2014-12-08,04:00:00,0.53402,0.53414,0.53248,0.53325,0,0
2014-12-08,05:00:00,0.53324,0.53355,0.53234,0.53241,0,0
2014-12-08,06:00:00,0.53241,0.53281,0.53186,0.53194,0,0
2014-12-08,07:00:00,0.53192,0.5326,0.53175,0.53251,0,0
2014-12-08,08:00:00,0.53252,0.53269,0.53135,0.53182,0,0
2014-12-08,09:00:00,0.53182,0.53214,0.53112,0.5318,0,0
2014-12-08,10:00:00,0.53181,0.53211,0.53133,0.53143,0,0
2014-12-08,11:00:00,0.53144,0.53247,0.53144,0.53193,0,0
2014-12-08,12:00:00,0.53192,0.53228,0.53147,0.53228,0,0
2014-12-08,13:00:00,0.53227,0.53241,0.53137,0.53145,0,0
2014-12-08,14:00:00,0.53145,0.53177,0.53085,0.53099,0,0
2014-12-08,15:00:00,0.53097,0.53145,0.53038,0.53129,0,0
2014-12-08,16:00:00,0.53128,0.53172,0.53082,0.531,0,0
2014-12-08,17:00:00,0.53099,0.53209,0.53084,0.53209,0,0
2014-12-08,18:00:00,0.53204,0.53211,0.53064,0.53088,0,0
2014-12-08,19:00:00,0.53088,0.53094,0.5301,0.53012,0,0
2014-12-08,20:00:00,0.53012,0.53031,0.52979,0.52979,0,0
2014-12-08,21:00:00,0.52978,0.53042,0.52955,0.5297,0,0
2014-12-08,22:00:00,0.52974,0.53004,0.52966,0.52986,0,0
2014-12-08,23:00:00,0.52987,0.53,0.52969,0.52981,0,0
2014-12-08,23:59:00,0.52982,0.53027,0.52964,0.53002,0,0
2014-12-09,01:00:00,0.53012,0.53032,0.52997,0.53024,0,0
2014-12-09,02:00:00,0.53024,0.53024,0.52774,0.52854,0,0
2014-12-09,03:00:00,0.52854,0.52875,0.52731,0.52787,0,0
2014-12-09,04:00:00,0.52787,0.52799,0.52729,0.52729,0,0
2014-12-09,05:00:00,0.52729,0.52747,0.52617,0.52673,0,0
2014-12-09,06:00:00,0.52679,0.5272,0.5265,0.52686,0,0
2014-12-09,07:00:00,0.52686,0.52701,0.52621,0.52651,0,0
2014-12-09,08:00:00,0.52651,0.52687,0.5263,0.52667,0,0
2014-12-09,09:00:00,0.52668,0.52688,0.52569,0.52661,0,0
2014-12-09,10:00:00,0.52656,0.52787,0.52648,0.52776,0,0
2014-12-09,11:00:00,0.52776,0.52962,0.52776,0.52938,0,0
2014-12-09,12:00:00,0.52941,0.53029,0.52929,0.53007,0,0
2014-12-09,13:00:00,0.53007,0.53007,0.5291,0.52956,0,0
2014-12-09,14:00:00,0.52964,0.53028,0.52947,0.53012,0,0
2014-12-09,15:00:00,0.53011,0.53033,0.52945,0.52989,0,0
2014-12-09,16:00:00,0.52989,0.5309,0.52952,0.53072,0,0
2014-12-09,17:00:00,0.53074,0.53306,0.5307,0.53217,0,0
2014-12-09,18:00:00,0.53221,0.53226,0.5308,0.5313,0,0
2014-12-09,19:00:00,0.5313,0.53138,0.5302,0.53022,0,0
2014-12-09,20:00:00,0.53022,0.53052,0.53016,0.5302,0,0
2014-12-09,21:00:00,0.5302,0.53067,0.53004,0.53005,0,0
2014-12-09,22:00:00,0.53005,0.5302,0.52925,0.52957,0,0
2014-12-09,23:00:00,0.52955,0.52966,0.52892,0.52925,0,0
2014-12-09,23:59:00,0.52926,0.52934,0.52894,0.52899,0,0
2014-12-10,01:00:00,0.52889,0.52964,0.5287,0.52898,0,0
2014-12-10,02:00:00,0.52899,0.52969,0.52859,0.52924,0,0
2014-12-10,03:00:00,0.52929,0.52937,0.5276,0.52781,0,0
2014-12-10,04:00:00,0.52781,0.52866,0.52767,0.52845,0,0
2014-12-10,05:00:00,0.52845,0.52944,0.52839,0.52922,0,0
2014-12-10,06:00:00,0.52922,0.53074,0.52907,0.53062,0,0
2014-12-10,07:00:00,0.53062,0.5314,0.5299,0.53071,0,0
2014-12-10,08:00:00,0.53071,0.5311,0.53019,0.53044,0,0
2014-12-10,09:00:00,0.53044,0.53054,0.52971,0.53041,0,0
2014-12-10,10:00:00,0.53041,0.53067,0.52973,0.53035,0,0
2014-12-10,11:00:00,0.53035,0.53139,0.53013,0.5309,0,0
2014-12-10,12:00:00,0.5309,0.5319,0.53062,0.53188,0,0
2014-12-10,13:00:00,0.53185,0.53204,0.53046,0.53064,0,0
2014-12-10,14:00:00,0.5306,0.53158,0.5306,0.53145,0,0
2014-12-10,15:00:00,0.53145,0.53188,0.53041,0.53049,0,0
2014-12-10,16:00:00,0.5305,0.5305,0.52977,0.53019,0,0
2014-12-10,17:00:00,0.53018,0.53047,0.52886,0.5293,0,0
2014-12-10,18:00:00,0.52928,0.52975,0.5292,0.52927,0,0
2014-12-10,19:00:00,0.52927,0.52932,0.52814,0.52831,0,0
2014-12-10,20:00:00,0.52831,0.52831,0.52769,0.52812,0,0
2014-12-10,21:00:00,0.52812,0.52843,0.52769,0.52802,0,0
2014-12-10,22:00:00,0.52802,0.53018,0.52751,0.52978,0,0
2014-12-10,23:00:00,0.52978,0.52995,0.52903,0.52931,0,0
2014-12-10,23:59:00,0.52929,0.52977,0.52894,0.52919,0,0
2014-12-11,01:00:00,0.52919,0.5299,0.5289,0.52901,0,0
2014-12-11,02:00:00,0.52898,0.53156,0.52872,0.53125,0,0
2014-12-11,03:00:00,0.53127,0.5317,0.53025,0.53063,0,0
2014-12-11,04:00:00,0.53063,0.53104,0.53026,0.53051,0,0
2014-12-11,05:00:00,0.53052,0.53066,0.52988,0.53023,0,0
2014-12-11,06:00:00,0.53027,0.53061,0.52969,0.5297,0,0
2014-12-11,07:00:00,0.52968,0.53012,0.52967,0.53012,0,0
2014-12-11,08:00:00,0.53013,0.5303,0.52962,0.53027,0,0
2014-12-11,09:00:00,0.53027,0.53056,0.52943,0.52991,0,0
2014-12-11,10:00:00,0.52997,0.5301,0.52902,0.52967,0,0
2014-12-11,11:00:00,0.52974,0.52983,0.52606,0.52683,0,0
2014-12-11,12:00:00,0.52683,0.52881,0.52683,0.52871,0,0
2014-12-11,13:00:00,0.52871,0.52914,0.52808,0.52849,0,0
2014-12-11,14:00:00,0.52843,0.52852,0.52753,0.52769,0,0
2014-12-11,15:00:00,0.52771,0.52799,0.52423,0.52709,0,0
2014-12-11,16:00:00,0.52707,0.52766,0.52683,0.52752,0,0
2014-12-11,17:00:00,0.52748,0.52755,0.5257,0.5257,0,0
2014-12-11,18:00:00,0.52567,0.52601,0.52491,0.52593,0,0
2014-12-11,19:00:00,0.52593,0.52666,0.52578,0.52651,0,0
2014-12-11,20:00:00,0.52651,0.52661,0.52567,0.52584,0,0
2014-12-11,21:00:00,0.52577,0.52587,0.52522,0.52568,0,0
2014-12-11,22:00:00,0.52562,0.52578,0.52529,0.52549,0,0
2014-12-11,23:00:00,0.52549,0.52622,0.52539,0.52578,0,0
2014-12-11,23:59:00,0.52578,0.52602,0.52533,0.52542,0,0
2014-12-12,01:00:00,0.5254,0.52547,0.52443,0.52451,0,0
2014-12-12,02:00:00,0.52453,0.52561,0.5244,0.52492,0,0
2014-12-12,03:00:00,0.52489,0.52526,0.52423,0.52463,0,0
2014-12-12,04:00:00,0.52462,0.52564,0.52462,0.52552,0,0
2014-12-12,05:00:00,0.52552,0.52577,0.52514,0.52563,0,0
2014-12-12,06:00:00,0.52562,0.52648,0.5255,0.52619,0,0
2014-12-12,07:00:00,0.52619,0.52651,0.52593,0.52613,0,0
2014-12-12,08:00:00,0.52615,0.52625,0.52559,0.52603,0,0
2014-12-12,09:00:00,0.52605,0.52645,0.52541,0.52637,0,0
2014-12-12,10:00:00,0.52636,0.52772,0.52588,0.52756,0,0
2014-12-12,11:00:00,0.52756,0.528,0.52666,0.52669,0,0
2014-12-12,12:00:00,0.52674,0.52708,0.52646,0.52656,0,0
2014-12-12,13:00:00,0.52653,0.52687,0.5262,0.52626,0,0
2014-12-12,14:00:00,0.52625,0.5268,0.5255,0.52664,0,0
2014-12-12,15:00:00,0.52664,0.52675,0.5251,0.52516,0,0
2014-12-12,16:00:00,0.52516,0.52524,0.52425,0.5246,0,0
2014-12-12,17:00:00,0.52451,0.52539,0.52338,0.52539,0,0
2014-12-12,18:00:00,0.52539,0.52645,0.52508,0.52559,0,0
2014-12-12,19:00:00,0.52561,0.52587,0.52521,0.52529,0,0
2014-12-12,20:00:00,0.52529,0.52542,0.52499,0.52517,0,0
2014-12-12,21:00:00,0.52517,0.52534,0.52498,0.52506,0,0
2014-12-12,22:00:00,0.52506,0.52529,0.52487,0.52506,0,0
2014-12-12,23:00:00,0.52503,0.52503,0.52499,0.525,0,0
2014-12-15,01:00:00,0.52457,0.52483,0.52159,0.52204,0,0
2014-12-15,02:00:00,0.52206,0.52319,0.52206,0.52227,0,0
2014-12-15,03:00:00,0.52227,0.52336,0.5221,0.52321,0,0
2014-12-15,04:00:00,0.52319,0.52369,0.52277,0.52277,0,0
2014-12-15,05:00:00,0.52272,0.52343,0.52238,0.52342,0,0
2014-12-15,06:00:00,0.52342,0.52458,0.52313,0.52402,0,0
2014-12-15,07:00:00,0.52402,0.52477,0.52401,0.52474,0,0
2014-12-15,08:00:00,0.52474,0.52488,0.52405,0.52426,0,0
2014-12-15,09:00:00,0.5243,0.52438,0.52333,0.52384,0,0
2014-12-15,10:00:00,0.52383,0.52519,0.52371,0.5248,0,0
2014-12-15,11:00:00,0.52481,0.52632,0.52427,0.52618,0,0
2014-12-15,12:00:00,0.52617,0.52709,0.52596,0.52623,0,0
2014-12-15,13:00:00,0.52625,0.52652,0.52488,0.52507,0,0
2014-12-15,14:00:00,0.52509,0.52512,0.52413,0.52438,0,0
2014-12-15,15:00:00,0.52437,0.52504,0.52427,0.52467,0,0
2014-12-15,16:00:00,0.52466,0.52483,0.52362,0.52398,0,0
2014-12-15,17:00:00,0.52397,0.52614,0.52397,0.5256,0,0
2014-12-15,18:00:00,0.52568,0.52649,0.5251,0.52558,0,0
2014-12-15,19:00:00,0.52554,0.52588,0.52466,0.52496,0,0
2014-12-15,20:00:00,0.52495,0.52541,0.52482,0.52516,0,0
2014-12-15,21:00:00,0.52516,0.52594,0.52511,0.52549,0,0
2014-12-15,22:00:00,0.52549,0.52569,0.52497,0.52509,0,0
2014-12-15,23:00:00,0.52507,0.52557,0.52497,0.525,0,0
2014-12-15,23:59:00,0.525,0.52544,0.52461,0.52473,0,0
2014-12-16,01:00:00,0.5248,0.52514,0.52469,0.52501,0,0
2014-12-16,02:00:00,0.52499,0.52571,0.52487,0.52566,0,0
2014-12-16,03:00:00,0.52573,0.52596,0.52452,0.52555,0,0
2014-12-16,04:00:00,0.52555,0.52596,0.5253,0.52545,0,0
2014-12-16,05:00:00,0.52545,0.52618,0.52494,0.52618,0,0
2014-12-16,06:00:00,0.52619,0.52619,0.52512,0.52532,0,0
2014-12-16,07:00:00,0.52532,0.52575,0.52522,0.52554,0,0
2014-12-16,08:00:00,0.52554,0.52587,0.52506,0.52541,0,0
2014-12-16,09:00:00,0.52541,0.52625,0.52512,0.5258,0,0
2014-12-16,10:00:00,0.5258,0.52689,0.52515,0.52677,0,0
2014-12-16,11:00:00,0.52677,0.52778,0.52532,0.52552,0,0
2014-12-16,12:00:00,0.5254,0.52651,0.52509,0.52509,0,0
2014-12-16,13:00:00,0.52506,0.52512,0.52348,0.52381,0,0
2014-12-16,14:00:00,0.52371,0.52446,0.52228,0.52377,0,0
2014-12-16,15:00:00,0.52376,0.52431,0.52264,0.52264,0,0
2014-12-16,16:00:00,0.52267,0.52299,0.52202,0.52202,0,0
2014-12-16,17:00:00,0.52206,0.52245,0.52132,0.52225,0,0
2014-12-16,18:00:00,0.52227,0.52269,0.52205,0.52233,0,0
2014-12-16,19:00:00,0.52233,0.52244,0.52146,0.52146,0,0
2014-12-16,20:00:00,0.52146,0.5221,0.52146,0.52185,0,0
2014-12-16,21:00:00,0.52186,0.52232,0.52168,0.52202,0,0
2014-12-16,22:00:00,0.52202,0.52225,0.52169,0.52225,0,0
2014-12-16,23:00:00,0.52224,0.52242,0.52161,0.52182,0,0
2014-12-16,23:59:00,0.52179,0.5221,0.52159,0.52179,0,0
2014-12-17,01:00:00,0.52184,0.5223,0.52179,0.52227,0,0
2014-12-17,02:00:00,0.52227,0.52239,0.52194,0.5223,0,0
2014-12-17,03:00:00,0.5223,0.52306,0.52191,0.52207,0,0
2014-12-17,04:00:00,0.52211,0.52223,0.51984,0.52026,0,0
2014-12-17,05:00:00,0.52026,0.52026,0.51862,0.5187,0,0
2014-12-17,06:00:00,0.5187,0.51881,0.51817,0.51873,0,0
2014-12-17,07:00:00,0.51874,0.51887,0.518,0.51822,0,0
2014-12-17,08:00:00,0.51821,0.51879,0.51791,0.51803,0,0
2014-12-17,09:00:00,0.51806,0.51934,0.51789,0.51916,0,0
2014-12-17,10:00:00,0.51916,0.52115,0.51872,0.52078,0,0
2014-12-17,11:00:00,0.52078,0.5212,0.51964,0.5203,0,0
2014-12-17,12:00:00,0.5203,0.52104,0.52019,0.52029,0,0
2014-12-17,13:00:00,0.52029,0.52055,0.51993,0.52045,0,0
2014-12-17,14:00:00,0.52048,0.52112,0.5204,0.52091,0,0
2014-12-17,15:00:00,0.52097,0.52196,0.52093,0.52137,0,0
2014-12-17,16:00:00,0.52134,0.52149,0.52057,0.52118,0,0
2014-12-17,17:00:00,0.52117,0.52251,0.52097,0.5219,0,0
2014-12-17,18:00:00,0.52194,0.52238,0.52123,0.52191,0,0
2014-12-17,19:00:00,0.52191,0.52296,0.52153,0.52256,0,0
2014-12-17,20:00:00,0.52258,0.523,0.5221,0.52286,0,0
2014-12-17,21:00:00,0.52298,0.52507,0.52039,0.52135,0,0
2014-12-17,22:00:00,0.52135,0.52269,0.52121,0.5216,0,0
2014-12-17,23:00:00,0.52155,0.52225,0.52086,0.52146,0,0
2014-12-17,23:59:00,0.52146,0.52234,0.52109,0.52225,0,0
2014-12-18,01:00:00,0.52219,0.5222,0.52124,0.52176,0,0
2014-12-18,02:00:00,0.52176,0.52196,0.52116,0.52128,0,0
2014-12-18,03:00:00,0.52127,0.52196,0.52093,0.5217,0,0
2014-12-18,04:00:00,0.5217,0.52283,0.52163,0.52209,0,0
2014-12-18,05:00:00,0.52209,0.52338,0.52206,0.52236,0,0
2014-12-18,06:00:00,0.52236,0.52251,0.52165,0.52207,0,0
2014-12-18,07:00:00,0.52202,0.52203,0.5213,0.52173,0,0
2014-12-18,08:00:00,0.52175,0.52197,0.52131,0.52195,0,0
2014-12-18,09:00:00,0.52194,0.52526,0.52168,0.52453,0,0
2014-12-18,10:00:00,0.52448,0.52579,0.52337,0.52528,0,0
2014-12-18,11:00:00,0.5253,0.52555,0.52244,0.52326,0,0
2014-12-18,12:00:00,0.52326,0.52392,0.52265,0.52265,0,0
2014-12-18,13:00:00,0.52265,0.52363,0.52259,0.52278,0,0
2014-12-18,14:00:00,0.52271,0.52397,0.52271,0.52339,0,0
2014-12-18,15:00:00,0.52342,0.52489,0.52335,0.52425,0,0
2014-12-18,16:00:00,0.5242,0.5243,0.5226,0.52277,0,0
2014-12-18,17:00:00,0.52283,0.52285,0.5214,0.52161,0,0
2014-12-18,18:00:00,0.52161,0.52188,0.52065,0.52155,0,0
2014-12-18,19:00:00,0.52153,0.52164,0.52063,0.52063,0,0
2014-12-18,20:00:00,0.52061,0.52065,0.52014,0.52037,0,0
2014-12-18,21:00:00,0.52043,0.52077,0.52033,0.52047,0,0
2014-12-18,22:00:00,0.52047,0.52131,0.52035,0.52126,0,0
2014-12-18,23:00:00,0.52125,0.52157,0.52054,0.52096,0,0
2014-12-18,23:59:00,0.52102,0.52191,0.52062,0.52151,0,0
2014-12-19,01:00:00,0.52153,0.52166,0.52095,0.52131,0,0
2014-12-19,02:00:00,0.5213,0.52169,0.52077,0.52107,0,0
2014-12-19,03:00:00,0.52108,0.52268,0.52097,0.52268,0,0
2014-12-19,04:00:00,0.52268,0.52275,0.52138,0.52149,0,0
2014-12-19,05:00:00,0.52149,0.52232,0.52148,0.52207,0,0
2014-12-19,06:00:00,0.52207,0.52285,0.522,0.52277,0,0
2014-12-19,07:00:00,0.5228,0.52324,0.52262,0.523,0,0
2014-12-19,08:00:00,0.52301,0.52332,0.52197,0.52209,0,0
2014-12-19,09:00:00,0.52209,0.5221,0.52125,0.52125,0,0
2014-12-19,10:00:00,0.52134,0.52172,0.52023,0.52076,0,0
2014-12-19,11:00:00,0.52075,0.52121,0.51999,0.52094,0,0
2014-12-19,12:00:00,0.52094,0.52169,0.52059,0.52129,0,0
2014-12-19,13:00:00,0.52134,0.52328,0.52131,0.52325,0,0
2014-12-19,14:00:00,0.52325,0.52348,0.52187,0.52212,0,0
2014-12-19,15:00:00,0.52211,0.5228,0.52151,0.52264,0,0
2014-12-19,16:00:00,0.52264,0.52264,0.52126,0.52164,0,0
2014-12-19,17:00:00,0.52164,0.5218,0.52109,0.52118,0,0
2014-12-19,18:00:00,0.52111,0.52111,0.52013,0.52081,0,0
2014-12-19,19:00:00,0.5208,0.52096,0.52019,0.52032,0,0
2014-12-19,20:00:00,0.5203,0.5209,0.52014,0.52029,0,0
2014-12-19,21:00:00,0.52033,0.52103,0.52022,0.5208,0,0
2014-12-19,22:00:00,0.5208,0.52116,0.5204,0.52077,0,0
2014-12-19,23:00:00,0.52076,0.52098,0.52076,0.52094,0,0
2014-12-22,01:00:00,0.52091,0.52154,0.52086,0.52149,0,0
2014-12-22,02:00:00,0.52135,0.52143,0.5211,0.5211,0,0
2014-12-22,03:00:00,0.5211,0.52123,0.52081,0.52123,0,0
2014-12-22,04:00:00,0.5212,0.5213,0.52047,0.52072,0,0
2014-12-22,05:00:00,0.52069,0.5212,0.52069,0.52098,0,0
2014-12-22,06:00:00,0.52097,0.52163,0.52097,0.52154,0,0
2014-12-22,07:00:00,0.52155,0.52221,0.5213,0.52217,0,0
2014-12-22,08:00:00,0.52217,0.52217,0.5215,0.52174,0,0
2014-12-22,09:00:00,0.52174,0.52278,0.52098,0.52128,0,0
2014-12-22,10:00:00,0.52128,0.52139,0.52071,0.5211,0,0
2014-12-22,11:00:00,0.5211,0.52187,0.52074,0.52187,0,0
2014-12-22,12:00:00,0.52184,0.52205,0.52143,0.52177,0,0
2014-12-22,13:00:00,0.52178,0.52239,0.52172,0.52226,0,0
2014-12-22,14:00:00,0.5222,0.5222,0.52107,0.52112,0,0
2014-12-22,15:00:00,0.52117,0.52172,0.52091,0.52091,0,0
2014-12-22,16:00:00,0.52091,0.52167,0.52086,0.52105,0,0
2014-12-22,17:00:00,0.52101,0.52187,0.52084,0.52091,0,0
2014-12-22,18:00:00,0.52115,0.52137,0.52084,0.52121,0,0
2014-12-22,19:00:00,0.52121,0.52182,0.52095,0.52174,0,0
2014-12-22,20:00:00,0.52174,0.52174,0.52128,0.52137,0,0
2014-12-22,21:00:00,0.52137,0.52177,0.52126,0.52176,0,0
2014-12-22,22:00:00,0.522,0.5222,0.52156,0.522,0,0
2014-12-22,23:00:00,0.52187,0.52189,0.52136,0.5217,0,0
2014-12-22,23:59:00,0.5216,0.52175,0.52113,0.52118,0,0
2014-12-23,01:00:00,0.52111,0.52145,0.52091,0.52121,0,0
2014-12-23,02:00:00,0.52115,0.52155,0.52105,0.52116,0,0
2014-12-23,03:00:00,0.52123,0.52176,0.52101,0.52169,0,0
2014-12-23,04:00:00,0.52169,0.52175,0.52123,0.52126,0,0
2014-12-23,05:00:00,0.52125,0.52132,0.52084,0.52095,0,0
2014-12-23,06:00:00,0.52095,0.52117,0.52053,0.52067,0,0
2014-12-23,07:00:00,0.52068,0.52091,0.51964,0.52023,0,0
2014-12-23,08:00:00,0.52012,0.52015,0.51929,0.51992,0,0
2014-12-23,09:00:00,0.51992,0.52081,0.51992,0.52069,0,0
2014-12-23,10:00:00,0.52073,0.521,0.52054,0.52065,0,0
2014-12-23,11:00:00,0.52075,0.52259,0.52044,0.52162,0,0
2014-12-23,12:00:00,0.52162,0.52259,0.52162,0.52241,0,0
2014-12-23,13:00:00,0.52241,0.52344,0.52241,0.52313,0,0
2014-12-23,14:00:00,0.52313,0.52411,0.5228,0.52372,0,0
2014-12-23,15:00:00,0.52383,0.52383,0.52253,0.52365,0,0
2014-12-23,16:00:00,0.52365,0.52372,0.52227,0.52272,0,0
2014-12-23,17:00:00,0.52279,0.52316,0.52192,0.52192,0,0
2014-12-23,18:00:00,0.52185,0.5223,0.52161,0.52185,0,0
2014-12-23,19:00:00,0.52184,0.5223,0.52171,0.52229,0,0
2014-12-23,20:00:00,0.52231,0.52232,0.52184,0.52194,0,0
2014-12-23,21:00:00,0.52195,0.5221,0.52162,0.52169,0,0
2014-12-23,22:00:00,0.52177,0.52212,0.52157,0.52204,0,0
2014-12-23,23:00:00,0.52222,0.52239,0.52192,0.52213,0,0
2014-12-23,23:59:00,0.52211,0.52252,0.52169,0.52231,0,0
2014-12-24,01:00:00,0.52257,0.5229,0.52231,0.52246,0,0
2014-12-24,02:00:00,0.52246,0.52298,0.52217,0.52298,0,0
2014-12-24,03:00:00,0.52304,0.52304,0.52249,0.52297,0,0
2014-12-24,04:00:00,0.52297,0.52353,0.52257,0.52287,0,0
2014-12-24,05:00:00,0.52292,0.52309,0.52262,0.52293,0,0
2014-12-24,06:00:00,0.52293,0.52305,0.52259,0.52288,0,0
2014-12-24,07:00:00,0.52288,0.52316,0.52267,0.52316,0,0
2014-12-24,08:00:00,0.52292,0.52305,0.52225,0.52243,0,0
2014-12-24,09:00:00,0.52244,0.52294,0.52214,0.52236,0,0
2014-12-24,10:00:00,0.5222,0.52229,0.52156,0.52168,0,0
2014-12-24,11:00:00,0.52168,0.52239,0.52161,0.52181,0,0
2014-12-24,12:00:00,0.52181,0.52212,0.52127,0.52174,0,0
2014-12-24,13:00:00,0.52174,0.52204,0.52156,0.52178,0,0
2014-12-24,14:00:00,0.5218,0.52233,0.52157,0.52232,0,0
2014-12-24,15:00:00,0.52232,0.52265,0.52167,0.5223,0,0
2014-12-24,16:00:00,0.52229,0.52235,0.52149,0.52195,0,0
2014-12-24,17:00:00,0.52198,0.52221,0.52132,0.52132,0,0
2014-12-24,18:00:00,0.52132,0.52168,0.52125,0.52147,0,0
2014-12-24,19:00:00,0.52147,0.52185,0.52126,0.5214,0,0
2014-12-24,20:00:00,0.52147,0.5218,0.52119,0.52172,0,0
2014-12-24,21:00:00,0.52172,0.52187,0.52122,0.52122,0,0
2014-12-24,22:00:00,0.52122,0.52136,0.52086,0.52112,0,0
2014-12-24,23:00:00,0.52135,0.52135,0.52097,0.52124,0,0
2014-12-24,23:59:00,0.52124,0.52157,0.521,0.52136,0,0
2014-12-26,01:00:00,0.52138,0.52164,0.52094,0.52124,0,0
2014-12-26,02:00:00,0.52124,0.52185,0.52111,0.52151,0,0
2014-12-26,03:00:00,0.52161,0.52227,0.52147,0.52168,0,0
2014-12-26,04:00:00,0.52179,0.52218,0.52167,0.52216,0,0
2014-12-26,05:00:00,0.52215,0.52226,0.52203,0.52214,0,0
2014-12-26,06:00:00,0.52217,0.5224,0.52193,0.52229,0,0
2014-12-26,07:00:00,0.52234,0.52249,0.52222,0.52245,0,0
2014-12-26,08:00:00,0.52244,0.52244,0.52204,0.52225,0,0
2014-12-26,09:00:00,0.52225,0.52235,0.52198,0.52206,0,0
2014-12-26,10:00:00,0.52205,0.52239,0.52198,0.52227,0,0
2014-12-26,11:00:00,0.52231,0.52246,0.52219,0.52229,0,0
2014-12-26,12:00:00,0.5223,0.52269,0.52221,0.52267,0,0
2014-12-26,13:00:00,0.52263,0.52263,0.52225,0.5225,0,0
2014-12-26,14:00:00,0.52247,0.52278,0.52229,0.52256,0,0
2014-12-26,15:00:00,0.52248,0.52308,0.52233,0.52248,0,0
2014-12-26,16:00:00,0.52248,0.52255,0.52204,0.52212,0,0
2014-12-26,17:00:00,0.52212,0.52229,0.5212,0.52139,0,0
2014-12-26,18:00:00,0.52123,0.52178,0.5212,0.52156,0,0
2014-12-26,19:00:00,0.52156,0.52198,0.52155,0.5218,0,0
2014-12-26,20:00:00,0.52141,0.52175,0.52126,0.52158,0,0
2014-12-26,21:00:00,0.52153,0.52179,0.52153,0.52158,0,0
2014-12-26,22:00:00,0.52166,0.52206,0.52155,0.52204,0,0
2014-12-26,23:00:00,0.52204,0.52204,0.52204,0.52204,0,0
2014-12-29,01:00:00,0.52158,0.52201,0.52153,0.52169,0,0
2014-12-29,02:00:00,0.52169,0.52197,0.52157,0.52182,0,0
2014-12-29,03:00:00,0.52179,0.52192,0.5212,0.52183,0,0
2014-12-29,04:00:00,0.52178,0.52239,0.52156,0.52225,0,0
2014-12-29,05:00:00,0.52227,0.52252,0.522,0.52211,0,0
2014-12-29,06:00:00,0.52211,0.52237,0.52201,0.52223,0,0
2014-12-29,07:00:00,0.52223,0.52277,0.52199,0.52216,0,0
2014-12-29,08:00:00,0.52216,0.52245,0.5221,0.52227,0,0
2014-12-29,09:00:00,0.52225,0.5228,0.52215,0.52265,0,0
2014-12-29,10:00:00,0.52265,0.52341,0.52244,0.52306,0,0
2014-12-29,11:00:00,0.52307,0.52407,0.52295,0.52396,0,0
2014-12-29,12:00:00,0.52419,0.52438,0.52353,0.52407,0,0
2014-12-29,13:00:00,0.52409,0.52486,0.52405,0.52434,0,0
2014-12-29,14:00:00,0.52434,0.52449,0.52384,0.52384,0,0
2014-12-29,15:00:00,0.52383,0.52431,0.52364,0.52395,0,0
2014-12-29,16:00:00,0.52398,0.52403,0.52366,0.52396,0,0
2014-12-29,17:00:00,0.52393,0.52472,0.52388,0.52465,0,0
2014-12-29,18:00:00,0.52471,0.52527,0.52424,0.52491,0,0
2014-12-29,19:00:00,0.52471,0.52495,0.52459,0.52469,0,0
2014-12-29,20:00:00,0.5247,0.52474,0.52405,0.52406,0,0
2014-12-29,21:00:00,0.52406,0.5242,0.52367,0.5238,0,0
2014-12-29,22:00:00,0.52379,0.52443,0.52377,0.52438,0,0
2014-12-29,23:00:00,0.52447,0.52449,0.52407,0.5242,0,0
2014-12-29,23:59:00,0.52403,0.52442,0.52396,0.52422,0,0
2014-12-30,01:00:00,0.52425,0.52455,0.52414,0.52438,0,0
2014-12-30,02:00:00,0.52438,0.52482,0.52429,0.52432,0,0
2014-12-30,03:00:00,0.52434,0.52434,0.52365,0.52366,0,0
2014-12-30,04:00:00,0.52367,0.52412,0.52367,0.52372,0,0
2014-12-30,05:00:00,0.52378,0.524,0.52359,0.5236,0,0
2014-12-30,06:00:00,0.5236,0.52411,0.5236,0.5238,0,0
2014-12-30,07:00:00,0.5238,0.52436,0.52368,0.52425,0,0
2014-12-30,08:00:00,0.52423,0.52444,0.52376,0.52424,0,0
2014-12-30,09:00:00,0.5243,0.52552,0.52409,0.52496,0,0
2014-12-30,10:00:00,0.52497,0.52596,0.52463,0.52524,0,0
2014-12-30,11:00:00,0.52529,0.52644,0.5251,0.52585,0,0
2014-12-30,12:00:00,0.52585,0.52626,0.52562,0.52588,0,0
2014-12-30,13:00:00,0.52592,0.52607,0.52521,0.52549,0,0
2014-12-30,14:00:00,0.52549,0.52596,0.52513,0.52592,0,0
2014-12-30,15:00:00,0.52593,0.52671,0.52579,0.52671,0,0
2014-12-30,16:00:00,0.52669,0.5268,0.52635,0.52665,0,0
2014-12-30,17:00:00,0.52648,0.52702,0.52632,0.52678,0,0
2014-12-30,18:00:00,0.52681,0.52702,0.52645,0.52648,0,0
2014-12-30,19:00:00,0.52645,0.52676,0.52572,0.52577,0,0
2014-12-30,20:00:00,0.52577,0.52599,0.52565,0.52577,0,0
2014-12-30,21:00:00,0.52576,0.52602,0.52569,0.52569,0,0
2014-12-30,22:00:00,0.52567,0.52603,0.52567,0.52589,0,0
2014-12-30,23:00:00,0.52588,0.526,0.52568,0.52585,0,0
2014-12-30,23:59:00,0.52591,0.52617,0.52547,0.52577,0,0
2014-12-31,01:00:00,0.52576,0.52592,0.52553,0.52561,0,0
2014-12-31,02:00:00,0.52583,0.52585,0.52533,0.52565,0,0
2014-12-31,03:00:00,0.52566,0.52746,0.52556,0.52737,0,0
2014-12-31,04:00:00,0.52733,0.52766,0.52708,0.52737,0,0
2014-12-31,05:00:00,0.52738,0.52738,0.52684,0.52695,0,0
2014-12-31,06:00:00,0.52699,0.5272,0.52676,0.52703,0,0
2014-12-31,07:00:00,0.52691,0.52691,0.52587,0.52646,0,0
2014-12-31,08:00:00,0.52646,0.52649,0.52588,0.52591,0,0
2014-12-31,09:00:00,0.52609,0.52623,0.52586,0.5261,0,0
2014-12-31,10:00:00,0.52601,0.52652,0.52582,0.52625,0,0
2014-12-31,11:00:00,0.52613,0.52635,0.52577,0.52589,0,0
2014-12-31,12:00:00,0.52589,0.52656,0.52586,0.52611,0,0
2014-12-31,13:00:00,0.52587,0.52611,0.52518,0.52571,0,0
2014-12-31,14:00:00,0.52571,0.52594,0.5253,0.52559,0,0
2014-12-31,15:00:00,0.52563,0.52569,0.52517,0.52523,0,0
2014-12-31,16:00:00,0.52519,0.52528,0.52451,0.52528,0,0
2014-12-31,17:00:00,0.52525,0.52538,0.52342,0.52446,0,0
2014-12-31,18:00:00,0.52534,0.52535,0.52454,0.52459,0,0
2014-12-31,19:00:00,0.52459,0.52502,0.52423,0.52426,0,0
2014-12-31,20:00:00,0.52403,0.52449,0.52399,0.52401,0,0
2014-12-31,21:00:00,0.52412,0.52429,0.52376,0.52413,0,0
2014-12-31,22:00:00,0.52443,0.52451,0.52366,0.52376,0,0
2014-12-31,23:00:00,0.5238,0.52432,0.5237,0.52402,0,0
2014-12-31,23:59:00,0.52391,0.52451,0.52369,0.52383,0,0
2015-01-02,01:00:00,0.52459,0.52529,0.5243,0.52502,0,0
2015-01-02,02:00:00,0.52503,0.52539,0.52476,0.52478,0,0
2015-01-02,03:00:00,0.52478,0.5248,0.52296,0.52303,0,0
2015-01-02,04:00:00,0.52302,0.52334,0.52277,0.52316,0,0
2015-01-02,05:00:00,0.52316,0.52336,0.52251,0.52279,0,0
2015-01-02,06:00:00,0.52279,0.523,0.52261,0.52286,0,0
2015-01-02,07:00:00,0.52285,0.52349,0.52283,0.52333,0,0
2015-01-02,08:00:00,0.52332,0.524,0.52332,0.52378,0,0
2015-01-02,09:00:00,0.52377,0.52383,0.52291,0.52376,0,0
2015-01-02,10:00:00,0.52376,0.5248,0.5236,0.52428,0,0
2015-01-02,11:00:00,0.52427,0.52608,0.5241,0.52603,0,0
2015-01-02,12:00:00,0.52601,0.52698,0.52594,0.52654,0,0
2015-01-02,13:00:00,0.52653,0.52653,0.52574,0.52583,0,0
2015-01-02,14:00:00,0.52593,0.52637,0.52566,0.52581,0,0
2015-01-02,15:00:00,0.52582,0.52614,0.52544,0.52594,0,0
2015-01-02,16:00:00,0.52594,0.52687,0.52588,0.52662,0,0
2015-01-02,17:00:00,0.5266,0.52778,0.5266,0.5276,0,0
2015-01-02,18:00:00,0.52797,0.5287,0.52791,0.5284,0,0
2015-01-02,19:00:00,0.52843,0.52855,0.52807,0.52815,0,0
2015-01-02,20:00:00,0.52824,0.52834,0.52798,0.52808,0,0
2015-01-02,21:00:00,0.52814,0.52901,0.52809,0.529,0,0
2015-01-02,22:00:00,0.52899,0.52912,0.52775,0.52804,0,0
2015-01-02,23:00:00,0.52804,0.52809,0.52804,0.52809,0,0
2015-01-05,01:00:00,0.52838,0.52878,0.52727,0.52783,0,0
2015-01-05,02:00:00,0.52783,0.52934,0.52783,0.52863,0,0
2015-01-05,03:00:00,0.52864,0.52929,0.52793,0.52811,0,0
2015-01-05,04:00:00,0.52817,0.52895,0.52786,0.52787,0,0
2015-01-05,05:00:00,0.52788,0.52788,0.52692,0.52729,0,0
2015-01-05,06:00:00,0.52715,0.52753,0.52694,0.5273,0,0
2015-01-05,07:00:00,0.52719,0.52738,0.526,0.52655,0,0
2015-01-05,08:00:00,0.52649,0.52689,0.5263,0.52659,0,0
2015-01-05,09:00:00,0.52657,0.52741,0.52621,0.52643,0,0
2015-01-05,10:00:00,0.52641,0.52773,0.52608,0.52773,0,0
2015-01-05,11:00:00,0.52773,0.5284,0.52751,0.5284,0,0
2015-01-05,12:00:00,0.52838,0.52885,0.52784,0.52828,0,0
2015-01-05,13:00:00,0.52828,0.52889,0.52794,0.52844,0,0
2015-01-05,14:00:00,0.52844,0.53034,0.52844,0.53015,0,0
2015-01-05,15:00:00,0.53015,0.53131,0.53009,0.53113,0,0
2015-01-05,16:00:00,0.5311,0.53155,0.53087,0.53122,0,0
2015-01-05,17:00:00,0.53122,0.53149,0.53028,0.53125,0,0
2015-01-05,18:00:00,0.53131,0.53198,0.5312,0.53134,0,0
2015-01-05,19:00:00,0.53134,0.53152,0.5308,0.5314,0,0
2015-01-05,20:00:00,0.53135,0.53135,0.53048,0.53068,0,0
2015-01-05,21:00:00,0.53065,0.53092,0.53035,0.53055,0,0
2015-01-05,22:00:00,0.53055,0.53067,0.52987,0.53029,0,0
2015-01-05,23:00:00,0.53031,0.53045,0.53002,0.5301,0,0
2015-01-05,23:59:00,0.5301,0.53039,0.52983,0.53007,0,0
2015-01-06,01:00:00,0.53013,0.53105,0.53008,0.53077,0,0
2015-01-06,02:00:00,0.53074,0.53201,0.52998,0.53198,0,0
2015-01-06,03:00:00,0.53214,0.53214,0.53132,0.53183,0,0
2015-01-06,04:00:00,0.53183,0.53351,0.5318,0.5331,0,0
2015-01-06,05:00:00,0.5331,0.53329,0.53276,0.53312,0,0
2015-01-06,06:00:00,0.5331,0.53322,0.53241,0.53254,0,0
2015-01-06,07:00:00,0.53254,0.53362,0.53254,0.53353,0,0
2015-01-06,08:00:00,0.53352,0.53418,0.53347,0.53395,0,0
2015-01-06,09:00:00,0.53395,0.53395,0.53306,0.53353,0,0
2015-01-06,10:00:00,0.53352,0.53394,0.53323,0.53353,0,0
2015-01-06,11:00:00,0.53353,0.53556,0.53353,0.53483,0,0
2015-01-06,12:00:00,0.53488,0.53552,0.53486,0.53539,0,0
2015-01-06,13:00:00,0.53538,0.53613,0.53473,0.53494,0,0
2015-01-06,14:00:00,0.53494,0.53545,0.53447,0.53537,0,0
2015-01-06,15:00:00,0.53537,0.53614,0.53517,0.53525,0,0
2015-01-06,16:00:00,0.53529,0.53574,0.53441,0.53556,0,0
2015-01-06,17:00:00,0.53556,0.53596,0.53453,0.53484,0,0
2015-01-06,18:00:00,0.53484,0.5353,0.53424,0.53491,0,0
2015-01-06,19:00:00,0.53491,0.53492,0.53383,0.53429,0,0
2015-01-06,20:00:00,0.53426,0.53466,0.53414,0.53437,0,0
2015-01-06,21:00:00,0.53437,0.53509,0.53433,0.53465,0,0
2015-01-06,22:00:00,0.53474,0.535,0.53409,0.53429,0,0
2015-01-06,23:00:00,0.53434,0.53444,0.53356,0.53363,0,0
2015-01-06,23:59:00,0.53354,0.5344,0.5329,0.5332,0,0
2015-01-07,01:00:00,0.53337,0.53392,0.53326,0.53369,0,0
2015-01-07,02:00:00,0.53369,0.53375,0.53248,0.53272,0,0
2015-01-07,03:00:00,0.53276,0.53332,0.5325,0.53317,0,0
2015-01-07,04:00:00,0.5332,0.53353,0.53285,0.53291,0,0
2015-01-07,05:00:00,0.53291,0.5336,0.53277,0.53343,0,0
2015-01-07,06:00:00,0.53319,0.53347,0.53301,0.53328,0,0
2015-01-07,07:00:00,0.53328,0.53367,0.53284,0.53318,0,0
2015-01-07,08:00:00,0.53315,0.53327,0.53249,0.53288,0,0
2015-01-07,09:00:00,0.53292,0.53325,0.53267,0.533,0,0
2015-01-07,10:00:00,0.53296,0.53374,0.53245,0.5333,0,0
2015-01-07,11:00:00,0.53338,0.53423,0.53325,0.53327,0,0
2015-01-07,12:00:00,0.5332,0.53373,0.53286,0.53297,0,0
2015-01-07,13:00:00,0.53314,0.53402,0.53314,0.53371,0,0
2015-01-07,14:00:00,0.53371,0.53408,0.53342,0.53363,0,0
2015-01-07,15:00:00,0.5336,0.53386,0.53311,0.53331,0,0
2015-01-07,16:00:00,0.53331,0.53378,0.53303,0.53329,0,0
2015-01-07,17:00:00,0.53341,0.53384,0.53292,0.53384,0,0
2015-01-07,18:00:00,0.53385,0.53412,0.53345,0.53399,0,0
2015-01-07,19:00:00,0.53399,0.53433,0.53366,0.53366,0,0
2015-01-07,20:00:00,0.53366,0.53394,0.5335,0.53377,0,0
2015-01-07,21:00:00,0.53374,0.53478,0.53301,0.53451,0,0
2015-01-07,22:00:00,0.53434,0.53442,0.53385,0.53414,0,0
2015-01-07,23:00:00,0.53414,0.53481,0.53401,0.53466,0,0
2015-01-07,23:59:00,0.53461,0.5348,0.53411,0.5346,0,0
2015-01-08,01:00:00,0.53456,0.53494,0.53424,0.53456,0,0
2015-01-08,02:00:00,0.53486,0.53628,0.53472,0.53552,0,0
2015-01-08,03:00:00,0.53588,0.53651,0.53587,0.53611,0,0
2015-01-08,04:00:00,0.53612,0.5364,0.53592,0.53614,0,0
2015-01-08,05:00:00,0.53614,0.53757,0.53602,0.53735,0,0
2015-01-08,06:00:00,0.5374,0.53766,0.53713,0.53756,0,0
2015-01-08,07:00:00,0.5375,0.53774,0.53721,0.53768,0,0
2015-01-08,08:00:00,0.53768,0.53772,0.53707,0.53717,0,0
2015-01-08,09:00:00,0.53715,0.53795,0.53683,0.53783,0,0
2015-01-08,10:00:00,0.5377,0.53956,0.5377,0.53952,0,0
2015-01-08,11:00:00,0.5394,0.53968,0.53894,0.53896,0,0
2015-01-08,12:00:00,0.53877,0.53889,0.53743,0.53806,0,0
2015-01-08,13:00:00,0.53807,0.53872,0.53784,0.53838,0,0
2015-01-08,14:00:00,0.5385,0.53866,0.53791,0.53797,0,0
2015-01-08,15:00:00,0.53802,0.53836,0.53736,0.53772,0,0
2015-01-08,16:00:00,0.53772,0.53814,0.53723,0.53777,0,0
2015-01-08,17:00:00,0.53785,0.5384,0.53763,0.53774,0,0
2015-01-08,18:00:00,0.5377,0.53798,0.53737,0.53774,0,0
2015-01-08,19:00:00,0.53758,0.53806,0.53753,0.5377,0,0
2015-01-08,20:00:00,0.53769,0.53794,0.53735,0.53754,0,0
2015-01-08,21:00:00,0.53754,0.53763,0.53707,0.53759,0,0
2015-01-08,22:00:00,0.5376,0.53802,0.53757,0.53795,0,0
2015-01-08,23:00:00,0.53795,0.53842,0.53782,0.53839,0,0
2015-01-08,23:59:00,0.53839,0.53858,0.5377,0.53797,0,0
2015-01-09,01:00:00,0.53797,0.5381,0.53753,0.53777,0,0
2015-01-09,02:00:00,0.53777,0.5386,0.53741,0.53847,0,0
2015-01-09,03:00:00,0.53868,0.53906,0.53851,0.53874,0,0
2015-01-09,04:00:00,0.53892,0.53961,0.53877,0.53949,0,0
2015-01-09,05:00:00,0.53939,0.53967,0.53902,0.53928,0,0
2015-01-09,06:00:00,0.53928,0.5396,0.53917,0.53927,0,0
2015-01-09,07:00:00,0.53926,0.53935,0.53887,0.5391,0,0
2015-01-09,08:00:00,0.53913,0.5392,0.53844,0.53883,0,0
2015-01-09,09:00:00,0.53881,0.539,0.53801,0.53805,0,0
2015-01-09,10:00:00,0.53805,0.53811,0.53711,0.53716,0,0
2015-01-09,11:00:00,0.53716,0.53716,0.53617,0.53669,0,0
2015-01-09,12:00:00,0.53671,0.5376,0.53659,0.53699,0,0
2015-01-09,13:00:00,0.537,0.53755,0.53694,0.53753,0,0
2015-01-09,14:00:00,0.53752,0.53813,0.5373,0.53813,0,0
2015-01-09,15:00:00,0.53816,0.53947,0.53731,0.53928,0,0
2015-01-09,16:00:00,0.53923,0.54123,0.53904,0.54059,0,0
2015-01-09,17:00:00,0.54053,0.54081,0.54014,0.5405,0,0
2015-01-09,18:00:00,0.54052,0.54112,0.54035,0.54062,0,0
2015-01-09,19:00:00,0.5406,0.54111,0.54042,0.54091,0,0
2015-01-09,20:00:00,0.54092,0.54103,0.54054,0.54076,0,0
2015-01-09,21:00:00,0.54073,0.54107,0.54054,0.5407,0,0
2015-01-09,22:00:00,0.5407,0.54123,0.54061,0.54106,0,0
2015-01-09,23:00:00,0.54106,0.54106,0.54106,0.54106,0,0
