Date,Time,Open,High,Low,Close,Volume,OpenInt
2014-10-13,01:00:00,93.288,93.3332,92.8701,92.8955,0,0
2014-10-13,02:00:00,92.8882,93.1767,92.8646,93.1356,0,0
2014-10-13,03:00:00,93.1364,93.2237,92.8819,93.2143,0,0
2014-10-13,04:00:00,93.2126,93.5439,93.1621,93.5164,0,0
2014-10-13,05:00:00,93.5084,93.6728,93.4402,93.5322,0,0
2014-10-13,06:00:00,93.5263,93.6044,93.4501,93.5734,0,0
2014-10-13,07:00:00,93.5699,93.6523,93.5637,93.6209,0,0
2014-10-13,08:00:00,93.6193,93.673,93.5774,93.6336,0,0
2014-10-13,09:00:00,93.6385,93.6809,93.5421,93.5777,0,0
2014-10-13,10:00:00,93.5788,93.6572,93.5159,93.6472,0,0
2014-10-13,11:00:00,93.6427,93.8802,93.6068,93.8684,0,0
2014-10-13,12:00:00,93.8675,93.8857,93.7627,93.8717,0,0
2014-10-13,13:00:00,93.8812,94.0445,93.8452,93.995,0,0
2014-10-13,14:00:00,93.9968,94.0703,93.8842,93.8915,0,0
2014-10-13,15:00:00,93.8994,94.0597,93.8375,94.0525,0,0
2014-10-13,16:00:00,94.0508,94.2979,93.9977,94.1799,0,0
2014-10-13,17:00:00,94.1854,94.2258,93.8693,93.9433,0,0
2014-10-13,18:00:00,93.9585,94.1324,93.8781,94.0556,0,0
2014-10-13,19:00:00,94.0556,94.1735,93.9949,94.0816,0,0
2014-10-13,20:00:00,94.0789,94.1378,94.0279,94.054,0,0
2014-10-13,21:00:00,94.0548,94.1035,93.9851,94.0024,0,0
2014-10-13,22:00:00,94.004,94.0498,93.7343,93.7371,0,0
2014-10-13,23:00:00,93.7338,93.8346,93.6477,93.6913,0,0
2014-10-13,23:59:00,93.6821,93.7382,93.5932,93.6884,0,0
2014-10-14,01:00:00,93.6858,93.766,93.6483,93.6768,0,0
2014-10-14,02:00:00,93.6818,93.7465,93.632,93.7057,0,0
2014-10-14,03:00:00,93.7031,93.7726,93.5796,93.6667,0,0
2014-10-14,04:00:00,93.6659,94.2024,93.6435,94.1592,0,0
2014-10-14,05:00:00,94.161,94.5009,94.136,94.402,0,0
2014-10-14,06:00:00,94.402,94.4653,94.2296,94.2781,0,0
2014-10-14,07:00:00,94.2791,94.3012,94.2063,94.2377,0,0
2014-10-14,08:00:00,94.2403,94.281,94.0591,94.1645,0,0
2014-10-14,09:00:00,94.1528,94.1697,93.9337,94.0313,0,0
2014-10-14,10:00:00,94.0226,94.0648,93.8283,93.9,0,0
2014-10-14,11:00:00,93.9064,93.9064,93.5674,93.5674,0,0
2014-10-14,12:00:00,93.5675,93.5776,93.1909,93.2414,0,0
2014-10-14,13:00:00,93.2467,93.5317,93.2256,93.3819,0,0
2014-10-14,14:00:00,93.3873,93.3873,93.1801,93.3668,0,0
2014-10-14,15:00:00,93.3561,93.7106,93.3245,93.5644,0,0
2014-10-14,16:00:00,93.5734,93.6315,93.3196,93.3488,0,0
2014-10-14,17:00:00,93.3493,93.4699,93.2657,93.4014,0,0
2014-10-14,18:00:00,93.4228,93.5267,93.3742,93.4952,0,0
2014-10-14,19:00:00,93.4943,93.5447,93.4029,93.4389,0,0
2014-10-14,20:00:00,93.4415,93.4856,93.3845,93.4147,0,0
2014-10-14,21:00:00,93.4165,93.4425,93.0932,93.1103,0,0
2014-10-14,22:00:00,93.1172,93.1827,92.9552,93.1569,0,0
2014-10-14,23:00:00,93.1566,93.2932,93.1348,93.2701,0,0
2014-10-14,23:59:00,93.2659,93.4272,93.2487,93.3977,0,0
2014-10-15,01:00:00,93.4026,93.4729,93.2994,93.3987,0,0
2014-10-15,02:00:00,93.3978,93.4663,93.3239,93.4579,0,0
2014-10-15,03:00:00,93.4563,93.4563,93.136,93.1471,0,0
2014-10-15,04:00:00,93.1438,93.3153,92.9739,93.2377,0,0
2014-10-15,05:00:00,93.2378,93.3463,93.1475,93.2279,0,0
2014-10-15,06:00:00,93.2311,93.4866,93.2174,93.4193,0,0
2014-10-15,07:00:00,93.4252,93.5407,93.3664,93.5175,0,0
2014-10-15,08:00:00,93.5306,93.7127,93.4785,93.6756,0,0
2014-10-15,09:00:00,93.6835,93.9998,93.6696,93.9335,0,0
2014-10-15,10:00:00,93.9321,93.9618,93.5896,93.5933,0,0
2014-10-15,11:00:00,93.573,93.6313,93.4003,93.4926,0,0
2014-10-15,12:00:00,93.4883,93.6215,93.3777,93.5002,0,0
2014-10-15,13:00:00,93.5067,93.6297,93.4904,93.5327,0,0
2014-10-15,14:00:00,93.5325,93.549,93.1928,93.2735,0,0
2014-10-15,15:00:00,93.2722,93.3823,93.0854,93.2028,0,0
2014-10-15,16:00:00,93.2105,93.5615,93.1384,93.4555,0,0
2014-10-15,17:00:00,93.4526,93.5358,93.2127,93.2922,0,0
2014-10-15,18:00:00,93.299,93.4892,93.1694,93.2622,0,0
2014-10-15,19:00:00,93.2582,93.2582,92.9008,92.949,0,0
2014-10-15,20:00:00,92.9523,92.9571,92.1859,92.4749,0,0
2014-10-15,21:00:00,92.4757,93.0355,92.3996,92.9641,0,0
2014-10-15,22:00:00,92.9754,93.5464,92.9365,93.5215,0,0
2014-10-15,23:00:00,93.483,93.6084,93.308,93.4861,0,0
2014-10-15,23:59:00,93.4746,93.5069,93.3376,93.4199,0,0
2014-10-16,01:00:00,93.4107,93.4107,93.1541,93.2676,0,0
2014-10-16,02:00:00,93.265,93.31,93.0284,93.1944,0,0
2014-10-16,03:00:00,93.1952,93.3894,93.016,93.3572,0,0
2014-10-16,04:00:00,93.3575,93.3886,93.1703,93.3443,0,0
2014-10-16,05:00:00,93.3396,93.3591,93.2092,93.2334,0,0
2014-10-16,06:00:00,93.2315,93.3149,93.183,93.2211,0,0
2014-10-16,07:00:00,93.2211,93.2973,93.202,93.2492,0,0
2014-10-16,08:00:00,93.2492,93.3662,93.2379,93.3013,0,0
2014-10-16,09:00:00,93.2951,93.2969,93.086,93.1355,0,0
2014-10-16,10:00:00,93.1437,93.176,92.6736,92.7935,0,0
2014-10-16,11:00:00,92.7988,92.8014,92.4865,92.4865,0,0
2014-10-16,12:00:00,92.489,92.5236,91.8875,91.9837,0,0
2014-10-16,13:00:00,91.993,92.1689,91.7604,92.079,0,0
2014-10-16,14:00:00,92.0817,92.2773,91.9091,92.1539,0,0
2014-10-16,15:00:00,92.1602,92.1798,91.9156,91.9852,0,0
2014-10-16,16:00:00,91.9802,92.588,91.9671,92.534,0,0
2014-10-16,17:00:00,92.5159,93.1312,92.3179,92.9842,0,0
2014-10-16,18:00:00,92.9925,93.2609,92.7326,92.901,0,0
2014-10-16,19:00:00,92.8924,93.0977,92.7997,93.0815,0,0
2014-10-16,20:00:00,93.0868,93.2892,93.0112,93.0261,0,0
2014-10-16,21:00:00,93.0297,93.1258,92.9479,93.0281,0,0
2014-10-16,22:00:00,93.0288,93.2489,92.9335,93.1326,0,0
2014-10-16,23:00:00,93.1286,93.1547,93.0214,93.0901,0,0
2014-10-16,23:59:00,93.0554,93.1013,92.9448,92.9816,0,0
2014-10-17,01:00:00,92.998,93.1347,92.8907,93.1241,0,0
2014-10-17,02:00:00,93.12,93.3544,93.12,93.3544,0,0
2014-10-17,03:00:00,93.346,93.3899,93.2353,93.2658,0,0
2014-10-17,04:00:00,93.2684,93.4977,93.2347,93.4447,0,0
2014-10-17,05:00:00,93.443,93.443,93.2161,93.2161,0,0
2014-10-17,06:00:00,93.2112,93.2112,92.8329,92.8393,0,0
2014-10-17,07:00:00,92.8384,93.1105,92.7855,92.9384,0,0
2014-10-17,08:00:00,92.9527,92.9593,92.7419,92.8739,0,0
2014-10-17,09:00:00,92.8774,92.968,92.7819,92.9339,0,0
2014-10-17,10:00:00,92.9373,93.3858,92.8024,93.3586,0,0
2014-10-17,11:00:00,93.3604,93.6142,93.3103,93.6138,0,0
2014-10-17,12:00:00,93.6027,93.6027,93.3793,93.4491,0,0
2014-10-17,13:00:00,93.4491,93.7156,93.4491,93.5425,0,0
2014-10-17,14:00:00,93.5263,93.6568,93.476,93.5023,0,0
2014-10-17,15:00:00,93.4953,93.7155,93.4352,93.4657,0,0
2014-10-17,16:00:00,93.4455,93.5054,93.2748,93.343,0,0
2014-10-17,17:00:00,93.3323,93.5796,93.3213,93.356,0,0
2014-10-17,18:00:00,93.3615,93.5385,93.3375,93.4951,0,0
2014-10-17,19:00:00,93.4855,93.5666,93.4505,93.5126,0,0
2014-10-17,20:00:00,93.5161,93.5591,93.4577,93.5512,0,0
2014-10-17,21:00:00,93.5604,93.5604,93.3626,93.4528,0,0
2014-10-17,22:00:00,93.4619,93.7131,93.4213,93.6871,0,0
2014-10-17,23:00:00,93.6827,93.6853,93.6827,93.6853,0,0
2014-10-20,01:00:00,93.825,93.8525,93.7323,93.7323,0,0
2014-10-20,02:00:00,93.7274,93.9494,93.7274,93.8165,0,0
2014-10-20,03:00:00,93.8156,93.9862,93.7786,93.9424,0,0
2014-10-20,04:00:00,93.9408,94.1916,93.9297,94.1073,0,0
2014-10-20,05:00:00,94.1073,94.1939,93.9951,94.1428,0,0
2014-10-20,06:00:00,94.1438,94.2064,94.1082,94.199,0,0
2014-10-20,07:00:00,94.1998,94.2112,94.1305,94.1833,0,0
2014-10-20,08:00:00,94.185,94.1862,94.0558,94.0887,0,0
2014-10-20,09:00:00,94.0953,94.1185,93.8474,93.943,0,0
2014-10-20,10:00:00,93.9431,93.9431,93.7446,93.7779,0,0
2014-10-20,11:00:00,93.7948,93.8789,93.7185,93.7318,0,0
2014-10-20,12:00:00,93.721,93.9902,93.7151,93.9347,0,0
2014-10-20,13:00:00,93.9383,94.0122,93.7317,93.7456,0,0
2014-10-20,14:00:00,93.7342,93.7342,93.5872,93.6356,0,0
2014-10-20,15:00:00,93.6392,93.8884,93.6392,93.8368,0,0
2014-10-20,16:00:00,93.8369,93.8971,93.7247,93.8765,0,0
2014-10-20,17:00:00,93.8782,94.0239,93.8516,93.8739,0,0
2014-10-20,18:00:00,93.8747,93.8987,93.8008,93.8817,0,0
2014-10-20,19:00:00,93.8784,93.9373,93.8084,93.8542,0,0
2014-10-20,20:00:00,93.8481,93.9768,93.8481,93.9038,0,0
2014-10-20,21:00:00,93.9029,93.9859,93.8815,93.9172,0,0
2014-10-20,22:00:00,93.9172,94.0191,93.8982,93.9798,0,0
2014-10-20,23:00:00,93.9842,93.9902,93.8798,93.9215,0,0
2014-10-20,23:59:00,93.8977,93.9889,93.8736,93.897,0,0
2014-10-21,01:00:00,93.8904,94.0136,93.887,93.9768,0,0
2014-10-21,02:00:00,93.9718,94.0046,93.8016,93.8186,0,0
2014-10-21,03:00:00,93.8203,93.9337,93.7416,93.8171,0,0
2014-10-21,04:00:00,93.818,93.8267,93.5935,93.6088,0,0
2014-10-21,05:00:00,93.7474,94.1592,93.7245,93.9482,0,0
2014-10-21,06:00:00,93.949,93.9795,93.8047,93.8987,0,0
2014-10-21,07:00:00,93.8996,93.9918,93.7606,93.7736,0,0
2014-10-21,08:00:00,93.7767,93.8224,93.6753,93.8183,0,0
2014-10-21,09:00:00,93.8141,93.8725,93.5534,93.6025,0,0
2014-10-21,10:00:00,93.6042,93.94,93.604,93.8665,0,0
2014-10-21,11:00:00,93.8641,93.9294,93.7875,93.8134,0,0
2014-10-21,12:00:00,93.8101,94.1227,93.7694,94.1141,0,0
2014-10-21,13:00:00,94.1089,94.1773,94.0262,94.039,0,0
2014-10-21,14:00:00,94.0348,94.1819,94.0348,94.0951,0,0
2014-10-21,15:00:00,94.0978,94.1506,93.9917,94.1211,0,0
2014-10-21,16:00:00,94.1228,94.1757,93.9866,94.0647,0,0
2014-10-21,17:00:00,94.0701,94.1642,93.9252,93.9564,0,0
2014-10-21,18:00:00,93.974,93.9875,93.6654,93.8475,0,0
2014-10-21,19:00:00,93.8483,93.9441,93.7719,93.7791,0,0
2014-10-21,20:00:00,93.7791,93.8844,93.7717,93.8181,0,0
2014-10-21,21:00:00,93.808,93.854,93.725,93.8096,0,0
2014-10-21,22:00:00,93.7963,93.8924,93.7665,93.8609,0,0
2014-10-21,23:00:00,93.8465,93.9739,93.8298,93.9357,0,0
2014-10-21,23:59:00,93.9161,94.0607,93.8799,94.0022,0,0
2014-10-22,01:00:00,93.9957,93.9993,93.7885,93.7901,0,0
2014-10-22,02:00:00,93.7848,93.877,93.7728,93.8264,0,0
2014-10-22,03:00:00,93.8231,94.0103,93.5805,93.9121,0,0
2014-10-22,04:00:00,93.9104,93.9335,93.7837,93.8629,0,0
2014-10-22,05:00:00,93.8594,93.9741,93.842,93.946,0,0
2014-10-22,06:00:00,93.9452,93.9955,93.9126,93.9738,0,0
2014-10-22,07:00:00,93.9792,94.0298,93.9307,94.0207,0,0
2014-10-22,08:00:00,94.021,94.079,93.9527,93.9551,0,0
2014-10-22,09:00:00,93.9406,94.0146,93.8979,93.916,0,0
2014-10-22,10:00:00,93.9089,93.9302,93.766,93.8951,0,0
2014-10-22,11:00:00,93.8959,93.9212,93.7894,93.8944,0,0
2014-10-22,12:00:00,93.8888,93.9947,93.8872,93.9484,0,0
2014-10-22,13:00:00,93.9551,94.0346,93.9186,94.0092,0,0
2014-10-22,14:00:00,94.0124,94.1116,93.996,94.0753,0,0
2014-10-22,15:00:00,94.0744,94.1886,94.0426,94.0991,0,0
2014-10-22,16:00:00,94.0965,94.2455,94.0581,94.2026,0,0
2014-10-22,17:00:00,94.2047,94.3728,94.1453,94.3728,0,0
2014-10-22,18:00:00,94.3853,94.5567,94.326,94.3622,0,0
2014-10-22,19:00:00,94.3549,94.3773,94.1789,94.2449,0,0
2014-10-22,20:00:00,94.2484,94.3091,94.142,94.1454,0,0
2014-10-22,21:00:00,94.1454,94.19,94.0727,94.1289,0,0
2014-10-22,22:00:00,94.1266,94.167,93.981,93.9926,0,0
2014-10-22,23:00:00,94.0014,94.1056,93.9769,94.0344,0,0
2014-10-22,23:59:00,94.0449,94.0767,93.8322,93.9371,0,0
2014-10-23,01:00:00,93.9285,94.0869,93.9146,93.97,0,0
2014-10-23,02:00:00,93.965,94.007,93.8931,93.9244,0,0
2014-10-23,03:00:00,93.927,93.9971,93.7979,93.8177,0,0
2014-10-23,04:00:00,93.8177,94.0413,93.7997,93.8893,0,0
2014-10-23,05:00:00,93.8935,94.0765,93.8858,93.9871,0,0
2014-10-23,06:00:00,93.9871,94.0632,93.9523,93.97,0,0
2014-10-23,07:00:00,93.9692,94.0347,93.9143,93.9694,0,0
2014-10-23,08:00:00,93.966,93.9666,93.8997,93.9301,0,0
2014-10-23,09:00:00,93.9368,94.09,93.8994,94.0739,0,0
2014-10-23,10:00:00,94.0808,94.3037,93.9845,94.2217,0,0
2014-10-23,11:00:00,94.2359,94.5097,94.2359,94.4163,0,0
2014-10-23,12:00:00,94.4154,94.5026,94.3801,94.4533,0,0
2014-10-23,13:00:00,94.4565,94.4883,94.3403,94.3613,0,0
2014-10-23,14:00:00,94.3588,94.7213,94.3524,94.695,0,0
2014-10-23,15:00:00,94.6957,94.7564,94.6227,94.7117,0,0
2014-10-23,16:00:00,94.7188,94.7554,94.603,94.7137,0,0
2014-10-23,17:00:00,94.7102,94.7749,94.6107,94.7588,0,0
2014-10-23,18:00:00,94.7639,94.8907,94.7054,94.8755,0,0
2014-10-23,19:00:00,94.883,94.9274,94.7793,94.795,0,0
2014-10-23,20:00:00,94.7851,94.8644,94.745,94.8189,0,0
2014-10-23,21:00:00,94.8189,94.8855,94.7039,94.741,0,0
2014-10-23,22:00:00,94.7566,94.7793,94.6309,94.677,0,0
2014-10-23,23:00:00,94.6867,94.8572,94.6867,94.8317,0,0
2014-10-23,23:59:00,94.8286,94.8922,94.7677,94.8568,0,0
2014-10-24,01:00:00,94.8568,94.8568,94.771,94.7746,0,0
2014-10-24,02:00:00,94.7652,94.7711,94.6636,94.6962,0,0
2014-10-24,03:00:00,94.6863,94.6868,94.1197,94.2859,0,0
2014-10-24,04:00:00,94.2745,94.4544,94.1555,94.4544,0,0
2014-10-24,05:00:00,94.4514,94.5059,94.3779,94.3998,0,0
2014-10-24,06:00:00,94.4015,94.5975,94.3849,94.5371,0,0
2014-10-24,07:00:00,94.5379,94.6306,94.5147,94.5561,0,0
2014-10-24,08:00:00,94.5529,94.7538,94.5367,94.6262,0,0
2014-10-24,09:00:00,94.6279,94.6838,94.5691,94.6318,0,0
2014-10-24,10:00:00,94.6307,94.8943,94.6299,94.8859,0,0
2014-10-24,11:00:00,94.8859,94.9556,94.8396,94.9023,0,0
2014-10-24,12:00:00,94.9023,94.9354,94.8547,94.9195,0,0
2014-10-24,13:00:00,94.9144,94.9725,94.8997,94.9409,0,0
2014-10-24,14:00:00,94.9391,94.9709,94.7659,94.8355,0,0
2014-10-24,15:00:00,94.8362,95.2036,94.808,95.1478,0,0
2014-10-24,16:00:00,95.1514,95.2725,95.083,95.1995,0,0
2014-10-24,17:00:00,95.2094,95.2607,95.0679,95.168,0,0
2014-10-24,18:00:00,95.1579,95.2661,95.1433,95.207,0,0
2014-10-24,19:00:00,95.202,95.2327,95.0901,95.0901,0,0
2014-10-24,20:00:00,95.0858,95.189,95.0604,95.1523,0,0
2014-10-24,21:00:00,95.1506,95.2074,95.0595,95.0613,0,0
2014-10-24,22:00:00,95.0663,95.1419,95.0376,95.1073,0,0
2014-10-24,23:00:00,95.1079,95.1088,95.1079,95.1088,0,0
2014-10-27,01:00:00,95.2086,95.2634,95.1638,95.2383,0,0
2014-10-27,02:00:00,95.2388,95.3018,95.1655,95.1868,0,0
2014-10-27,03:00:00,95.1851,95.231,95.0142,95.1457,0,0
2014-10-27,04:00:00,95.1457,95.1913,95.0671,95.1778,0,0
2014-10-27,05:00:00,95.174,95.1798,95.0681,95.1689,0,0
2014-10-27,06:00:00,95.1803,95.1977,95.1253,95.1855,0,0
2014-10-27,07:00:00,95.1889,95.1951,95.112,95.1355,0,0
2014-10-27,08:00:00,95.1272,95.178,95.0106,95.0312,0,0
2014-10-27,09:00:00,95.027,95.1319,94.9875,94.9927,0,0
2014-10-27,10:00:00,94.9927,95.0073,94.8672,94.922,0,0
2014-10-27,11:00:00,94.9186,95.0752,94.8461,94.9978,0,0
2014-10-27,12:00:00,94.9996,95.0228,94.8537,94.8636,0,0
2014-10-27,13:00:00,94.8645,94.9785,94.7803,94.9136,0,0
2014-10-27,14:00:00,94.9116,94.9464,94.8145,94.8362,0,0
2014-10-27,15:00:00,94.838,94.8969,94.7746,94.8012,0,0
2014-10-27,16:00:00,94.8088,94.9298,94.7389,94.9113,0,0
2014-10-27,17:00:00,94.9121,94.9437,94.766,94.766,0,0
2014-10-27,18:00:00,94.7626,94.8896,94.7455,94.8233,0,0
2014-10-27,19:00:00,94.8241,94.9137,94.8241,94.8301,0,0
2014-10-27,20:00:00,94.8373,94.8738,94.8074,94.8438,0,0
2014-10-27,21:00:00,94.8438,94.8893,94.8142,94.8856,0,0
2014-10-27,22:00:00,94.8847,94.8953,94.8329,94.8865,0,0
2014-10-27,23:00:00,94.8865,94.9235,94.8318,94.9141,0,0
2014-10-27,23:59:00,94.9097,94.9219,94.8379,94.8379,0,0
2014-10-28,01:00:00,94.848,94.9481,94.8252,94.9437,0,0
2014-10-28,02:00:00,94.9572,95.1209,94.9214,95.12,0,0
2014-10-28,03:00:00,95.1192,95.1825,95.0735,95.0936,0,0
2014-10-28,04:00:00,95.1007,95.1058,95.0285,95.0335,0,0
2014-10-28,05:00:00,95.0343,95.1669,95.0258,95.0922,0,0
2014-10-28,06:00:00,95.0879,95.1172,95.0562,95.0917,0,0
2014-10-28,07:00:00,95.0908,95.1085,95.0279,95.0548,0,0
2014-10-28,08:00:00,95.0464,95.114,95.0356,95.0791,0,0
2014-10-28,09:00:00,95.0835,95.3071,95.0767,95.1986,0,0
2014-10-28,10:00:00,95.1889,95.3358,95.1889,95.2556,0,0
2014-10-28,11:00:00,95.2526,95.3952,95.2112,95.3952,0,0
2014-10-28,12:00:00,95.403,95.4978,95.3453,95.47,0,0
2014-10-28,13:00:00,95.478,95.5936,95.4523,95.5738,0,0
2014-10-28,14:00:00,95.5711,95.6848,95.438,95.5583,0,0
2014-10-28,15:00:00,95.5684,95.6593,95.5437,95.597,0,0
2014-10-28,16:00:00,95.5864,95.6647,95.5088,95.5313,0,0
2014-10-28,17:00:00,95.5294,95.6066,95.516,95.5491,0,0
2014-10-28,18:00:00,95.5448,95.6987,95.5363,95.6839,0,0
2014-10-28,19:00:00,95.6814,95.7251,95.64,95.7084,0,0
2014-10-28,20:00:00,95.7042,95.7377,95.6449,95.713,0,0
2014-10-28,21:00:00,95.713,95.8236,95.6941,95.8035,0,0
2014-10-28,22:00:00,95.8085,95.8289,95.7473,95.7571,0,0
2014-10-28,23:00:00,95.7302,95.7913,95.6811,95.7021,0,0
2014-10-28,23:59:00,95.7021,95.7373,95.662,95.6884,0,0
2014-10-29,01:00:00,95.6875,95.8272,95.6867,95.7875,0,0
2014-10-29,02:00:00,95.7992,95.8803,95.7649,95.8486,0,0
2014-10-29,03:00:00,95.8464,95.9008,95.7796,95.8553,0,0
2014-10-29,04:00:00,95.8499,95.8975,95.8341,95.8405,0,0
2014-10-29,05:00:00,95.8432,95.8845,95.8312,95.873,0,0
2014-10-29,06:00:00,95.8687,95.8794,95.8341,95.8794,0,0
2014-10-29,07:00:00,95.8786,95.8959,95.821,95.821,0,0
2014-10-29,08:00:00,95.8236,95.8721,95.709,95.709,0,0
2014-10-29,09:00:00,95.7089,95.9196,95.7089,95.8925,0,0
2014-10-29,10:00:00,95.8959,95.9295,95.8104,95.8332,0,0
2014-10-29,11:00:00,95.8298,95.998,95.8298,95.9539,0,0
2014-10-29,12:00:00,95.9538,95.9993,95.9082,95.9816,0,0
2014-10-29,13:00:00,95.9877,96.1075,95.951,96.1047,0,0
2014-10-29,14:00:00,96.1029,96.1436,96.0724,96.1238,0,0
2014-10-29,15:00:00,96.1292,96.1915,96.0853,96.1324,0,0
2014-10-29,16:00:00,96.143,96.2754,96.0962,96.1691,0,0
2014-10-29,17:00:00,96.1743,96.2403,96.0734,96.2403,0,0
2014-10-29,18:00:00,96.2362,96.2362,96.1183,96.1851,0,0
2014-10-29,19:00:00,96.1842,96.1875,95.9074,96.0021,0,0
2014-10-29,20:00:00,95.9846,95.9846,95.5398,95.7587,0,0
2014-10-29,21:00:00,95.7638,95.7993,95.6115,95.7711,0,0
2014-10-29,22:00:00,95.7803,95.8073,95.5636,95.7896,0,0
2014-10-29,23:00:00,95.7778,95.7795,95.6204,95.68,0,0
2014-10-29,23:59:00,95.6804,95.7571,95.6029,95.6045,0,0
2014-10-30,01:00:00,95.607,95.6326,95.3842,95.4325,0,0
2014-10-30,02:00:00,95.4324,95.676,95.4244,95.6374,0,0
2014-10-30,03:00:00,95.6323,95.7112,95.5085,95.7095,0,0
2014-10-30,04:00:00,95.7095,95.7532,95.6093,95.6587,0,0
2014-10-30,05:00:00,95.6646,95.6848,95.5777,95.6007,0,0
2014-10-30,06:00:00,95.6007,95.6497,95.5788,95.6019,0,0
2014-10-30,07:00:00,95.6136,95.6751,95.5425,95.6143,0,0
2014-10-30,08:00:00,95.6202,95.7285,95.595,95.7207,0,0
2014-10-30,09:00:00,95.7189,95.7701,95.6664,95.7112,0,0
2014-10-30,10:00:00,95.7129,95.8975,95.7068,95.8951,0,0
2014-10-30,11:00:00,95.8977,95.9727,95.8067,95.9039,0,0
2014-10-30,12:00:00,95.8993,95.9676,95.7983,95.874,0,0
2014-10-30,13:00:00,95.8697,95.8814,95.7385,95.7701,0,0
2014-10-30,14:00:00,95.7708,95.9969,95.7095,95.9551,0,0
2014-10-30,15:00:00,95.9581,95.9708,95.8429,95.8989,0,0
2014-10-30,16:00:00,95.9012,96.1032,95.8658,96.0979,0,0
2014-10-30,17:00:00,96.108,96.1543,95.9714,96.1332,0,0
2014-10-30,18:00:00,96.1309,96.2671,96.1158,96.2328,0,0
2014-10-30,19:00:00,96.2328,96.5862,96.2278,96.5453,0,0
2014-10-30,20:00:00,96.5463,96.6819,96.5081,96.5353,0,0
2014-10-30,21:00:00,96.5344,96.5414,96.4225,96.4968,0,0
2014-10-30,22:00:00,96.4978,96.5262,96.4123,96.4683,0,0
2014-10-30,23:00:00,96.4328,96.6427,96.4245,96.5748,0,0
2014-10-30,23:59:00,96.5722,96.6227,96.4775,96.5162,0,0
2014-10-31,01:00:00,96.5195,96.5528,96.3423,96.4137,0,0
2014-10-31,02:00:00,96.4101,96.4471,96.3472,96.3817,0,0
2014-10-31,03:00:00,96.3861,96.532,96.3831,96.5106,0,0
2014-10-31,04:00:00,96.5106,96.562,96.4518,96.4774,0,0
2014-10-31,05:00:00,96.4748,96.5765,96.4547,96.5237,0,0
2014-10-31,06:00:00,96.5288,97.0344,96.4748,97.0004,0,0
2014-10-31,07:00:00,97.0205,97.6098,97.0142,97.5339,0,0
2014-10-31,08:00:00,97.4783,97.8943,97.4043,97.8103,0,0
2014-10-31,09:00:00,97.7963,98.2235,97.7876,97.9876,0,0
2014-10-31,10:00:00,97.9876,98.306,97.8765,98.2847,0,0
2014-10-31,11:00:00,98.2915,98.3923,98.2308,98.372,0,0
2014-10-31,12:00:00,98.3956,98.6507,98.3704,98.6197,0,0
2014-10-31,13:00:00,98.6232,98.7133,98.4232,98.5448,0,0
2014-10-31,14:00:00,98.5385,98.7489,98.3233,98.4032,0,0
2014-10-31,15:00:00,98.3593,98.4481,98.2815,98.3563,0,0
2014-10-31,16:00:00,98.3614,98.5951,98.2965,98.5188,0,0
2014-10-31,17:00:00,98.5111,98.696,98.4945,98.5268,0,0
2014-10-31,18:00:00,98.5293,98.6773,98.4671,98.6447,0,0
2014-10-31,19:00:00,98.6421,98.6421,98.4775,98.5958,0,0
2014-10-31,20:00:00,98.5958,98.7661,98.5678,98.7617,0,0
2014-10-31,21:00:00,98.7626,98.8514,98.6451,98.8149,0,0
2014-10-31,22:00:00,98.8175,98.8544,98.7452,98.7767,0,0
2014-10-31,23:00:00,98.7599,98.7599,98.7599,98.7599,0,0
2014-11-03,01:00:00,98.9149,98.9392,98.6776,98.7372,0,0
2014-11-03,02:00:00,98.739,98.7492,98.252,98.252,0,0
2014-11-03,03:00:00,98.2528,98.3341,98.1315,98.2367,0,0
2014-11-03,04:00:00,98.2393,98.3266,98.1969,98.319,0,0
2014-11-03,05:00:00,98.3207,98.4105,98.2828,98.376,0,0
2014-11-03,06:00:00,98.3683,98.5099,98.3561,98.4748,0,0
2014-11-03,07:00:00,98.4731,98.5082,98.4358,98.4762,0,0
2014-11-03,08:00:00,98.4718,98.5752,98.4632,98.5416,0,0
2014-11-03,09:00:00,98.5424,98.5794,98.4729,98.5648,0,0
2014-11-03,10:00:00,98.5665,98.7373,98.5512,98.6519,0,0
2014-11-03,11:00:00,98.6485,98.7366,98.6116,98.705,0,0
2014-11-03,12:00:00,98.7084,98.9959,98.693,98.957,0,0
2014-11-03,13:00:00,98.9535,99.0943,98.8712,99.0774,0,0
2014-11-03,14:00:00,99.0792,99.1125,98.9907,99.0761,0,0
2014-11-03,15:00:00,99.0503,99.1886,99.0166,99.1582,0,0
2014-11-03,16:00:00,99.1496,99.1743,98.9737,98.9771,0,0
2014-11-03,17:00:00,98.9788,99.3813,98.9691,99.3813,0,0
2014-11-03,18:00:00,99.3699,99.3872,98.9907,99.1014,0,0
2014-11-03,19:00:00,99.1031,99.1223,98.9695,99.0645,0,0
2014-11-03,20:00:00,99.061,99.0655,98.94,98.9463,0,0
2014-11-03,21:00:00,98.948,98.9672,98.7458,98.8015,0,0
2014-11-03,22:00:00,98.8032,98.8959,98.7837,98.866,0,0
2014-11-03,23:00:00,98.866,99.0422,98.8172,98.9767,0,0
2014-11-03,23:59:00,98.9775,98.9775,98.7899,98.854,0,0
2014-11-04,01:00:00,98.8453,98.9312,98.7691,98.8009,0,0
2014-11-04,02:00:00,98.8069,98.9332,98.2944,98.574,0,0
2014-11-04,03:00:00,98.5723,98.7295,98.5617,98.7027,0,0
2014-11-04,04:00:00,98.7036,98.8753,98.621,98.7811,0,0
2014-11-04,05:00:00,98.7845,99.193,98.701,99.1081,0,0
2014-11-04,06:00:00,99.1064,99.1747,98.9616,98.9719,0,0
2014-11-04,07:00:00,98.9762,98.998,98.9019,98.9197,0,0
2014-11-04,08:00:00,98.9293,99.1103,98.8857,99.1103,0,0
2014-11-04,09:00:00,99.1199,99.1465,98.9559,98.9803,0,0
2014-11-04,10:00:00,98.9786,99.1432,98.9606,99.1178,0,0
2014-11-04,11:00:00,99.1187,99.152,98.9784,99.0564,0,0
2014-11-04,12:00:00,99.0581,99.1213,98.9407,99.0394,0,0
2014-11-04,13:00:00,99.0429,99.132,99.028,99.1102,0,0
2014-11-04,14:00:00,99.1198,99.1224,98.9614,98.9614,0,0
2014-11-04,15:00:00,98.9631,99.075,98.8755,99.042,0,0
2014-11-04,16:00:00,99.0464,99.1057,99.0008,99.0995,0,0
2014-11-04,17:00:00,99.0761,99.0926,98.8373,98.8569,0,0
2014-11-04,18:00:00,98.8577,99.0901,98.8122,99.0007,0,0
2014-11-04,19:00:00,98.9929,99.1443,98.9912,99.1129,0,0
2014-11-04,20:00:00,99.1103,99.1945,99.0113,99.1771,0,0
2014-11-04,21:00:00,99.178,99.284,99.1025,99.284,0,0
2014-11-04,22:00:00,99.2797,99.3149,99.2442,99.3098,0,0
2014-11-04,23:00:00,99.3081,99.3081,99.1916,99.2381,0,0
2014-11-04,23:59:00,99.2477,99.3423,99.1309,99.2805,0,0
2014-11-05,01:00:00,99.2927,99.3786,99.2331,99.2637,0,0
2014-11-05,02:00:00,99.2689,99.384,99.1929,99.3365,0,0
2014-11-05,03:00:00,99.3278,99.3278,99.1677,99.3006,0,0
2014-11-05,04:00:00,99.298,99.4809,99.2945,99.3999,0,0
2014-11-05,05:00:00,99.4017,99.4977,99.3703,99.4794,0,0
2014-11-05,06:00:00,99.4829,99.6158,99.4361,99.5625,0,0
2014-11-05,07:00:00,99.5634,99.7034,99.5122,99.7034,0,0
2014-11-05,08:00:00,99.6999,99.7043,99.1747,99.2792,0,0
2014-11-05,09:00:00,99.2741,99.5334,99.2568,99.4602,0,0
2014-11-05,10:00:00,99.461,99.5061,99.2231,99.2231,0,0
2014-11-05,11:00:00,99.2301,99.3424,99.1068,99.2049,0,0
2014-11-05,12:00:00,99.1997,99.1997,98.6127,98.8113,0,0
2014-11-05,13:00:00,98.8164,98.8663,98.672,98.672,0,0
2014-11-05,14:00:00,98.6764,98.8595,98.6738,98.7999,0,0
2014-11-05,15:00:00,98.7982,98.8432,98.638,98.8025,0,0
2014-11-05,16:00:00,98.8087,98.8335,98.5138,98.5907,0,0
2014-11-05,17:00:00,98.5529,98.5811,98.2215,98.3701,0,0
2014-11-05,18:00:00,98.3626,98.4709,98.3227,98.4641,0,0
2014-11-05,19:00:00,98.4565,98.4759,98.2307,98.3645,0,0
2014-11-05,20:00:00,98.3654,98.4499,98.2784,98.3159,0,0
2014-11-05,21:00:00,98.3134,98.4541,98.278,98.4102,0,0
2014-11-05,22:00:00,98.4001,98.6029,98.4001,98.5977,0,0
2014-11-05,23:00:00,98.602,98.6052,98.5142,98.5312,0,0
2014-11-05,23:59:00,98.5252,98.5585,98.3202,98.343,0,0
2014-11-06,01:00:00,98.3421,98.4032,98.195,98.3479,0,0
2014-11-06,02:00:00,98.3488,98.6265,98.0545,98.157,0,0
2014-11-06,03:00:00,98.1451,98.6425,98.1449,98.5941,0,0
2014-11-06,04:00:00,98.5975,98.6953,98.4539,98.6282,0,0
2014-11-06,05:00:00,98.629,98.8288,98.6264,98.776,0,0
2014-11-06,06:00:00,98.7751,98.776,98.2994,98.4694,0,0
2014-11-06,07:00:00,98.4618,98.5702,98.3184,98.463,0,0
2014-11-06,08:00:00,98.4842,98.6418,98.4372,98.4763,0,0
2014-11-06,09:00:00,98.4584,98.6919,98.4344,98.589,0,0
2014-11-06,10:00:00,98.5916,98.7703,98.5495,98.7429,0,0
2014-11-06,11:00:00,98.7472,98.7627,98.6379,98.6998,0,0
2014-11-06,12:00:00,98.7041,98.7575,98.6214,98.6951,0,0
2014-11-06,13:00:00,98.7063,98.7156,98.6054,98.7084,0,0
2014-11-06,14:00:00,98.7127,98.7425,98.6633,98.7069,0,0
2014-11-06,15:00:00,98.713,98.8539,98.5547,98.6473,0,0
2014-11-06,16:00:00,98.6328,98.7245,98.521,98.6213,0,0
2014-11-06,17:00:00,98.6197,98.6202,98.2355,98.5396,0,0
2014-11-06,18:00:00,98.5414,98.6384,98.4739,98.551,0,0
2014-11-06,19:00:00,98.5502,98.5508,98.3632,98.3858,0,0
2014-11-06,20:00:00,98.385,98.5886,98.3728,98.5582,0,0
2014-11-06,21:00:00,98.5582,98.5762,98.4851,98.5223,0,0
2014-11-06,22:00:00,98.5214,98.6491,98.5024,98.6204,0,0
2014-11-06,23:00:00,98.6187,98.6513,98.5248,98.5887,0,0
2014-11-06,23:59:00,98.5896,98.7027,98.562,98.5999,0,0
2014-11-07,01:00:00,98.6032,98.7195,98.5598,98.6105,0,0
2014-11-07,02:00:00,98.613,98.7054,98.4832,98.6007,0,0
2014-11-07,03:00:00,98.6074,98.6806,98.5805,98.6347,0,0
2014-11-07,04:00:00,98.6338,98.6992,98.57,98.6626,0,0
2014-11-07,05:00:00,98.6753,98.6753,98.5684,98.6472,0,0
2014-11-07,06:00:00,98.6447,98.6785,98.5214,98.6355,0,0
2014-11-07,07:00:00,98.6329,98.7512,98.5814,98.635,0,0
2014-11-07,08:00:00,98.6538,98.7672,98.6309,98.7343,0,0
2014-11-07,09:00:00,98.7402,98.8722,98.6813,98.8338,0,0
2014-11-07,10:00:00,98.8347,98.9724,98.808,98.969,0,0
2014-11-07,11:00:00,98.9766,99.0314,98.9301,99.0195,0,0
2014-11-07,12:00:00,99.0229,99.089,98.9562,99.0528,0,0
2014-11-07,13:00:00,99.0622,99.0665,98.952,99.0423,0,0
2014-11-07,14:00:00,99.0474,99.0969,98.9309,99.0934,0,0
2014-11-07,15:00:00,99.0883,99.1827,98.8477,99.0135,0,0
2014-11-07,16:00:00,99.0143,99.1172,98.8584,98.8699,0,0
2014-11-07,17:00:00,98.8864,99.0022,98.7593,98.9848,0,0
2014-11-07,18:00:00,98.9831,99.0054,98.8512,98.8787,0,0
2014-11-07,19:00:00,98.8813,98.9688,98.8422,98.9286,0,0
2014-11-07,20:00:00,98.9132,98.9318,98.7456,98.818,0,0
2014-11-07,21:00:00,98.824,98.9359,98.7854,98.9161,0,0
2014-11-07,22:00:00,98.9093,98.9668,98.8123,98.9364,0,0
2014-11-07,23:00:00,98.9296,98.9296,98.9296,98.9296,0,0
2014-11-10,01:00:00,98.9027,99.0778,98.8872,98.9862,0,0
2014-11-10,02:00:00,98.9637,98.9767,98.8122,98.8888,0,0
2014-11-10,03:00:00,98.8888,99.0645,98.8851,98.9921,0,0
2014-11-10,04:00:00,99.029,99.0562,98.9613,99.0155,0,0
2014-11-10,05:00:00,99.0173,99.0703,98.9837,99.0513,0,0
2014-11-10,06:00:00,99.053,99.0832,98.9734,98.9794,0,0
2014-11-10,07:00:00,98.9794,99.005,98.8654,98.9895,0,0
2014-11-10,08:00:00,98.9895,99.036,98.8862,98.9342,0,0
2014-11-10,09:00:00,98.9211,98.9834,98.7666,98.8578,0,0
2014-11-10,10:00:00,98.8665,98.9785,98.8332,98.8799,0,0
2014-11-10,11:00:00,98.8764,98.9712,98.8676,98.9421,0,0
2014-11-10,12:00:00,98.9421,98.9665,98.8906,98.9465,0,0
2014-11-10,13:00:00,98.9482,98.9538,98.8632,98.9156,0,0
2014-11-10,14:00:00,98.9233,98.9732,98.8642,98.9428,0,0
2014-11-10,15:00:00,98.9461,99.0671,98.9284,99.0219,0,0
2014-11-10,16:00:00,99.0219,99.12,98.9901,99.108,0,0
2014-11-10,17:00:00,99.108,99.1461,98.9779,99.0505,0,0
2014-11-10,18:00:00,99.0659,99.096,98.9876,98.9876,0,0
2014-11-10,19:00:00,98.9884,99.0261,98.9616,98.9768,0,0
2014-11-10,20:00:00,98.9718,99.0194,98.9385,98.9472,0,0
2014-11-10,21:00:00,98.9599,98.9833,98.8927,98.9586,0,0
2014-11-10,22:00:00,98.9867,98.991,98.9115,98.9453,0,0
2014-11-10,23:00:00,98.9496,99.0397,98.9171,99.0104,0,0
2014-11-10,23:59:00,98.9752,99.0135,98.9393,98.9931,0,0
2014-11-11,01:00:00,98.9871,99.0781,98.9871,98.9894,0,0
2014-11-11,02:00:00,98.9909,99.151,98.9806,99.1267,0,0
2014-11-11,03:00:00,99.1198,99.2012,99.101,99.1385,0,0
2014-11-11,04:00:00,99.147,99.2356,99.1102,99.1969,0,0
2014-11-11,05:00:00,99.1926,99.3353,99.1781,99.2987,0,0
2014-11-11,06:00:00,99.3004,99.4559,99.284,99.3586,0,0
2014-11-11,07:00:00,99.3586,99.4137,99.3417,99.3967,0,0
2014-11-11,08:00:00,99.4242,99.44,99.3245,99.3741,0,0
2014-11-11,09:00:00,99.3739,99.6471,99.3371,99.6223,0,0
2014-11-11,10:00:00,99.6274,99.6781,99.5424,99.5563,0,0
2014-11-11,11:00:00,99.5358,99.8057,99.53,99.7677,0,0
2014-11-11,12:00:00,99.7625,99.9285,99.7556,99.8958,0,0
2014-11-11,13:00:00,99.8958,100.067,99.8958,100.063,0,0
2014-11-11,14:00:00,100.047,100.093,100.008,100.016,0,0
2014-11-11,15:00:00,100.017,100.094,99.9127,100.051,0,0
2014-11-11,16:00:00,100.069,100.107,99.9836,100.034,0,0
2014-11-11,17:00:00,100.039,100.288,100.035,100.266,0,0
2014-11-11,18:00:00,100.277,100.417,100.155,100.259,0,0
2014-11-11,19:00:00,100.253,100.412,100.186,100.35,0,0
2014-11-11,20:00:00,100.354,100.459,100.33,100.366,0,0
2014-11-11,21:00:00,100.361,100.446,100.225,100.401,0,0
2014-11-11,22:00:00,100.395,100.432,100.325,100.415,0,0
2014-11-11,23:00:00,100.396,100.676,100.358,100.542,0,0
2014-11-11,23:59:00,100.545,100.778,100.485,100.657,0,0
2014-11-12,01:00:00,100.657,100.806,100.541,100.73,0,0
2014-11-12,02:00:00,100.736,100.736,100.476,100.533,0,0
2014-11-12,03:00:00,100.533,100.597,100.43,100.484,0,0
2014-11-12,04:00:00,100.468,100.536,100.225,100.334,0,0
2014-11-12,05:00:00,100.334,100.534,100.31,100.487,0,0
2014-11-12,06:00:00,100.491,100.575,100.263,100.276,0,0
2014-11-12,07:00:00,100.274,100.348,100.116,100.162,0,0
2014-11-12,08:00:00,100.149,100.262,100.079,100.258,0,0
2014-11-12,09:00:00,100.281,100.459,100.157,100.425,0,0
2014-11-12,10:00:00,100.422,100.468,100.278,100.331,0,0
2014-11-12,11:00:00,100.307,100.396,100.245,100.264,0,0
2014-11-12,12:00:00,100.307,100.502,100.298,100.494,0,0
2014-11-12,13:00:00,100.467,100.514,100.358,100.429,0,0
2014-11-12,14:00:00,100.427,100.49,100.339,100.364,0,0
2014-11-12,15:00:00,100.362,100.362,100.13,100.348,0,0
2014-11-12,16:00:00,100.376,100.468,100.328,100.466,0,0
2014-11-12,17:00:00,100.467,100.619,100.461,100.549,0,0
2014-11-12,18:00:00,100.557,100.813,100.519,100.808,0,0
2014-11-12,19:00:00,100.808,100.832,100.663,100.672,0,0
2014-11-12,20:00:00,100.671,100.771,100.655,100.771,0,0
2014-11-12,21:00:00,100.767,100.79,100.65,100.7,0,0
2014-11-12,22:00:00,100.698,100.779,100.648,100.765,0,0
2014-11-12,23:00:00,100.771,100.79,100.633,100.633,0,0
2014-11-12,23:59:00,100.633,100.726,100.595,100.689,0,0
2014-11-13,01:00:00,100.683,100.745,100.596,100.664,0,0
2014-11-13,02:00:00,100.67,100.728,100.618,100.675,0,0
2014-11-13,03:00:00,100.668,100.897,100.664,100.869,0,0
2014-11-13,04:00:00,100.869,100.901,100.276,100.508,0,0
2014-11-13,05:00:00,100.508,100.715,100.439,100.658,0,0
2014-11-13,06:00:00,100.665,100.697,100.566,100.659,0,0
2014-11-13,07:00:00,100.646,100.752,100.592,100.733,0,0
2014-11-13,08:00:00,100.697,100.858,100.685,100.759,0,0
2014-11-13,09:00:00,100.761,100.866,100.749,100.822,0,0
2014-11-13,10:00:00,100.813,100.983,100.776,100.959,0,0
2014-11-13,11:00:00,100.959,101.006,100.887,101.006,0,0
2014-11-13,12:00:00,101.004,101.194,100.973,101.149,0,0
2014-11-13,13:00:00,101.161,101.203,101.07,101.099,0,0
2014-11-13,14:00:00,101.1,101.147,101.064,101.092,0,0
2014-11-13,15:00:00,101.083,101.085,100.889,100.925,0,0
2014-11-13,16:00:00,100.924,101.111,100.895,101.094,0,0
2014-11-13,17:00:00,101.094,101.185,101.026,101.167,0,0
2014-11-13,18:00:00,101.168,101.187,100.886,100.917,0,0
2014-11-13,19:00:00,100.917,100.982,100.882,100.887,0,0
2014-11-13,20:00:00,100.905,100.905,100.734,100.85,0,0
2014-11-13,21:00:00,100.852,100.96,100.779,100.905,0,0
2014-11-13,22:00:00,100.905,100.944,100.853,100.899,0,0
2014-11-13,23:00:00,100.887,100.973,100.859,100.927,0,0
2014-11-13,23:59:00,100.927,100.927,100.798,100.82,0,0
2014-11-14,01:00:00,100.82,100.887,100.769,100.827,0,0
2014-11-14,02:00:00,100.827,101.001,100.802,100.983,0,0
2014-11-14,03:00:00,100.982,100.985,100.784,100.844,0,0
2014-11-14,04:00:00,100.845,100.91,100.827,100.854,0,0
2014-11-14,05:00:00,100.861,100.982,100.811,100.838,0,0
2014-11-14,06:00:00,100.838,101.004,100.802,100.855,0,0
2014-11-14,07:00:00,100.852,100.923,100.812,100.901,0,0
2014-11-14,08:00:00,100.964,100.99,100.895,100.939,0,0
2014-11-14,09:00:00,100.948,101.166,100.931,101.12,0,0
2014-11-14,10:00:00,101.098,101.101,100.963,101.065,0,0
2014-11-14,11:00:00,101.065,101.288,101.051,101.286,0,0
2014-11-14,12:00:00,101.29,101.408,101.221,101.338,0,0
2014-11-14,13:00:00,101.344,101.344,101.176,101.228,0,0
2014-11-14,14:00:00,101.231,101.261,101.128,101.131,0,0
2014-11-14,15:00:00,101.104,101.216,101.019,101.089,0,0
2014-11-14,16:00:00,101.1,101.157,101.067,101.076,0,0
2014-11-14,17:00:00,101.076,101.696,101.076,101.676,0,0
2014-11-14,18:00:00,101.672,101.854,101.584,101.788,0,0
2014-11-14,19:00:00,101.83,101.896,101.691,101.714,0,0
2014-11-14,20:00:00,101.691,101.733,101.648,101.685,0,0
2014-11-14,21:00:00,101.679,101.776,101.642,101.773,0,0
2014-11-14,22:00:00,101.773,101.85,101.763,101.834,0,0
2014-11-14,23:00:00,101.833,101.833,101.833,101.833,0,0
2014-11-17,01:00:00,102.078,102.392,102.011,102.296,0,0
2014-11-17,02:00:00,102.28,102.28,101.938,101.979,0,0
2014-11-17,03:00:00,101.977,101.977,101.75,101.932,0,0
2014-11-17,04:00:00,101.891,101.903,101.521,101.78,0,0
2014-11-17,05:00:00,101.76,101.811,101.646,101.784,0,0
2014-11-17,06:00:00,101.79,101.811,101.656,101.748,0,0
2014-11-17,07:00:00,101.752,101.761,101.461,101.575,0,0
2014-11-17,08:00:00,101.575,101.669,101.515,101.545,0,0
2014-11-17,09:00:00,101.532,101.703,101.478,101.684,0,0
2014-11-17,10:00:00,101.678,101.762,101.629,101.648,0,0
2014-11-17,11:00:00,101.653,101.676,101.258,101.286,0,0
2014-11-17,12:00:00,101.303,101.488,101.287,101.473,0,0
2014-11-17,13:00:00,101.473,101.624,101.437,101.565,0,0
2014-11-17,14:00:00,101.547,101.548,101.456,101.496,0,0
2014-11-17,15:00:00,101.496,101.539,101.382,101.458,0,0
2014-11-17,16:00:00,101.458,101.467,101.276,101.347,0,0
2014-11-17,17:00:00,101.36,101.448,101.298,101.413,0,0
2014-11-17,18:00:00,101.444,101.5,101.371,101.491,0,0
2014-11-17,19:00:00,101.491,101.578,101.48,101.48,0,0
2014-11-17,20:00:00,101.462,101.533,101.446,101.481,0,0
2014-11-17,21:00:00,101.481,101.516,101.427,101.432,0,0
2014-11-17,22:00:00,101.432,101.477,101.41,101.41,0,0
2014-11-17,23:00:00,101.417,101.594,101.417,101.581,0,0
2014-11-17,23:59:00,101.581,101.645,101.476,101.48,0,0
2014-11-18,01:00:00,101.467,101.644,101.467,101.553,0,0
2014-11-18,02:00:00,101.553,101.788,101.537,101.678,0,0
2014-11-18,03:00:00,101.68,101.692,101.561,101.627,0,0
2014-11-18,04:00:00,101.63,101.72,101.601,101.689,0,0
2014-11-18,05:00:00,101.689,101.755,101.652,101.708,0,0
2014-11-18,06:00:00,101.703,101.759,101.633,101.668,0,0
2014-11-18,07:00:00,101.674,101.713,101.622,101.661,0,0
2014-11-18,08:00:00,101.657,101.741,101.644,101.703,0,0
2014-11-18,09:00:00,101.696,101.85,101.689,101.794,0,0
2014-11-18,10:00:00,101.794,102.038,101.671,102.038,0,0
2014-11-18,11:00:00,102.034,102.229,101.784,101.816,0,0
2014-11-18,12:00:00,101.816,101.921,101.351,101.612,0,0
2014-11-18,13:00:00,101.61,101.757,101.572,101.7,0,0
2014-11-18,14:00:00,101.703,101.71,101.522,101.585,0,0
2014-11-18,15:00:00,101.586,101.684,101.507,101.645,0,0
2014-11-18,16:00:00,101.644,101.766,101.614,101.66,0,0
2014-11-18,17:00:00,101.664,101.84,101.661,101.84,0,0
2014-11-18,18:00:00,101.826,101.916,101.78,101.852,0,0
2014-11-18,19:00:00,101.863,101.949,101.841,101.941,0,0
2014-11-18,20:00:00,101.939,101.978,101.918,101.956,0,0
2014-11-18,21:00:00,101.954,102.032,101.926,102.002,0,0
2014-11-18,22:00:00,102.028,102.102,101.989,102.021,0,0
2014-11-18,23:00:00,102.021,102.032,101.879,101.88,0,0
2014-11-18,23:59:00,101.88,101.955,101.816,101.889,0,0
2014-11-19,01:00:00,101.902,102.015,101.759,101.783,0,0
2014-11-19,02:00:00,101.785,101.937,101.69,101.716,0,0
2014-11-19,03:00:00,101.719,101.733,101.47,101.733,0,0
2014-11-19,04:00:00,101.734,101.758,101.582,101.587,0,0
2014-11-19,05:00:00,101.587,101.674,101.467,101.61,0,0
2014-11-19,06:00:00,101.605,101.717,101.599,101.646,0,0
2014-11-19,07:00:00,101.654,101.668,101.538,101.625,0,0
2014-11-19,08:00:00,101.62,101.726,101.613,101.683,0,0
2014-11-19,09:00:00,101.698,101.797,101.564,101.653,0,0
2014-11-19,10:00:00,101.653,101.704,101.528,101.586,0,0
2014-11-19,11:00:00,101.556,101.566,101.342,101.453,0,0
2014-11-19,12:00:00,101.454,101.658,101.453,101.605,0,0
2014-11-19,13:00:00,101.611,101.652,101.527,101.652,0,0
2014-11-19,14:00:00,101.654,101.669,101.471,101.536,0,0
2014-11-19,15:00:00,101.525,101.727,101.503,101.715,0,0
2014-11-19,16:00:00,101.715,101.749,101.608,101.611,0,0
2014-11-19,17:00:00,101.618,101.618,101.434,101.543,0,0
2014-11-19,18:00:00,101.522,101.601,101.479,101.482,0,0
2014-11-19,19:00:00,101.479,101.556,101.452,101.52,0,0
2014-11-19,20:00:00,101.532,101.558,101.464,101.53,0,0
2014-11-19,21:00:00,101.475,101.757,101.427,101.545,0,0
2014-11-19,22:00:00,101.552,101.684,101.491,101.632,0,0
2014-11-19,23:00:00,101.631,101.708,101.61,101.655,0,0
2014-11-19,23:59:00,101.655,101.766,101.573,101.631,0,0
2014-11-20,01:00:00,101.631,101.76,101.561,101.633,0,0
2014-11-20,02:00:00,101.643,101.756,101.587,101.663,0,0
2014-11-20,03:00:00,101.665,101.789,101.479,101.691,0,0
2014-11-20,04:00:00,101.718,101.789,101.637,101.73,0,0
2014-11-20,05:00:00,101.73,101.8,101.723,101.777,0,0
2014-11-20,06:00:00,101.775,101.851,101.633,101.809,0,0
2014-11-20,07:00:00,101.795,101.965,101.776,101.945,0,0
2014-11-20,08:00:00,101.945,101.945,101.841,101.92,0,0
2014-11-20,09:00:00,101.917,102.018,101.689,101.71,0,0
2014-11-20,10:00:00,101.696,101.948,101.591,101.895,0,0
2014-11-20,11:00:00,101.896,101.906,101.756,101.829,0,0
2014-11-20,12:00:00,101.841,101.921,101.792,101.865,0,0
2014-11-20,13:00:00,101.865,101.872,101.658,101.771,0,0
2014-11-20,14:00:00,101.769,101.89,101.738,101.806,0,0
2014-11-20,15:00:00,101.802,101.802,101.599,101.609,0,0
2014-11-20,16:00:00,101.609,101.728,101.448,101.695,0,0
2014-11-20,17:00:00,101.695,101.892,101.682,101.861,0,0
2014-11-20,18:00:00,101.861,101.861,101.696,101.709,0,0
2014-11-20,19:00:00,101.721,101.773,101.682,101.753,0,0
2014-11-20,20:00:00,101.756,101.863,101.701,101.857,0,0
2014-11-20,21:00:00,101.848,101.92,101.825,101.842,0,0
2014-11-20,22:00:00,101.842,101.871,101.81,101.827,0,0
2014-11-20,23:00:00,101.823,101.953,101.801,101.921,0,0
2014-11-20,23:59:00,101.847,101.994,101.764,101.884,0,0
2014-11-21,01:00:00,101.884,101.992,101.872,101.934,0,0
2014-11-21,02:00:00,101.933,101.962,101.816,101.831,0,0
2014-11-21,03:00:00,101.834,101.864,101.509,101.625,0,0
2014-11-21,04:00:00,101.627,101.644,101.505,101.605,0,0
2014-11-21,05:00:00,101.603,101.754,101.597,101.61,0,0
2014-11-21,06:00:00,101.597,101.772,101.587,101.717,0,0
2014-11-21,07:00:00,101.702,101.847,101.69,101.73,0,0
2014-11-21,08:00:00,101.736,101.789,101.59,101.637,0,0
2014-11-21,09:00:00,101.631,101.672,101.511,101.524,0,0
2014-11-21,10:00:00,101.524,101.606,101.483,101.546,0,0
2014-11-21,11:00:00,101.533,101.717,101.504,101.609,0,0
2014-11-21,12:00:00,101.609,102.658,101.567,102.438,0,0
2014-11-21,13:00:00,102.438,102.79,102.317,102.674,0,0
2014-11-21,14:00:00,102.674,102.759,102.34,102.715,0,0
2014-11-21,15:00:00,102.715,102.778,102.526,102.719,0,0
2014-11-21,16:00:00,102.719,102.745,102.322,102.34,0,0
2014-11-21,17:00:00,102.365,102.629,101.995,102.056,0,0
2014-11-21,18:00:00,102.047,102.1,101.869,102.081,0,0
2014-11-21,19:00:00,102.079,102.188,101.989,102.181,0,0
2014-11-21,20:00:00,102.181,102.296,102.104,102.123,0,0
2014-11-21,21:00:00,102.12,102.152,101.974,101.974,0,0
2014-11-21,22:00:00,101.973,102.017,101.955,102.011,0,0
2014-11-21,23:00:00,102.008,102.024,101.997,102.02,0,0
2014-11-24,01:00:00,102.128,102.313,102.128,102.195,0,0
2014-11-24,02:00:00,102.195,102.269,102.104,102.203,0,0
2014-11-24,03:00:00,102.207,102.292,102.121,102.291,0,0
2014-11-24,04:00:00,102.3,102.427,102.229,102.362,0,0
2014-11-24,05:00:00,102.354,102.428,102.312,102.312,0,0
2014-11-24,06:00:00,102.312,102.405,102.278,102.375,0,0
2014-11-24,07:00:00,102.377,102.423,102.348,102.392,0,0
2014-11-24,08:00:00,102.392,102.405,102.272,102.287,0,0
2014-11-24,09:00:00,102.284,102.315,102.143,102.198,0,0
2014-11-24,10:00:00,102.198,102.332,102.157,102.201,0,0
2014-11-24,11:00:00,102.218,102.303,102.132,102.159,0,0
2014-11-24,12:00:00,102.162,102.22,102.103,102.199,0,0
2014-11-24,13:00:00,102.2,102.208,102.044,102.133,0,0
2014-11-24,14:00:00,102.134,102.15,101.942,101.979,0,0
2014-11-24,15:00:00,101.981,102.065,101.932,102.04,0,0
2014-11-24,16:00:00,102.039,102.091,101.934,102.064,0,0
2014-11-24,17:00:00,102.066,102.164,101.949,101.949,0,0
2014-11-24,18:00:00,101.965,102.01,101.878,101.956,0,0
2014-11-24,19:00:00,101.952,101.953,101.818,101.938,0,0
2014-11-24,20:00:00,101.939,101.95,101.823,101.83,0,0
2014-11-24,21:00:00,101.831,101.866,101.793,101.795,0,0
2014-11-24,22:00:00,101.8,101.871,101.783,101.813,0,0
2014-11-24,23:00:00,101.816,101.897,101.787,101.889,0,0
2014-11-24,23:59:00,101.889,101.942,101.855,101.855,0,0
2014-11-25,01:00:00,101.834,101.973,101.799,101.853,0,0
2014-11-25,02:00:00,101.85,101.913,101.602,101.64,0,0
2014-11-25,03:00:00,101.643,101.69,101.36,101.523,0,0
2014-11-25,04:00:00,101.522,101.581,101.124,101.167,0,0
2014-11-25,05:00:00,101.158,101.207,100.994,101.062,0,0
2014-11-25,06:00:00,101.064,101.461,101.052,101.312,0,0
2014-11-25,07:00:00,101.309,101.432,101.235,101.351,0,0
2014-11-25,08:00:00,101.363,101.383,101.295,101.312,0,0
2014-11-25,09:00:00,101.31,101.324,101.033,101.129,0,0
2014-11-25,10:00:00,101.12,101.149,100.88,100.993,0,0
2014-11-25,11:00:00,100.996,101.031,100.655,100.849,0,0
2014-11-25,12:00:00,100.85,100.99,100.813,100.987,0,0
2014-11-25,13:00:00,100.989,101.008,100.683,100.725,0,0
2014-11-25,14:00:00,100.725,100.769,100.658,100.706,0,0
2014-11-25,15:00:00,100.707,100.748,100.61,100.701,0,0
2014-11-25,16:00:00,100.698,100.798,100.6,100.696,0,0
2014-11-25,17:00:00,100.623,100.693,100.522,100.598,0,0
2014-11-25,18:00:00,100.591,100.671,100.448,100.484,0,0
2014-11-25,19:00:00,100.491,100.583,100.46,100.487,0,0
2014-11-25,20:00:00,100.473,100.538,100.442,100.473,0,0
2014-11-25,21:00:00,100.471,100.511,100.37,100.443,0,0
2014-11-25,22:00:00,100.446,100.606,100.437,100.579,0,0
2014-11-25,23:00:00,100.584,100.615,100.533,100.604,0,0
2014-11-25,23:59:00,100.598,100.618,100.455,100.563,0,0
2014-11-26,01:00:00,100.577,100.84,100.517,100.782,0,0
2014-11-26,02:00:00,100.78,100.78,100.62,100.677,0,0
2014-11-26,03:00:00,100.667,100.668,100.499,100.56,0,0
2014-11-26,04:00:00,100.56,100.577,100.475,100.542,0,0
2014-11-26,05:00:00,100.54,100.634,100.533,100.588,0,0
2014-11-26,06:00:00,100.59,100.619,100.496,100.532,0,0
2014-11-26,07:00:00,100.544,100.61,100.503,100.551,0,0
2014-11-26,08:00:00,100.549,100.695,100.533,100.612,0,0
2014-11-26,09:00:00,100.613,100.766,100.561,100.63,0,0
2014-11-26,10:00:00,100.626,100.658,100.105,100.186,0,0
2014-11-26,11:00:00,100.189,100.222,99.8974,100.047,0,0
2014-11-26,12:00:00,100.043,100.082,99.9185,100.08,0,0
2014-11-26,13:00:00,100.075,100.128,99.9822,100.126,0,0
2014-11-26,14:00:00,100.119,100.173,100.021,100.149,0,0
2014-11-26,15:00:00,100.156,100.283,100.068,100.117,0,0
2014-11-26,16:00:00,100.122,100.169,100.025,100.149,0,0
2014-11-26,17:00:00,100.158,100.336,100.029,100.327,0,0
2014-11-26,18:00:00,100.324,100.349,100.244,100.317,0,0
2014-11-26,19:00:00,100.316,100.411,100.312,100.404,0,0
2014-11-26,20:00:00,100.407,100.667,100.407,100.61,0,0
2014-11-26,21:00:00,100.608,100.657,100.557,100.648,0,0
2014-11-26,22:00:00,100.653,100.697,100.603,100.616,0,0
2014-11-26,23:00:00,100.63,100.649,100.545,100.617,0,0
2014-11-26,23:59:00,100.603,100.636,100.366,100.371,0,0
2014-11-27,01:00:00,100.38,100.44,100.3,100.309,0,0
2014-11-27,02:00:00,100.308,100.664,100.304,100.445,0,0
2014-11-27,03:00:00,100.438,100.592,100.4,100.538,0,0
2014-11-27,04:00:00,100.541,100.828,100.541,100.653,0,0
2014-11-27,05:00:00,100.646,100.757,100.624,100.719,0,0
2014-11-27,06:00:00,100.728,100.882,100.692,100.831,0,0
2014-11-27,07:00:00,100.831,100.851,100.652,100.676,0,0
2014-11-27,08:00:00,100.677,100.82,100.62,100.819,0,0
2014-11-27,09:00:00,100.82,101.018,100.814,100.984,0,0
2014-11-27,10:00:00,100.984,100.985,100.666,100.759,0,0
2014-11-27,11:00:00,100.761,100.852,100.654,100.704,0,0
2014-11-27,12:00:00,100.714,100.756,100.587,100.595,0,0
2014-11-27,13:00:00,100.598,100.667,100.528,100.636,0,0
2014-11-27,14:00:00,100.637,100.705,100.597,100.705,0,0
2014-11-27,15:00:00,100.703,100.741,100.612,100.619,0,0
2014-11-27,16:00:00,100.619,100.728,100.601,100.624,0,0
2014-11-27,17:00:00,100.633,100.717,100.551,100.693,0,0
2014-11-27,18:00:00,100.701,100.713,100.549,100.574,0,0
2014-11-27,19:00:00,100.573,100.675,100.556,100.608,0,0
2014-11-27,20:00:00,100.603,100.685,100.568,100.637,0,0
2014-11-27,21:00:00,100.634,100.685,100.595,100.629,0,0
2014-11-27,22:00:00,100.629,100.645,100.549,100.623,0,0
2014-11-27,23:00:00,100.622,100.675,100.53,100.53,0,0
2014-11-27,23:59:00,100.558,100.644,100.342,100.435,0,0
2014-11-28,01:00:00,100.436,100.535,100.348,100.46,0,0
2014-11-28,02:00:00,100.468,100.618,100.43,100.607,0,0
2014-11-28,03:00:00,100.608,100.648,100.495,100.608,0,0
2014-11-28,04:00:00,100.612,100.688,100.509,100.544,0,0
2014-11-28,05:00:00,100.551,100.606,100.452,100.464,0,0
2014-11-28,06:00:00,100.458,100.512,100.333,100.394,0,0
2014-11-28,07:00:00,100.397,100.45,100.367,100.438,0,0
2014-11-28,08:00:00,100.446,100.504,100.421,100.481,0,0
2014-11-28,09:00:00,100.491,100.605,100.367,100.367,0,0
2014-11-28,10:00:00,100.348,100.479,100.336,100.379,0,0
2014-11-28,11:00:00,100.379,100.666,100.361,100.646,0,0
2014-11-28,12:00:00,100.652,100.701,100.615,100.672,0,0
2014-11-28,13:00:00,100.673,100.731,100.602,100.726,0,0
2014-11-28,14:00:00,100.718,100.777,100.665,100.724,0,0
2014-11-28,15:00:00,100.717,100.81,100.679,100.731,0,0
2014-11-28,16:00:00,100.728,100.76,100.649,100.72,0,0
2014-11-28,17:00:00,100.729,101.265,100.684,101.253,0,0
2014-11-28,18:00:00,101.264,101.301,101.109,101.131,0,0
2014-11-28,19:00:00,101.126,101.126,100.936,100.959,0,0
2014-11-28,20:00:00,100.961,100.996,100.856,100.896,0,0
2014-11-28,21:00:00,100.898,100.975,100.837,100.951,0,0
2014-11-28,22:00:00,100.951,100.978,100.891,100.978,0,0
2014-11-28,23:00:00,100.959,100.985,100.952,100.985,0,0
2014-12-01,01:00:00,100.693,100.74,100.104,100.273,0,0
2014-12-01,02:00:00,100.278,100.539,100.236,100.354,0,0
2014-12-01,03:00:00,100.372,100.423,100.103,100.213,0,0
2014-12-01,04:00:00,100.218,100.482,100.208,100.462,0,0
2014-12-01,05:00:00,100.461,100.461,100.268,100.412,0,0
2014-12-01,06:00:00,100.407,100.49,100.383,100.45,0,0
2014-12-01,07:00:00,100.444,100.469,100.257,100.283,0,0
2014-12-01,08:00:00,100.283,100.365,100.221,100.295,0,0
2014-12-01,09:00:00,100.299,100.299,100.094,100.214,0,0
2014-12-01,10:00:00,100.204,100.624,100.177,100.218,0,0
2014-12-01,11:00:00,100.234,100.341,100.062,100.339,0,0
2014-12-01,12:00:00,100.327,100.538,100.309,100.511,0,0
2014-12-01,13:00:00,100.513,100.544,100.381,100.452,0,0
2014-12-01,14:00:00,100.443,100.542,100.415,100.475,0,0
2014-12-01,15:00:00,100.473,100.637,100.462,100.558,0,0
2014-12-01,16:00:00,100.556,100.633,100.401,100.426,0,0
2014-12-01,17:00:00,100.474,100.488,100.215,100.447,0,0
2014-12-01,18:00:00,100.439,100.672,100.356,100.624,0,0
2014-12-01,19:00:00,100.631,100.751,100.526,100.741,0,0
2014-12-01,20:00:00,100.738,100.761,100.623,100.702,0,0
2014-12-01,21:00:00,100.702,100.71,100.611,100.63,0,0
2014-12-01,22:00:00,100.619,100.646,100.563,100.563,0,0
2014-12-01,23:00:00,100.57,100.619,100.447,100.492,0,0
2014-12-01,23:59:00,100.502,100.522,100.392,100.419,0,0
2014-12-02,01:00:00,100.431,100.487,100.23,100.285,0,0
2014-12-02,02:00:00,100.286,100.51,100.273,100.382,0,0
2014-12-02,03:00:00,100.386,100.471,100.349,100.39,0,0
2014-12-02,04:00:00,100.391,100.476,100.383,100.444,0,0
2014-12-02,05:00:00,100.444,100.795,100.331,100.751,0,0
2014-12-02,06:00:00,100.746,100.903,100.642,100.683,0,0
2014-12-02,07:00:00,100.688,100.834,100.68,100.834,0,0
2014-12-02,08:00:00,100.828,101.123,100.828,101.049,0,0
2014-12-02,09:00:00,101.045,101.076,100.926,101.044,0,0
2014-12-02,10:00:00,101.038,101.062,100.791,100.853,0,0
2014-12-02,11:00:00,100.857,100.897,100.717,100.798,0,0
2014-12-02,12:00:00,100.797,100.798,100.46,100.498,0,0
2014-12-02,13:00:00,100.5,100.616,100.459,100.469,0,0
2014-12-02,14:00:00,100.47,100.581,100.398,100.536,0,0
2014-12-02,15:00:00,100.542,100.728,100.52,100.703,0,0
2014-12-02,16:00:00,100.704,100.735,100.545,100.613,0,0
2014-12-02,17:00:00,100.609,100.783,100.571,100.72,0,0
2014-12-02,18:00:00,100.712,100.73,100.631,100.676,0,0
2014-12-02,19:00:00,100.673,100.697,100.565,100.657,0,0
2014-12-02,20:00:00,100.654,100.682,100.599,100.643,0,0
2014-12-02,21:00:00,100.642,100.716,100.627,100.67,0,0
2014-12-02,22:00:00,100.678,100.715,100.647,100.681,0,0
2014-12-02,23:00:00,100.675,100.695,100.624,100.633,0,0
2014-12-02,23:59:00,100.642,100.79,100.642,100.664,0,0
2014-12-03,01:00:00,100.655,100.814,100.655,100.782,0,0
2014-12-03,02:00:00,100.779,100.858,100.051,100.188,0,0
2014-12-03,03:00:00,100.192,100.423,100.139,100.36,0,0
2014-12-03,04:00:00,100.363,100.449,100.227,100.249,0,0
2014-12-03,05:00:00,100.241,100.267,100.096,100.138,0,0
2014-12-03,06:00:00,100.138,100.264,100.115,100.188,0,0
2014-12-03,07:00:00,100.19,100.195,99.9471,100.025,0,0
2014-12-03,08:00:00,100.087,100.25,100.025,100.245,0,0
2014-12-03,09:00:00,100.242,100.292,100.107,100.21,0,0
2014-12-03,10:00:00,100.214,100.295,100.105,100.258,0,0
2014-12-03,11:00:00,100.261,100.426,100.25,100.419,0,0
2014-12-03,12:00:00,100.409,100.535,100.396,100.519,0,0
2014-12-03,13:00:00,100.526,100.546,100.426,100.543,0,0
2014-12-03,14:00:00,100.54,100.654,100.508,100.614,0,0
2014-12-03,15:00:00,100.611,100.706,100.472,100.493,0,0
2014-12-03,16:00:00,100.487,100.733,100.478,100.692,0,0
2014-12-03,17:00:00,100.683,100.824,100.608,100.77,0,0
2014-12-03,18:00:00,100.756,100.847,100.721,100.793,0,0
2014-12-03,19:00:00,100.794,100.845,100.725,100.793,0,0
2014-12-03,20:00:00,100.793,100.808,100.628,100.664,0,0
2014-12-03,21:00:00,100.662,100.744,100.632,100.632,0,0
2014-12-03,22:00:00,100.631,100.685,100.582,100.644,0,0
2014-12-03,23:00:00,100.648,100.701,100.622,100.65,0,0
2014-12-03,23:59:00,100.649,100.704,100.443,100.453,0,0
2014-12-04,01:00:00,100.47,100.652,100.47,100.613,0,0
2014-12-04,02:00:00,100.609,100.902,100.571,100.799,0,0
2014-12-04,03:00:00,100.793,100.818,100.601,100.643,0,0
2014-12-04,04:00:00,100.648,100.656,100.483,100.543,0,0
2014-12-04,05:00:00,100.538,100.578,100.452,100.572,0,0
2014-12-04,06:00:00,100.566,100.679,100.462,100.644,0,0
2014-12-04,07:00:00,100.641,100.701,100.418,100.443,0,0
2014-12-04,08:00:00,100.431,100.477,100.187,100.326,0,0
2014-12-04,09:00:00,100.326,100.486,100.199,100.399,0,0
2014-12-04,10:00:00,100.399,100.451,100.281,100.284,0,0
2014-12-04,11:00:00,100.289,100.424,100.19,100.322,0,0
2014-12-04,12:00:00,100.314,100.406,100.308,100.383,0,0
2014-12-04,13:00:00,100.392,100.453,100.356,100.365,0,0
2014-12-04,14:00:00,100.362,100.595,100.362,100.457,0,0
2014-12-04,15:00:00,100.468,100.522,100.343,100.406,0,0
2014-12-04,16:00:00,100.414,100.496,100.295,100.306,0,0
2014-12-04,17:00:00,100.302,100.59,100.302,100.511,0,0
2014-12-04,18:00:00,100.511,100.54,100.204,100.535,0,0
2014-12-04,19:00:00,100.541,100.614,100.465,100.496,0,0
2014-12-04,20:00:00,100.493,100.519,100.4,100.426,0,0
2014-12-04,21:00:00,100.427,100.438,100.349,100.368,0,0
2014-12-04,22:00:00,100.361,100.414,100.287,100.414,0,0
2014-12-04,23:00:00,100.414,100.428,100.34,100.381,0,0
2014-12-04,23:59:00,100.383,100.401,100.317,100.382,0,0
2014-12-05,01:00:00,100.384,100.509,100.363,100.452,0,0
2014-12-05,02:00:00,100.435,100.514,100.345,100.503,0,0
2014-12-05,03:00:00,100.502,100.548,100.438,100.46,0,0
2014-12-05,04:00:00,100.463,100.527,100.447,100.491,0,0
2014-12-05,05:00:00,100.487,100.522,100.466,100.507,0,0
2014-12-05,06:00:00,100.507,100.526,100.392,100.472,0,0
2014-12-05,07:00:00,100.474,100.516,100.429,100.479,0,0
2014-12-05,08:00:00,100.482,100.57,100.482,100.505,0,0
2014-12-05,09:00:00,100.51,100.639,100.5,100.591,0,0
2014-12-05,10:00:00,100.599,100.723,100.576,100.693,0,0
2014-12-05,11:00:00,100.698,100.75,100.656,100.723,0,0
2014-12-05,12:00:00,100.72,100.772,100.681,100.746,0,0
2014-12-05,13:00:00,100.746,100.918,100.681,100.892,0,0
2014-12-05,14:00:00,100.891,100.911,100.795,100.9,0,0
2014-12-05,15:00:00,100.901,101.001,100.677,100.896,0,0
2014-12-05,16:00:00,100.899,101.217,100.869,101.195,0,0
2014-12-05,17:00:00,101.195,101.325,101.12,101.12,0,0
2014-12-05,18:00:00,101.103,101.205,100.993,101.07,0,0
2014-12-05,19:00:00,101.065,101.093,101.001,101.076,0,0
2014-12-05,20:00:00,101.077,101.104,101.001,101.002,0,0
2014-12-05,21:00:00,101.002,101.033,100.974,101.027,0,0
2014-12-05,22:00:00,101.027,101.111,101.011,101.08,0,0
2014-12-05,23:00:00,101.069,101.069,101.038,101.054,0,0
2014-12-08,01:00:00,101.047,101.111,100.929,100.994,0,0
2014-12-08,02:00:00,100.99,100.995,100.884,100.919,0,0
2014-12-08,03:00:00,100.928,101.092,100.897,101.073,0,0
2014-12-08,04:00:00,101.092,101.095,100.777,100.92,0,0
2014-12-08,05:00:00,100.925,100.961,100.684,100.706,0,0
2014-12-08,06:00:00,100.705,100.736,100.539,100.564,0,0
2014-12-08,07:00:00,100.556,100.697,100.535,100.679,0,0
2014-12-08,08:00:00,100.677,100.7,100.273,100.4,0,0
2014-12-08,09:00:00,100.399,100.478,100.286,100.312,0,0
2014-12-08,10:00:00,100.308,100.362,100.15,100.279,0,0
2014-12-08,11:00:00,100.28,100.405,100.206,100.383,0,0
2014-12-08,12:00:00,100.375,100.551,100.328,100.538,0,0
2014-12-08,13:00:00,100.543,100.607,100.465,100.481,0,0
2014-12-08,14:00:00,100.479,100.516,100.309,100.404,0,0
2014-12-08,15:00:00,100.405,100.405,100.252,100.3,0,0
2014-12-08,16:00:00,100.296,100.412,100.291,100.306,0,0
2014-12-08,17:00:00,100.305,100.465,100.227,100.449,0,0
2014-12-08,18:00:00,100.459,100.487,100.243,100.252,0,0
2014-12-08,19:00:00,100.25,100.262,100.075,100.076,0,0
2014-12-08,20:00:00,100.073,100.109,99.9104,99.9776,0,0
2014-12-08,21:00:00,99.9718,100.032,99.8322,99.9436,0,0
2014-12-08,22:00:00,99.9394,100.037,99.922,100.006,0,0
2014-12-08,23:00:00,99.9909,100.133,99.9909,100.059,0,0
2014-12-08,23:59:00,100.055,100.077,99.9287,99.9892,0,0
2014-12-09,01:00:00,99.9992,100.165,99.9793,100.088,0,0
2014-12-09,02:00:00,100.089,100.118,99.7549,99.9537,0,0
2014-12-09,03:00:00,99.9562,99.9578,99.5292,99.669,0,0
2014-12-09,04:00:00,99.6731,99.7226,99.5464,99.5481,0,0
2014-12-09,05:00:00,99.5506,99.605,99.0311,99.0583,0,0
2014-12-09,06:00:00,99.0499,99.1187,98.8693,99.0055,0,0
2014-12-09,07:00:00,99.003,99.074,98.8651,98.9012,0,0
2014-12-09,08:00:00,98.907,99.0125,98.7686,98.8572,0,0
2014-12-09,09:00:00,98.8646,98.9462,98.7655,98.8216,0,0
2014-12-09,10:00:00,98.8108,99.066,98.7985,99.0511,0,0
2014-12-09,11:00:00,99.0503,99.374,99.0252,99.3525,0,0
2014-12-09,12:00:00,99.3525,99.5251,99.3393,99.399,0,0
2014-12-09,13:00:00,99.399,99.4296,99.2945,99.3685,0,0
2014-12-09,14:00:00,99.3684,99.456,99.2419,99.3013,0,0
2014-12-09,15:00:00,99.3046,99.3406,99.1129,99.2677,0,0
2014-12-09,16:00:00,99.2644,99.2719,98.9252,99.0187,0,0
2014-12-09,17:00:00,99.0187,99.2995,98.5395,99.2995,0,0
2014-12-09,18:00:00,99.3403,99.4459,99.0929,99.0929,0,0
2014-12-09,19:00:00,99.0921,99.2762,99.0704,99.1685,0,0
2014-12-09,20:00:00,99.1769,99.2427,99.1485,99.173,0,0
2014-12-09,21:00:00,99.1747,99.2666,99.1298,99.1698,0,0
2014-12-09,22:00:00,99.1632,99.3183,99.1518,99.2161,0,0
2014-12-09,23:00:00,99.2036,99.2397,99.1078,99.2273,0,0
2014-12-09,23:59:00,99.2215,99.2272,99.0218,99.0807,0,0
2014-12-10,01:00:00,99.0741,99.2749,98.8904,99.0012,0,0
2014-12-10,02:00:00,98.997,99.123,98.9344,99.0794,0,0
2014-12-10,03:00:00,99.0761,99.1188,98.9735,99.0435,0,0
2014-12-10,04:00:00,99.0542,99.0949,98.8378,98.9079,0,0
2014-12-10,05:00:00,98.9095,99.0333,98.8699,98.8871,0,0
2014-12-10,06:00:00,98.888,99.0443,98.7576,98.8587,0,0
2014-12-10,07:00:00,98.8587,99.1366,98.8065,99.1177,0,0
2014-12-10,08:00:00,99.1069,99.1898,99.0242,99.1022,0,0
2014-12-10,09:00:00,99.0948,99.1791,98.8822,99.05,0,0
2014-12-10,10:00:00,99.0425,99.2109,98.9861,99.0899,0,0
2014-12-10,11:00:00,99.0891,99.1516,99.0417,99.0825,0,0
2014-12-10,12:00:00,99.0833,99.3399,99.0833,99.3241,0,0
2014-12-10,13:00:00,99.3133,99.4323,99.2564,99.3522,0,0
2014-12-10,14:00:00,99.3563,99.3807,99.1738,99.2181,0,0
2014-12-10,15:00:00,99.2265,99.2721,99.0082,99.0294,0,0
2014-12-10,16:00:00,99.0228,99.0318,98.7791,98.7791,0,0
2014-12-10,17:00:00,98.7841,98.8379,98.3227,98.6339,0,0
2014-12-10,18:00:00,98.6387,98.6804,98.3595,98.3735,0,0
2014-12-10,19:00:00,98.3726,98.3788,98.1692,98.3007,0,0
2014-12-10,20:00:00,98.2999,98.3284,98.0053,98.0079,0,0
2014-12-10,21:00:00,98.0029,98.1439,97.795,97.9206,0,0
2014-12-10,22:00:00,97.9074,98.3828,97.7446,98.1931,0,0
2014-12-10,23:00:00,98.2031,98.2235,97.9566,97.9732,0,0
2014-12-10,23:59:00,97.9634,98.1373,97.9303,98.0657,0,0
2014-12-11,01:00:00,98.0608,98.1193,97.9283,97.9507,0,0
2014-12-11,02:00:00,97.9582,98.4375,97.8667,98.4207,0,0
2014-12-11,03:00:00,98.4255,98.6636,98.2754,98.5891,0,0
2014-12-11,04:00:00,98.6031,98.6151,98.4254,98.4378,0,0
2014-12-11,05:00:00,98.441,98.4417,98.2457,98.3499,0,0
2014-12-11,06:00:00,98.3425,98.3692,98.2647,98.3226,0,0
2014-12-11,07:00:00,98.3284,98.456,98.2958,98.4115,0,0
2014-12-11,08:00:00,98.4115,98.5081,98.3632,98.4047,0,0
2014-12-11,09:00:00,98.4031,98.4958,98.0781,98.2314,0,0
2014-12-11,10:00:00,98.242,98.3088,98.1111,98.1751,0,0
2014-12-11,11:00:00,98.1882,98.1898,97.8679,97.9585,0,0
2014-12-11,12:00:00,97.9527,98.2646,97.9186,98.2646,0,0
2014-12-11,13:00:00,98.2654,98.3073,98.0232,98.098,0,0
2014-12-11,14:00:00,98.0908,98.0949,97.9357,98.0762,0,0
2014-12-11,15:00:00,98.077,98.2038,97.4151,98.0753,0,0
2014-12-11,16:00:00,98.0996,98.5229,98.0928,98.5112,0,0
2014-12-11,17:00:00,98.5129,98.7003,98.4519,98.5224,0,0
2014-12-11,18:00:00,98.5312,98.6445,98.4177,98.6319,0,0
2014-12-11,19:00:00,98.6335,98.727,98.5911,98.6812,0,0
2014-12-11,20:00:00,98.6663,98.7427,98.5884,98.643,0,0
2014-12-11,21:00:00,98.6422,98.6511,98.2175,98.2488,0,0
2014-12-11,22:00:00,98.2544,98.5083,98.2406,98.33,0,0
2014-12-11,23:00:00,98.3308,98.3349,98.1037,98.1037,0,0
2014-12-11,23:59:00,98.0753,98.3402,98.0596,98.1952,0,0
2014-12-12,01:00:00,98.1969,98.3838,98.0883,98.0899,0,0
2014-12-12,02:00:00,98.0834,98.295,98.0347,98.1008,0,0
2014-12-12,03:00:00,98.1007,98.2596,98.0837,98.1452,0,0
2014-12-12,04:00:00,98.1518,98.2491,98.1356,98.1967,0,0
2014-12-12,05:00:00,98.205,98.2642,98.1559,98.244,0,0
2014-12-12,06:00:00,98.2391,98.2608,98.0864,98.1362,0,0
2014-12-12,07:00:00,98.1356,98.3361,98.1178,98.3347,0,0
2014-12-12,08:00:00,98.3255,98.3635,98.198,98.3185,0,0
2014-12-12,09:00:00,98.3152,98.3279,98.1705,98.2014,0,0
2014-12-12,10:00:00,98.2055,98.3063,98.1277,98.1645,0,0
2014-12-12,11:00:00,98.1424,98.1881,97.8556,97.9054,0,0
2014-12-12,12:00:00,97.8923,98.0064,97.7936,97.869,0,0
2014-12-12,13:00:00,97.8674,97.9384,97.7742,97.8173,0,0
2014-12-12,14:00:00,97.8092,98.0343,97.7566,97.9112,0,0
2014-12-12,15:00:00,97.9012,97.9455,97.761,97.7626,0,0
2014-12-12,16:00:00,97.7652,98.1599,97.7219,98.0924,0,0
2014-12-12,17:00:00,98.095,98.1111,97.7169,97.7272,0,0
2014-12-12,18:00:00,97.7284,98.0075,97.6641,97.7023,0,0
2014-12-12,19:00:00,97.7048,97.9097,97.6649,97.7071,0,0
2014-12-12,20:00:00,97.7129,97.9411,97.6888,97.9411,0,0
2014-12-12,21:00:00,97.9386,97.9682,97.8322,97.931,0,0
2014-12-12,22:00:00,97.9267,97.943,97.7865,97.899,0,0
2014-12-12,23:00:00,97.8901,97.9008,97.8893,97.8901,0,0
2014-12-15,01:00:00,97.5292,97.7187,96.8276,96.9731,0,0
2014-12-15,02:00:00,96.9731,97.4762,96.8982,97.291,0,0
2014-12-15,03:00:00,97.2886,97.7002,97.184,97.6627,0,0
2014-12-15,04:00:00,97.656,97.6727,97.451,97.4657,0,0
2014-12-15,05:00:00,97.4802,97.5693,97.3334,97.5518,0,0
2014-12-15,06:00:00,97.5502,97.8345,97.5254,97.7037,0,0
2014-12-15,07:00:00,97.7101,97.7904,97.671,97.779,0,0
2014-12-15,08:00:00,97.7707,97.8495,97.5175,97.5737,0,0
2014-12-15,09:00:00,97.5746,97.6322,97.3716,97.4206,0,0
2014-12-15,10:00:00,97.4181,97.8116,97.4181,97.7871,0,0
2014-12-15,11:00:00,97.7913,97.9794,97.7582,97.9718,0,0
2014-12-15,12:00:00,97.9735,97.9884,97.7632,97.7698,0,0
2014-12-15,13:00:00,97.7681,97.8126,97.6,97.6723,0,0
2014-12-15,14:00:00,97.6715,97.717,97.6071,97.636,0,0
2014-12-15,15:00:00,97.6336,97.6695,97.3449,97.4738,0,0
2014-12-15,16:00:00,97.4737,97.528,97.2768,97.2826,0,0
2014-12-15,17:00:00,97.2792,97.3698,97.02,97.15,0,0
2014-12-15,18:00:00,97.1544,97.1836,96.7941,96.8892,0,0
2014-12-15,19:00:00,96.8848,97.0721,96.878,96.9692,0,0
2014-12-15,20:00:00,96.9661,96.9838,96.7215,96.7601,0,0
2014-12-15,21:00:00,96.7445,96.7901,96.5785,96.7351,0,0
2014-12-15,22:00:00,96.7283,96.7501,96.6113,96.6113,0,0
2014-12-15,23:00:00,96.6117,96.8276,96.5917,96.6976,0,0
2014-12-15,23:59:00,96.7302,96.9269,96.6899,96.7043,0,0
2014-12-16,01:00:00,96.7139,96.826,96.6154,96.6926,0,0
2014-12-16,02:00:00,96.6827,96.861,96.6602,96.8295,0,0
2014-12-16,03:00:00,96.8416,96.9039,96.6591,96.7559,0,0
2014-12-16,04:00:00,96.7326,96.8637,96.7253,96.7423,0,0
2014-12-16,05:00:00,96.7341,96.7766,96.5838,96.6317,0,0
2014-12-16,06:00:00,96.6175,96.6704,96.4942,96.5489,0,0
2014-12-16,07:00:00,96.5521,96.581,96.3625,96.4011,0,0
2014-12-16,08:00:00,96.4083,96.5817,96.4083,96.5797,0,0
2014-12-16,09:00:00,96.5754,96.6419,96.4665,96.5603,0,0
2014-12-16,10:00:00,96.562,96.5867,95.9199,96.2243,0,0
2014-12-16,11:00:00,96.2086,96.2384,95.8257,96.1175,0,0
2014-12-16,12:00:00,96.1096,96.3767,96.0841,96.3114,0,0
2014-12-16,13:00:00,96.3057,96.3057,95.3806,95.3806,0,0
2014-12-16,14:00:00,95.3715,95.9114,95.2691,95.6042,0,0
2014-12-16,15:00:00,95.6042,95.9823,95.6042,95.6292,0,0
2014-12-16,16:00:00,95.6311,95.8662,95.4578,95.787,0,0
2014-12-16,17:00:00,95.7804,96.2642,95.6612,96.2407,0,0
2014-12-16,18:00:00,96.2545,96.6959,96.1367,96.3645,0,0
2014-12-16,19:00:00,96.3656,96.5243,96.3104,96.3425,0,0
2014-12-16,20:00:00,96.3427,96.4897,96.1253,96.3261,0,0
2014-12-16,21:00:00,96.3353,96.3869,96.1672,96.2164,0,0
2014-12-16,22:00:00,96.1933,96.2487,95.7909,95.8114,0,0
2014-12-16,23:00:00,95.8221,95.8954,95.4974,95.6265,0,0
2014-12-16,23:59:00,95.6289,95.806,95.5443,95.7088,0,0
2014-12-17,01:00:00,95.711,95.923,95.7028,95.8763,0,0
2014-12-17,02:00:00,95.8672,96.1805,95.771,96.0977,0,0
2014-12-17,03:00:00,96.0969,96.1785,95.8334,95.8464,0,0
2014-12-17,04:00:00,95.8384,95.8593,95.4571,95.5301,0,0
2014-12-17,05:00:00,95.5237,95.5237,95.2842,95.3973,0,0
2014-12-17,06:00:00,95.3953,95.4691,95.2664,95.3239,0,0
2014-12-17,07:00:00,95.3397,95.4053,95.1866,95.3798,0,0
2014-12-17,08:00:00,95.379,95.5196,95.3044,95.445,0,0
2014-12-17,09:00:00,95.4503,95.7692,95.3486,95.7235,0,0
2014-12-17,10:00:00,95.7198,95.888,95.6255,95.8234,0,0
2014-12-17,11:00:00,95.8235,95.8925,95.6368,95.6915,0,0
2014-12-17,12:00:00,95.6915,95.9421,95.6892,95.7515,0,0
2014-12-17,13:00:00,95.7469,95.9036,95.6614,95.8843,0,0
2014-12-17,14:00:00,95.8877,95.9303,95.7964,95.8678,0,0
2014-12-17,15:00:00,95.8677,95.9979,95.8391,95.8484,0,0
2014-12-17,16:00:00,95.8701,95.9072,95.6971,95.8194,0,0
2014-12-17,17:00:00,95.8144,96.0604,95.7811,95.8438,0,0
2014-12-17,18:00:00,95.8467,96.1937,95.7859,96.0877,0,0
2014-12-17,19:00:00,96.0837,96.226,96.0197,96.1784,0,0
2014-12-17,20:00:00,96.1784,96.2366,95.9534,96.2366,0,0
2014-12-17,21:00:00,96.2527,96.5834,95.8709,96.1263,0,0
2014-12-17,22:00:00,96.1569,96.5884,96.1565,96.3501,0,0
2014-12-17,23:00:00,96.3433,96.4906,96.2324,96.3262,0,0
2014-12-17,23:59:00,96.3452,96.6377,96.3452,96.6293,0,0
2014-12-18,01:00:00,96.6294,96.6663,96.394,96.4758,0,0
2014-12-18,02:00:00,96.4703,96.5348,96.3169,96.3446,0,0
2014-12-18,03:00:00,96.3442,96.5309,96.2749,96.4633,0,0
2014-12-18,04:00:00,96.4671,96.591,96.4252,96.4701,0,0
2014-12-18,05:00:00,96.4717,96.6164,96.4332,96.5174,0,0
2014-12-18,06:00:00,96.5189,96.5414,96.372,96.3982,0,0
2014-12-18,07:00:00,96.4112,96.4185,96.2229,96.3386,0,0
2014-12-18,08:00:00,96.3426,96.5031,96.2894,96.4835,0,0
2014-12-18,09:00:00,96.4968,96.9897,96.4523,96.8885,0,0
2014-12-18,10:00:00,96.8917,97.0737,96.6547,96.9399,0,0
2014-12-18,11:00:00,96.9144,97.1522,96.882,96.97,0,0
2014-12-18,12:00:00,96.9653,97.1487,96.9265,96.9603,0,0
2014-12-18,13:00:00,96.9485,97.1783,96.9463,96.9923,0,0
2014-12-18,14:00:00,97.0084,97.2712,97.0067,97.2137,0,0
2014-12-18,15:00:00,97.2145,97.5749,97.1919,97.539,0,0
2014-12-18,16:00:00,97.5469,97.5687,97.3677,97.4695,0,0
2014-12-18,17:00:00,97.4604,97.5299,96.9217,96.9217,0,0
2014-12-18,18:00:00,96.9152,97.0745,96.7207,97.0411,0,0
2014-12-18,19:00:00,97.0161,97.0738,96.9344,97.0211,0,0
2014-12-18,20:00:00,97.0179,97.0195,96.8411,96.886,0,0
2014-12-18,21:00:00,96.8804,96.911,96.7547,96.8898,0,0
2014-12-18,22:00:00,96.9049,97.0259,96.8331,97.0136,0,0
2014-12-18,23:00:00,97.0226,97.0676,96.9018,96.9989,0,0
2014-12-18,23:59:00,96.9919,97.1903,96.9215,97.1752,0,0
2014-12-19,01:00:00,97.1964,97.2103,97.0853,97.1301,0,0
2014-12-19,02:00:00,97.1277,97.1565,96.9901,97.0989,0,0
2014-12-19,03:00:00,97.0918,97.2838,97.0712,97.2822,0,0
2014-12-19,04:00:00,97.2822,97.3917,97.1518,97.1756,0,0
2014-12-19,05:00:00,97.1797,97.5016,97.1781,97.4886,0,0
2014-12-19,06:00:00,97.4886,97.5777,97.4473,97.5304,0,0
2014-12-19,07:00:00,97.5125,97.7384,97.5125,97.6892,0,0
2014-12-19,08:00:00,97.6916,97.76,97.3909,97.4719,0,0
2014-12-19,09:00:00,97.4695,97.5003,97.2457,97.2781,0,0
2014-12-19,10:00:00,97.2766,97.4651,97.2368,97.2995,0,0
2014-12-19,11:00:00,97.3068,97.38,97.2414,97.3191,0,0
2014-12-19,12:00:00,97.3297,97.445,97.2899,97.4038,0,0
2014-12-19,13:00:00,97.4077,97.575,97.3933,97.5285,0,0
2014-12-19,14:00:00,97.5228,97.5619,97.3871,97.4268,0,0
2014-12-19,15:00:00,97.4292,97.4951,97.2542,97.386,0,0
2014-12-19,16:00:00,97.3755,97.4651,97.2564,97.3304,0,0
2014-12-19,17:00:00,97.3305,97.3993,97.2379,97.2886,0,0
2014-12-19,18:00:00,97.284,97.3068,97.043,97.1621,0,0
2014-12-19,19:00:00,97.1637,97.1736,97.0643,97.085,0,0
2014-12-19,20:00:00,97.085,97.2232,97.0502,97.1658,0,0
2014-12-19,21:00:00,97.1627,97.3343,97.1281,97.2945,0,0
2014-12-19,22:00:00,97.2977,97.3924,97.2483,97.2757,0,0
2014-12-19,23:00:00,97.2846,97.2846,97.2718,97.283,0,0
2014-12-22,01:00:00,97.2619,97.4212,97.2619,97.3501,0,0
2014-12-22,02:00:00,97.3501,97.4104,97.2276,97.2304,0,0
2014-12-22,03:00:00,97.2304,97.3012,97.2041,97.2763,0,0
2014-12-22,04:00:00,97.2803,97.2808,97.1495,97.1894,0,0
2014-12-22,05:00:00,97.1894,97.305,97.1894,97.2913,0,0
2014-12-22,06:00:00,97.2913,97.4639,97.2476,97.4358,0,0
2014-12-22,07:00:00,97.4317,97.6178,97.4063,97.6061,0,0
2014-12-22,08:00:00,97.6197,97.6518,97.4949,97.5219,0,0
2014-12-22,09:00:00,97.5195,97.6564,97.5142,97.6068,0,0
2014-12-22,10:00:00,97.6022,97.7145,97.5466,97.5884,0,0
2014-12-22,11:00:00,97.5884,97.6688,97.5068,97.6664,0,0
2014-12-22,12:00:00,97.6664,97.7087,97.6112,97.6925,0,0
2014-12-22,13:00:00,97.6591,97.7024,97.5368,97.6001,0,0
2014-12-22,14:00:00,97.596,97.674,97.5887,97.6119,0,0
2014-12-22,15:00:00,97.5985,97.6705,97.5567,97.5721,0,0
2014-12-22,16:00:00,97.5721,97.6664,97.5485,97.5745,0,0
2014-12-22,17:00:00,97.5272,97.6964,97.5272,97.6072,0,0
2014-12-22,18:00:00,97.6351,97.6351,97.5346,97.5443,0,0
2014-12-22,19:00:00,97.5443,97.6168,97.5206,97.604,0,0
2014-12-22,20:00:00,97.6041,97.6441,97.5428,97.5773,0,0
2014-12-22,21:00:00,97.5773,97.6288,97.5608,97.628,0,0
2014-12-22,22:00:00,97.628,97.6394,97.5345,97.6181,0,0
2014-12-22,23:00:00,97.6195,97.6316,97.5615,97.6292,0,0
2014-12-22,23:59:00,97.6029,97.6429,97.5046,97.5083,0,0
2014-12-23,01:00:00,97.5261,97.5937,97.4756,97.5488,0,0
2014-12-23,02:00:00,97.5417,97.6233,97.5084,97.529,0,0
2014-12-23,03:00:00,97.5393,97.6679,97.525,97.6527,0,0
2014-12-23,04:00:00,97.6527,97.6746,97.5987,97.6174,0,0
2014-12-23,05:00:00,97.6222,97.6303,97.5459,97.5689,0,0
2014-12-23,06:00:00,97.5681,97.6038,97.4877,97.5224,0,0
2014-12-23,07:00:00,97.5232,97.5368,97.2657,97.3744,0,0
2014-12-23,08:00:00,97.3768,97.3823,97.2321,97.354,0,0
2014-12-23,09:00:00,97.354,97.5158,97.3523,97.4865,0,0
2014-12-23,10:00:00,97.4954,97.5796,97.4686,97.5209,0,0
2014-12-23,11:00:00,97.5209,97.619,97.5209,97.5796,0,0
2014-12-23,12:00:00,97.5796,97.694,97.5707,97.6495,0,0
2014-12-23,13:00:00,97.6453,97.7666,97.6326,97.7481,0,0
2014-12-23,14:00:00,97.7481,97.8195,97.6644,97.6972,0,0
2014-12-23,15:00:00,97.7124,97.8425,97.5354,97.8393,0,0
2014-12-23,16:00:00,97.8393,97.882,97.7734,97.8031,0,0
2014-12-23,17:00:00,97.8247,97.8279,97.7086,97.7603,0,0
2014-12-23,18:00:00,97.7499,97.8519,97.6186,97.7047,0,0
2014-12-23,19:00:00,97.7071,97.7334,97.6503,97.7256,0,0
2014-12-23,20:00:00,97.7208,97.7499,97.6694,97.7116,0,0
2014-12-23,21:00:00,97.7108,97.7558,97.6785,97.7502,0,0
2014-12-23,22:00:00,97.7506,97.7733,97.6751,97.7733,0,0
2014-12-23,23:00:00,97.792,97.8129,97.7105,97.7728,0,0
2014-12-23,23:59:00,97.7727,97.8807,97.6914,97.8193,0,0
2014-12-24,01:00:00,97.8744,97.9564,97.8171,97.8449,0,0
2014-12-24,02:00:00,97.8449,97.8975,97.8011,97.8531,0,0
2014-12-24,03:00:00,97.8547,97.8547,97.729,97.7661,0,0
2014-12-24,04:00:00,97.7645,97.8094,97.5607,97.6091,0,0
2014-12-24,05:00:00,97.6348,97.7291,97.578,97.701,0,0
2014-12-24,06:00:00,97.701,97.701,97.6007,97.6492,0,0
2014-12-24,07:00:00,97.6492,97.7316,97.6138,97.7316,0,0
2014-12-24,08:00:00,97.6978,97.7161,97.589,97.6226,0,0
2014-12-24,09:00:00,97.6202,97.737,97.6155,97.7329,0,0
2014-12-24,10:00:00,97.7329,97.7677,97.6412,97.6884,0,0
2014-12-24,11:00:00,97.6939,97.7435,97.6473,97.7004,0,0
2014-12-24,12:00:00,97.7107,97.7559,97.6434,97.7072,0,0
2014-12-24,13:00:00,97.7072,97.7353,97.661,97.6739,0,0
2014-12-24,14:00:00,97.6705,97.7049,97.634,97.6721,0,0
2014-12-24,15:00:00,97.6769,97.7762,97.627,97.7342,0,0
2014-12-24,16:00:00,97.739,97.7442,97.6554,97.7356,0,0
2014-12-24,17:00:00,97.7125,97.7356,97.6591,97.6591,0,0
2014-12-24,18:00:00,97.6591,97.7469,97.6345,97.6553,0,0
2014-12-24,19:00:00,97.6528,97.7103,97.6337,97.6658,0,0
2014-12-24,20:00:00,97.6665,97.7385,97.6244,97.6684,0,0
2014-12-24,21:00:00,97.6684,97.7189,97.6503,97.654,0,0
2014-12-24,22:00:00,97.6714,97.7228,97.6302,97.6592,0,0
2014-12-24,23:00:00,97.6592,97.7026,97.6471,97.656,0,0
2014-12-24,23:59:00,97.6665,97.749,97.6209,97.706,0,0
2014-12-26,01:00:00,97.6357,97.6362,97.4694,97.5886,0,0
2014-12-26,02:00:00,97.5886,97.6671,97.5666,97.6378,0,0
2014-12-26,03:00:00,97.5884,97.6676,97.5424,97.6173,0,0
2014-12-26,04:00:00,97.638,97.6578,97.6056,97.6375,0,0
2014-12-26,05:00:00,97.6359,97.6491,97.613,97.6348,0,0
2014-12-26,06:00:00,97.637,97.681,97.5953,97.6486,0,0
2014-12-26,07:00:00,97.6542,97.687,97.6433,97.6576,0,0
2014-12-26,08:00:00,97.6511,97.7004,97.6194,97.6924,0,0
2014-12-26,09:00:00,97.6907,97.7253,97.6733,97.715,0,0
2014-12-26,10:00:00,97.7165,97.7917,97.7142,97.7644,0,0
2014-12-26,11:00:00,97.766,97.7676,97.7025,97.7383,0,0
2014-12-26,12:00:00,97.7406,97.7824,97.7241,97.7447,0,0
2014-12-26,13:00:00,97.759,97.7946,97.7503,97.787,0,0
2014-12-26,14:00:00,97.787,97.8093,97.7561,97.771,0,0
2014-12-26,15:00:00,97.7558,97.8581,97.7398,97.8524,0,0
2014-12-26,16:00:00,97.8516,97.8801,97.7938,97.8099,0,0
2014-12-26,17:00:00,97.8099,97.8338,97.6638,97.7019,0,0
2014-12-26,18:00:00,97.7019,97.7348,97.6361,97.6413,0,0
2014-12-26,19:00:00,97.6429,97.742,97.6366,97.6875,0,0
2014-12-26,20:00:00,97.6336,97.7035,97.6077,97.6244,0,0
2014-12-26,21:00:00,97.6246,97.6917,97.6246,97.6831,0,0
2014-12-26,22:00:00,97.6799,97.7589,97.6491,97.7501,0,0
2014-12-26,23:00:00,97.7501,97.7501,97.7476,97.7476,0,0
2014-12-29,01:00:00,97.7227,97.7595,97.6697,97.6847,0,0
2014-12-29,02:00:00,97.6863,97.8384,97.6765,97.8249,0,0
2014-12-29,03:00:00,97.824,97.9656,97.7802,97.9656,0,0
2014-12-29,04:00:00,97.9689,97.9951,97.8912,97.9278,0,0
2014-12-29,05:00:00,97.9221,97.9833,97.9123,97.9381,0,0
2014-12-29,06:00:00,97.9381,97.9431,97.8045,97.83,0,0
2014-12-29,07:00:00,97.8251,97.9128,97.8026,97.8575,0,0
2014-12-29,08:00:00,97.8576,97.9009,97.8292,97.8744,0,0
2014-12-29,09:00:00,97.8794,97.9336,97.8387,97.8888,0,0
2014-12-29,10:00:00,97.8888,98.0765,97.8725,98.0667,0,0
2014-12-29,11:00:00,98.0675,98.2036,98.0424,98.1996,0,0
2014-12-29,12:00:00,98.2116,98.2361,98.1001,98.1837,0,0
2014-12-29,13:00:00,98.1837,98.2341,98.137,98.1669,0,0
2014-12-29,14:00:00,98.1677,98.2179,98.1299,98.1725,0,0
2014-12-29,15:00:00,98.1717,98.2374,98.1304,98.1306,0,0
2014-12-29,16:00:00,98.1322,98.2377,98.1306,98.2036,0,0
2014-12-29,17:00:00,98.2068,98.3064,98.1767,98.2417,0,0
2014-12-29,18:00:00,98.2416,98.3314,98.2034,98.2181,0,0
2014-12-29,19:00:00,98.2025,98.2396,98.161,98.219,0,0
2014-12-29,20:00:00,98.2207,98.2287,98.1531,98.2101,0,0
2014-12-29,21:00:00,98.2109,98.2109,98.0795,98.1311,0,0
2014-12-29,22:00:00,98.1311,98.2078,98.123,98.1824,0,0
2014-12-29,23:00:00,98.1898,98.1987,98.0725,98.1285,0,0
2014-12-29,23:59:00,98.1285,98.1797,98.0652,98.1136,0,0
2014-12-30,01:00:00,98.1143,98.1791,98.106,98.1363,0,0
2014-12-30,02:00:00,98.1363,98.2302,98.0606,98.0638,0,0
2014-12-30,03:00:00,98.0678,98.0678,97.8736,97.8833,0,0
2014-12-30,04:00:00,97.9019,97.9523,97.8486,97.8767,0,0
2014-12-30,05:00:00,97.8847,97.9606,97.8564,97.885,0,0
2014-12-30,06:00:00,97.8906,97.933,97.8555,97.8956,0,0
2014-12-30,07:00:00,97.8964,97.9333,97.8692,97.8939,0,0
2014-12-30,08:00:00,97.8939,97.8947,97.7368,97.8035,0,0
2014-12-30,09:00:00,97.7996,97.8051,97.5211,97.6463,0,0
2014-12-30,10:00:00,97.6315,97.6358,97.364,97.5279,0,0
2014-12-30,11:00:00,97.5055,97.7879,97.4967,97.7316,0,0
2014-12-30,12:00:00,97.7316,97.8164,97.6816,97.7669,0,0
2014-12-30,13:00:00,97.7685,97.8305,97.4747,97.4792,0,0
2014-12-30,14:00:00,97.4776,97.6763,97.4703,97.6573,0,0
2014-12-30,15:00:00,97.6498,97.8218,97.6289,97.758,0,0
2014-12-30,16:00:00,97.7636,97.7986,97.5108,97.5953,0,0
2014-12-30,17:00:00,97.5762,97.8605,97.4184,97.8516,0,0
2014-12-30,18:00:00,97.8516,97.9776,97.7852,97.8277,0,0
2014-12-30,19:00:00,97.8261,97.8472,97.6766,97.7098,0,0
2014-12-30,20:00:00,97.7049,97.8175,97.6942,97.7965,0,0
2014-12-30,21:00:00,97.7965,97.8309,97.7478,97.761,0,0
2014-12-30,22:00:00,97.7714,97.8081,97.7583,97.7832,0,0
2014-12-30,23:00:00,97.7726,97.7911,97.7037,97.7536,0,0
2014-12-30,23:59:00,97.752,97.7812,97.6654,97.7005,0,0
2014-12-31,01:00:00,97.6943,97.7459,97.6437,97.7402,0,0
2014-12-31,02:00:00,97.759,97.8326,97.7023,97.7909,0,0
2014-12-31,03:00:00,97.8007,97.9803,97.7538,97.9697,0,0
2014-12-31,04:00:00,97.9592,98.0516,97.901,97.9845,0,0
2014-12-31,05:00:00,97.9693,98.0027,97.91,97.9628,0,0
2014-12-31,06:00:00,97.9612,98.023,97.9465,98.0154,0,0
2014-12-31,07:00:00,98.0043,98.0773,97.9186,98.0773,0,0
2014-12-31,08:00:00,98.0781,98.0789,97.9473,97.9489,0,0
2014-12-31,09:00:00,97.9637,97.9775,97.8302,97.9225,0,0
2014-12-31,10:00:00,97.912,98.0515,97.9072,97.9778,0,0
2014-12-31,11:00:00,97.9388,97.9844,97.8822,97.9018,0,0
2014-12-31,12:00:00,97.9018,97.9594,97.8466,97.8858,0,0
2014-12-31,13:00:00,97.9062,97.9478,97.8351,97.9108,0,0
2014-12-31,14:00:00,97.9108,97.9906,97.8959,97.9034,0,0
2014-12-31,15:00:00,97.8961,97.9618,97.8552,97.8848,0,0
2014-12-31,16:00:00,97.9006,97.9148,97.6506,97.6514,0,0
2014-12-31,17:00:00,97.6608,97.975,97.5958,97.9742,0,0
2014-12-31,18:00:00,98.2038,98.2038,97.9352,97.9352,0,0
2014-12-31,19:00:00,97.9352,98.006,97.8503,97.8503,0,0
2014-12-31,20:00:00,97.8365,97.9331,97.8014,97.8476,0,0
2014-12-31,21:00:00,97.8476,97.8989,97.7762,97.8973,0,0
2014-12-31,22:00:00,97.9706,97.9706,97.7677,97.7681,0,0
2014-12-31,23:00:00,97.764,97.9076,97.764,97.8995,0,0
2014-12-31,23:59:00,97.8787,97.9875,97.7665,97.8288,0,0
2015-01-02,01:00:00,97.8869,98.0914,97.8767,98.0558,0,0
2015-01-02,02:00:00,98.0541,98.0986,97.95,98.0619,0,0
2015-01-02,03:00:00,98.0667,98.0725,97.8355,97.8371,0,0
2015-01-02,04:00:00,97.8321,97.8982,97.7831,97.8588,0,0
2015-01-02,05:00:00,97.8588,97.8662,97.7989,97.8346,0,0
2015-01-02,06:00:00,97.8346,97.9259,97.8346,97.882,0,0
2015-01-02,07:00:00,97.882,97.9957,97.8756,97.9684,0,0
2015-01-02,08:00:00,97.9684,98.0453,97.9371,98.0272,0,0
2015-01-02,09:00:00,98.0296,98.0732,97.9124,98.0184,0,0
2015-01-02,10:00:00,98.0184,98.0575,97.9758,97.996,0,0
2015-01-02,11:00:00,97.996,98.055,97.9419,98.0377,0,0
2015-01-02,12:00:00,98.0377,98.0523,97.889,97.925,0,0
2015-01-02,13:00:00,97.9201,97.938,97.7828,97.816,0,0
2015-01-02,14:00:00,97.8192,97.8682,97.7784,97.8408,0,0
2015-01-02,15:00:00,97.8447,97.8622,97.7695,97.7865,0,0
2015-01-02,16:00:00,97.7888,97.8853,97.7668,97.8418,0,0
2015-01-02,17:00:00,97.8371,97.8576,97.4743,97.5979,0,0
2015-01-02,18:00:00,97.5979,97.659,97.4113,97.569,0,0
2015-01-02,19:00:00,97.5682,97.6396,97.5043,97.5133,0,0
2015-01-02,20:00:00,97.5372,97.594,97.498,97.5473,0,0
2015-01-02,21:00:00,97.5489,97.6609,97.5407,97.6423,0,0
2015-01-02,22:00:00,97.6224,97.6275,97.4703,97.5529,0,0
2015-01-02,23:00:00,97.5529,97.5529,97.5417,97.5417,0,0
2015-01-05,01:00:00,97.3112,97.3453,96.9706,97.1131,0,0
2015-01-05,02:00:00,97.1099,97.4084,97.0938,97.319,0,0
2015-01-05,03:00:00,97.315,97.3948,97.2259,97.3039,0,0
2015-01-05,04:00:00,97.3101,97.3753,97.1143,97.1143,0,0
2015-01-05,05:00:00,97.1131,97.2185,96.9852,97.2105,0,0
2015-01-05,06:00:00,97.1902,97.1943,97.0779,97.1559,0,0
2015-01-05,07:00:00,97.1559,97.1974,96.8358,96.9083,0,0
2015-01-05,08:00:00,96.8654,96.9522,96.8135,96.8634,0,0
2015-01-05,09:00:00,96.8635,97.1094,96.852,96.8904,0,0
2015-01-05,10:00:00,96.8694,97.1993,96.8694,97.1952,0,0
2015-01-05,11:00:00,97.1921,97.2179,97.1055,97.2116,0,0
2015-01-05,12:00:00,97.2038,97.2888,97.0408,97.0723,0,0
2015-01-05,13:00:00,97.0754,97.1264,96.8929,96.9495,0,0
2015-01-05,14:00:00,96.9528,96.9706,96.851,96.899,0,0
2015-01-05,15:00:00,96.899,96.9427,96.7716,96.7716,0,0
2015-01-05,16:00:00,96.7687,96.8336,96.6459,96.6643,0,0
2015-01-05,17:00:00,96.6643,96.8404,96.542,96.8404,0,0
2015-01-05,18:00:00,96.8284,96.9608,96.8006,96.8401,0,0
2015-01-05,19:00:00,96.8401,96.9024,96.7297,96.7625,0,0
2015-01-05,20:00:00,96.7357,96.89,96.7163,96.8491,0,0
2015-01-05,21:00:00,96.8491,96.8696,96.7051,96.7267,0,0
2015-01-05,22:00:00,96.7267,96.8379,96.6872,96.7849,0,0
2015-01-05,23:00:00,96.7722,96.7826,96.6981,96.7004,0,0
2015-01-05,23:59:00,96.7004,96.7338,96.3898,96.4341,0,0
2015-01-06,01:00:00,96.434,96.7686,96.434,96.6932,0,0
2015-01-06,02:00:00,96.6932,96.9594,96.6169,96.7932,0,0
2015-01-06,03:00:00,96.786,96.944,96.7314,96.9321,0,0
2015-01-06,04:00:00,96.9371,97.2048,96.8306,97.0976,0,0
2015-01-06,05:00:00,97.0976,97.1012,97.0109,97.087,0,0
2015-01-06,06:00:00,97.0324,97.0513,96.7727,96.8822,0,0
2015-01-06,07:00:00,96.8822,96.9601,96.7458,96.853,0,0
2015-01-06,08:00:00,96.8324,96.9939,96.7674,96.7921,0,0
2015-01-06,09:00:00,96.7921,96.8595,96.7404,96.8179,0,0
2015-01-06,10:00:00,96.8293,96.8513,96.5634,96.6664,0,0
2015-01-06,11:00:00,96.6664,96.7861,96.5868,96.5928,0,0
2015-01-06,12:00:00,96.6032,96.7253,96.529,96.7221,0,0
2015-01-06,13:00:00,96.7123,97.0202,96.7123,96.9613,0,0
2015-01-06,14:00:00,96.9613,96.9697,96.7801,96.8425,0,0
2015-01-06,15:00:00,96.8425,96.8552,96.667,96.6949,0,0
2015-01-06,16:00:00,96.6802,96.6948,96.4506,96.5698,0,0
2015-01-06,17:00:00,96.5698,96.6717,96.3147,96.3236,0,0
2015-01-06,18:00:00,96.3108,96.4246,95.9603,95.9619,0,0
2015-01-06,19:00:00,95.9619,96.1056,95.8563,96.0328,0,0
2015-01-06,20:00:00,96.0484,96.0694,95.829,96.0694,0,0
2015-01-06,21:00:00,96.067,96.2609,95.9977,96.1544,0,0
2015-01-06,22:00:00,96.1894,96.2484,95.9338,95.935,0,0
2015-01-06,23:00:00,95.9296,95.9711,95.676,95.685,0,0
2015-01-06,23:59:00,95.685,95.8643,95.6503,95.7218,0,0
2015-01-07,01:00:00,95.7457,95.8692,95.7199,95.8451,0,0
2015-01-07,02:00:00,95.8451,95.9485,95.679,95.7074,0,0
2015-01-07,03:00:00,95.7055,96.0695,95.7028,96.0534,0,0
2015-01-07,04:00:00,96.0993,96.2139,96.0337,96.0582,0,0
2015-01-07,05:00:00,96.0605,96.1427,95.9565,96.1257,0,0
2015-01-07,06:00:00,96.0875,96.1824,96.0578,96.0985,0,0
2015-01-07,07:00:00,96.0976,96.1209,95.8501,95.9395,0,0
2015-01-07,08:00:00,95.9402,95.9886,95.9007,95.9835,0,0
2015-01-07,09:00:00,95.9868,96.2275,95.926,96.095,0,0
2015-01-07,10:00:00,96.095,96.1809,96.05,96.0513,0,0
2015-01-07,11:00:00,96.0513,96.1253,95.8015,95.8015,0,0
2015-01-07,12:00:00,95.792,96.1269,95.772,96.075,0,0
2015-01-07,13:00:00,96.107,96.2192,96.107,96.1415,0,0
2015-01-07,14:00:00,96.1415,96.2832,96.139,96.1939,0,0
2015-01-07,15:00:00,96.2026,96.347,96.1671,96.1823,0,0
2015-01-07,16:00:00,96.1796,96.2054,96.0376,96.1273,0,0
2015-01-07,17:00:00,96.1933,96.263,95.9721,96.022,0,0
2015-01-07,18:00:00,96.0238,96.2204,95.9442,96.193,0,0
2015-01-07,19:00:00,96.193,96.2631,96.1343,96.206,0,0
2015-01-07,20:00:00,96.206,96.2448,96.0653,96.101,0,0
2015-01-07,21:00:00,96.0852,96.208,95.9811,96.1316,0,0
2015-01-07,22:00:00,96.1289,96.1797,96.1024,96.1548,0,0
2015-01-07,23:00:00,96.1504,96.3208,96.0675,96.3153,0,0
2015-01-07,23:59:00,96.3153,96.4004,96.2373,96.3579,0,0
2015-01-08,01:00:00,96.3454,96.4536,96.2579,96.3205,0,0
2015-01-08,02:00:00,96.3806,96.7024,96.3638,96.6317,0,0
2015-01-08,03:00:00,96.6668,96.8939,96.6668,96.8638,0,0
2015-01-08,04:00:00,96.8542,96.8913,96.7748,96.852,0,0
2015-01-08,05:00:00,96.8512,97.1404,96.8352,97.0671,0,0
2015-01-08,06:00:00,97.0671,97.1319,97.031,97.0904,0,0
2015-01-08,07:00:00,97.0665,97.104,96.981,97.1031,0,0
2015-01-08,08:00:00,97.1078,97.1697,97.0982,97.1445,0,0
2015-01-08,09:00:00,97.141,97.1659,97.0108,97.1117,0,0
2015-01-08,10:00:00,97.0946,97.2314,97.0217,97.1279,0,0
2015-01-08,11:00:00,97.1405,97.2497,97.139,97.1493,0,0
2015-01-08,12:00:00,97.1615,97.1835,96.9573,97.0681,0,0
2015-01-08,13:00:00,97.0792,97.1966,97.0337,97.1625,0,0
2015-01-08,14:00:00,97.1764,97.1935,97.0854,97.1034,0,0
2015-01-08,15:00:00,97.1009,97.124,96.8478,96.8548,0,0
2015-01-08,16:00:00,96.8541,96.9933,96.7764,96.9933,0,0
2015-01-08,17:00:00,97.0029,97.1335,96.9632,97.0347,0,0
2015-01-08,18:00:00,97.0365,97.2069,97.0359,97.1502,0,0
2015-01-08,19:00:00,97.1142,97.1865,97.089,97.1408,0,0
2015-01-08,20:00:00,97.1479,97.2617,97.0935,97.1,0,0
2015-01-08,21:00:00,97.1024,97.1369,97.0021,97.037,0,0
2015-01-08,22:00:00,97.0508,97.1217,97.0332,97.0789,0,0
2015-01-08,23:00:00,97.0837,97.2129,97.0526,97.1936,0,0
2015-01-08,23:59:00,97.1879,97.2471,97.1049,97.1584,0,0
2015-01-09,01:00:00,97.1584,97.2297,97.0971,97.1842,0,0
2015-01-09,02:00:00,97.1842,97.4075,97.0989,97.3796,0,0
2015-01-09,03:00:00,97.408,97.4314,97.1657,97.2016,0,0
2015-01-09,04:00:00,97.2194,97.3313,97.2194,97.3153,0,0
2015-01-09,05:00:00,97.2703,97.3405,97.2636,97.2978,0,0
2015-01-09,06:00:00,97.2978,97.2978,97.1182,97.1207,0,0
2015-01-09,07:00:00,97.1152,97.135,97.0081,97.1195,0,0
2015-01-09,08:00:00,97.1195,97.1377,97.026,97.0974,0,0
2015-01-09,09:00:00,97.098,97.1121,97.0038,97.0109,0,0
2015-01-09,10:00:00,97.0117,97.0117,96.8732,96.9368,0,0
2015-01-09,11:00:00,96.9368,96.9862,96.8395,96.9011,0,0
2015-01-09,12:00:00,96.8933,97.0296,96.8933,96.9857,0,0
2015-01-09,13:00:00,96.9857,97.11,96.9857,97.1052,0,0
2015-01-09,14:00:00,97.1053,97.1078,97.003,97.0475,0,0
2015-01-09,15:00:00,97.046,97.4792,96.95,97.4301,0,0
2015-01-09,16:00:00,97.4285,97.6541,97.3636,97.3648,0,0
2015-01-09,17:00:00,97.3648,97.4928,97.2461,97.3252,0,0
2015-01-09,18:00:00,97.3154,97.4859,97.0489,97.1753,0,0
2015-01-09,19:00:00,97.1778,97.2474,97.0884,97.1088,0,0
2015-01-09,20:00:00,97.1088,97.2208,97.0709,97.1651,0,0
2015-01-09,21:00:00,97.1426,97.2449,97.1282,97.2162,0,0
2015-01-09,22:00:00,97.2162,97.3072,97.2162,97.2686,0,0
2015-01-09,23:00:00,97.2687,97.2687,97.2687,97.2687,0,0
