Date,Time,Open,High,Low,Close,Volume,OpenInt
2014-10-13,01:00:00,0.86797,0.86817,0.86564,0.86571,0,0
2014-10-13,02:00:00,0.8657,0.86815,0.8652,0.86771,0,0
2014-10-13,03:00:00,0.86771,0.86933,0.86519,0.86917,0,0
2014-10-13,04:00:00,0.86918,0.8731,0.86894,0.87267,0,0
2014-10-13,05:00:00,0.87264,0.87488,0.87179,0.87305,0,0
2014-10-13,06:00:00,0.87305,0.8736,0.8719,0.87329,0,0
2014-10-13,07:00:00,0.87329,0.87435,0.87287,0.87349,0,0
2014-10-13,08:00:00,0.87348,0.87407,0.87275,0.87335,0,0
2014-10-13,09:00:00,0.87336,0.87411,0.87114,0.87163,0,0
2014-10-13,10:00:00,0.87165,0.87263,0.87093,0.87254,0,0
2014-10-13,11:00:00,0.87254,0.87371,0.87235,0.87309,0,0
2014-10-13,12:00:00,0.87308,0.87467,0.87268,0.87449,0,0
2014-10-13,13:00:00,0.87449,0.87638,0.87413,0.8755,0,0
2014-10-13,14:00:00,0.8755,0.87679,0.87547,0.87553,0,0
2014-10-13,15:00:00,0.87552,0.87683,0.87536,0.87667,0,0
2014-10-13,16:00:00,0.8767,0.87863,0.87628,0.8778,0,0
2014-10-13,17:00:00,0.8778,0.87791,0.875,0.87524,0,0
2014-10-13,18:00:00,0.87531,0.87686,0.87438,0.87598,0,0
2014-10-13,19:00:00,0.87607,0.87639,0.87533,0.8755,0,0
2014-10-13,20:00:00,0.87552,0.87658,0.87533,0.87623,0,0
2014-10-13,21:00:00,0.87623,0.87656,0.87578,0.87595,0,0
2014-10-13,22:00:00,0.87596,0.87726,0.8753,0.8753,0,0
2014-10-13,23:00:00,0.8753,0.87755,0.8752,0.87699,0,0
2014-10-13,23:59:00,0.87699,0.87731,0.87556,0.87576,0,0
2014-10-14,01:00:00,0.87576,0.8763,0.87533,0.87559,0,0
2014-10-14,02:00:00,0.87559,0.87626,0.87468,0.8753,0,0
2014-10-14,03:00:00,0.8753,0.87531,0.8736,0.87477,0,0
2014-10-14,04:00:00,0.87477,0.87874,0.87434,0.87831,0,0
2014-10-14,05:00:00,0.87825,0.88114,0.87795,0.88032,0,0
2014-10-14,06:00:00,0.88031,0.88105,0.87931,0.87934,0,0
2014-10-14,07:00:00,0.87933,0.87982,0.87871,0.87948,0,0
2014-10-14,08:00:00,0.87948,0.87996,0.87832,0.87843,0,0
2014-10-14,09:00:00,0.87843,0.87904,0.87718,0.87762,0,0
2014-10-14,10:00:00,0.87762,0.8778,0.87528,0.87564,0,0
2014-10-14,11:00:00,0.87564,0.87573,0.87375,0.87481,0,0
2014-10-14,12:00:00,0.87481,0.87518,0.87177,0.87292,0,0
2014-10-14,13:00:00,0.87287,0.87424,0.872,0.87386,0,0
2014-10-14,14:00:00,0.87388,0.8739,0.87228,0.8735,0,0
2014-10-14,15:00:00,0.87351,0.87536,0.87314,0.87475,0,0
2014-10-14,16:00:00,0.87484,0.87504,0.87225,0.87255,0,0
2014-10-14,17:00:00,0.87256,0.87329,0.87209,0.87264,0,0
2014-10-14,18:00:00,0.87263,0.87305,0.87194,0.87251,0,0
2014-10-14,19:00:00,0.87254,0.87315,0.87227,0.87284,0,0
2014-10-14,20:00:00,0.87284,0.87296,0.87242,0.87257,0,0
2014-10-14,21:00:00,0.87256,0.87268,0.87026,0.8708,0,0
2014-10-14,22:00:00,0.8708,0.87105,0.86937,0.87052,0,0
2014-10-14,23:00:00,0.87053,0.87148,0.87052,0.87128,0,0
2014-10-14,23:59:00,0.87128,0.87196,0.87092,0.87186,0,0
2014-10-15,01:00:00,0.87186,0.87186,0.87068,0.87088,0,0
2014-10-15,02:00:00,0.87088,0.8711,0.86923,0.87089,0,0
2014-10-15,03:00:00,0.87088,0.87093,0.86843,0.86853,0,0
2014-10-15,04:00:00,0.86853,0.8713,0.86753,0.87063,0,0
2014-10-15,05:00:00,0.87066,0.87102,0.86981,0.87071,0,0
2014-10-15,06:00:00,0.87073,0.872,0.87067,0.87152,0,0
2014-10-15,07:00:00,0.87152,0.87242,0.87054,0.87201,0,0
2014-10-15,08:00:00,0.872,0.87358,0.87151,0.87303,0,0
2014-10-15,09:00:00,0.87303,0.87494,0.87277,0.87412,0,0
2014-10-15,10:00:00,0.87412,0.87474,0.87235,0.87272,0,0
2014-10-15,11:00:00,0.87272,0.8729,0.87176,0.87247,0,0
2014-10-15,12:00:00,0.87242,0.8732,0.87033,0.87122,0,0
2014-10-15,13:00:00,0.87123,0.87277,0.87118,0.87229,0,0
2014-10-15,14:00:00,0.87229,0.87262,0.87123,0.87229,0,0
2014-10-15,15:00:00,0.87227,0.87855,0.87164,0.87696,0,0
2014-10-15,16:00:00,0.87696,0.88592,0.87657,0.87988,0,0
2014-10-15,17:00:00,0.87994,0.88053,0.87776,0.87845,0,0
2014-10-15,18:00:00,0.87848,0.88065,0.87818,0.8792,0,0
2014-10-15,19:00:00,0.87921,0.88044,0.878,0.87843,0,0
2014-10-15,20:00:00,0.87843,0.87865,0.87175,0.8737,0,0
2014-10-15,21:00:00,0.8737,0.87758,0.8731,0.87709,0,0
2014-10-15,22:00:00,0.87709,0.88197,0.8769,0.88117,0,0
2014-10-15,23:00:00,0.88116,0.88364,0.88066,0.88264,0,0
2014-10-15,23:59:00,0.88264,0.88264,0.88038,0.8808,0,0
2014-10-16,01:00:00,0.8808,0.88134,0.87952,0.87997,0,0
2014-10-16,02:00:00,0.87993,0.88035,0.87767,0.87914,0,0
2014-10-16,03:00:00,0.87917,0.88136,0.8782,0.8803,0,0
2014-10-16,04:00:00,0.88031,0.88093,0.8792,0.88053,0,0
2014-10-16,05:00:00,0.88053,0.88055,0.87847,0.87948,0,0
2014-10-16,06:00:00,0.87948,0.87987,0.87834,0.87877,0,0
2014-10-16,07:00:00,0.87877,0.87902,0.87825,0.87867,0,0
2014-10-16,08:00:00,0.87867,0.87984,0.87833,0.8791,0,0
2014-10-16,09:00:00,0.8791,0.87928,0.87588,0.87677,0,0
2014-10-16,10:00:00,0.87675,0.87783,0.87432,0.87615,0,0
2014-10-16,11:00:00,0.87617,0.87641,0.87295,0.87308,0,0
2014-10-16,12:00:00,0.87307,0.8738,0.8695,0.86956,0,0
2014-10-16,13:00:00,0.86957,0.87187,0.86877,0.87139,0,0
2014-10-16,14:00:00,0.87139,0.87283,0.87054,0.87106,0,0
2014-10-16,15:00:00,0.87109,0.8713,0.86857,0.87039,0,0
2014-10-16,16:00:00,0.87039,0.87335,0.87005,0.8725,0,0
2014-10-16,17:00:00,0.87248,0.87758,0.87178,0.87655,0,0
2014-10-16,18:00:00,0.8765,0.87878,0.87488,0.87651,0,0
2014-10-16,19:00:00,0.87651,0.87762,0.87581,0.87753,0,0
2014-10-16,20:00:00,0.87753,0.8785,0.87623,0.87634,0,0
2014-10-16,21:00:00,0.87633,0.87673,0.87574,0.8763,0,0
2014-10-16,22:00:00,0.87633,0.87687,0.87552,0.87556,0,0
2014-10-16,23:00:00,0.87556,0.87601,0.87506,0.87542,0,0
2014-10-16,23:59:00,0.87538,0.87566,0.87447,0.8749,0,0
2014-10-17,01:00:00,0.87497,0.87567,0.87331,0.87555,0,0
2014-10-17,02:00:00,0.87548,0.87729,0.87548,0.87703,0,0
2014-10-17,03:00:00,0.87703,0.87841,0.87693,0.87715,0,0
2014-10-17,04:00:00,0.87718,0.87906,0.8771,0.87872,0,0
2014-10-17,05:00:00,0.87872,0.87872,0.87662,0.87662,0,0
2014-10-17,06:00:00,0.87662,0.87701,0.87432,0.87454,0,0
2014-10-17,07:00:00,0.87454,0.87629,0.87377,0.8749,0,0
2014-10-17,08:00:00,0.8749,0.87532,0.87359,0.87448,0,0
2014-10-17,09:00:00,0.87448,0.87499,0.87354,0.87452,0,0
2014-10-17,10:00:00,0.87453,0.87772,0.87379,0.87732,0,0
2014-10-17,11:00:00,0.87733,0.87896,0.87618,0.87888,0,0
2014-10-17,12:00:00,0.87887,0.8789,0.87691,0.87743,0,0
2014-10-17,13:00:00,0.87743,0.87931,0.87741,0.87846,0,0
2014-10-17,14:00:00,0.87845,0.87924,0.87786,0.8789,0,0
2014-10-17,15:00:00,0.8789,0.88111,0.87717,0.87777,0,0
2014-10-17,16:00:00,0.87777,0.87783,0.8744,0.87502,0,0
2014-10-17,17:00:00,0.87502,0.87715,0.87475,0.87539,0,0
2014-10-17,18:00:00,0.87541,0.87647,0.87475,0.87599,0,0
2014-10-17,19:00:00,0.87598,0.87745,0.87554,0.87679,0,0
2014-10-17,20:00:00,0.87679,0.87727,0.87622,0.87713,0,0
2014-10-17,21:00:00,0.87709,0.87711,0.8757,0.87603,0,0
2014-10-17,22:00:00,0.87604,0.87644,0.87567,0.87631,0,0
2014-10-17,23:00:00,0.87631,0.87631,0.87631,0.87631,0,0
2014-10-20,01:00:00,0.87638,0.87638,0.8747,0.87472,0,0
2014-10-20,02:00:00,0.87472,0.8764,0.87463,0.87549,0,0
2014-10-20,03:00:00,0.87549,0.8776,0.87547,0.87689,0,0
2014-10-20,04:00:00,0.87688,0.87836,0.87673,0.87793,0,0
2014-10-20,05:00:00,0.87794,0.87866,0.87726,0.87825,0,0
2014-10-20,06:00:00,0.87828,0.87833,0.87687,0.87735,0,0
2014-10-20,07:00:00,0.87736,0.87758,0.87681,0.87733,0,0
2014-10-20,08:00:00,0.87732,0.87771,0.87693,0.87732,0,0
2014-10-20,09:00:00,0.87737,0.87751,0.87491,0.8758,0,0
2014-10-20,10:00:00,0.87579,0.87659,0.87509,0.87607,0,0
2014-10-20,11:00:00,0.87607,0.87671,0.87573,0.87573,0,0
2014-10-20,12:00:00,0.87573,0.87722,0.87569,0.8767,0,0
2014-10-20,13:00:00,0.87673,0.8782,0.87617,0.87622,0,0
2014-10-20,14:00:00,0.87621,0.87668,0.87587,0.87638,0,0
2014-10-20,15:00:00,0.87638,0.87802,0.87636,0.87745,0,0
2014-10-20,16:00:00,0.87744,0.87855,0.87706,0.87819,0,0
2014-10-20,17:00:00,0.87819,0.87976,0.87816,0.87829,0,0
2014-10-20,18:00:00,0.8783,0.87847,0.8778,0.87841,0,0
2014-10-20,19:00:00,0.87841,0.87939,0.87796,0.87871,0,0
2014-10-20,20:00:00,0.87871,0.87937,0.87864,0.8788,0,0
2014-10-20,21:00:00,0.87881,0.87929,0.87871,0.87902,0,0
2014-10-20,22:00:00,0.87903,0.88008,0.87896,0.87951,0,0
2014-10-20,23:00:00,0.8795,0.87961,0.87803,0.87803,0,0
2014-10-20,23:59:00,0.87803,0.87868,0.87781,0.87781,0,0
2014-10-21,01:00:00,0.87781,0.87923,0.87781,0.87874,0,0
2014-10-21,02:00:00,0.87869,0.87911,0.87745,0.87767,0,0
2014-10-21,03:00:00,0.87767,0.87965,0.87734,0.87837,0,0
2014-10-21,04:00:00,0.87837,0.87839,0.87588,0.87588,0,0
2014-10-21,05:00:00,0.87759,0.88137,0.8774,0.88001,0,0
2014-10-21,06:00:00,0.88002,0.88108,0.87959,0.88106,0,0
2014-10-21,07:00:00,0.88106,0.88278,0.88105,0.88186,0,0
2014-10-21,08:00:00,0.88186,0.8819,0.88035,0.88182,0,0
2014-10-21,09:00:00,0.88181,0.88268,0.87948,0.87987,0,0
2014-10-21,10:00:00,0.87987,0.88152,0.87987,0.88086,0,0
2014-10-21,11:00:00,0.88084,0.88134,0.87926,0.87941,0,0
2014-10-21,12:00:00,0.87937,0.88115,0.87921,0.8811,0,0
2014-10-21,13:00:00,0.88109,0.88143,0.87977,0.87981,0,0
2014-10-21,14:00:00,0.87982,0.88168,0.87976,0.88128,0,0
2014-10-21,15:00:00,0.88132,0.88319,0.88072,0.88219,0,0
2014-10-21,16:00:00,0.88219,0.88264,0.88089,0.88151,0,0
2014-10-21,17:00:00,0.88151,0.88186,0.87973,0.88076,0,0
2014-10-21,18:00:00,0.88075,0.88096,0.87763,0.87955,0,0
2014-10-21,19:00:00,0.87954,0.88052,0.87941,0.87941,0,0
2014-10-21,20:00:00,0.87941,0.8802,0.87921,0.87921,0,0
2014-10-21,21:00:00,0.8792,0.8792,0.87746,0.87797,0,0
2014-10-21,22:00:00,0.87786,0.87851,0.8776,0.87802,0,0
2014-10-21,23:00:00,0.87794,0.8784,0.87778,0.87778,0,0
2014-10-21,23:59:00,0.87778,0.8783,0.87744,0.8779,0,0
2014-10-22,01:00:00,0.87795,0.87798,0.8763,0.87638,0,0
2014-10-22,02:00:00,0.87637,0.87728,0.87629,0.8768,0,0
2014-10-22,03:00:00,0.8768,0.87871,0.87434,0.87758,0,0
2014-10-22,04:00:00,0.8776,0.87841,0.87665,0.87798,0,0
2014-10-22,05:00:00,0.87797,0.87919,0.87796,0.87891,0,0
2014-10-22,06:00:00,0.87891,0.87978,0.87877,0.87909,0,0
2014-10-22,07:00:00,0.87908,0.87942,0.87871,0.87901,0,0
2014-10-22,08:00:00,0.879,0.87904,0.87821,0.87864,0,0
2014-10-22,09:00:00,0.87867,0.87994,0.87819,0.87869,0,0
2014-10-22,10:00:00,0.87869,0.8788,0.87725,0.87784,0,0
2014-10-22,11:00:00,0.87784,0.87889,0.87734,0.8787,0,0
2014-10-22,12:00:00,0.8787,0.87914,0.87838,0.87888,0,0
2014-10-22,13:00:00,0.87888,0.87896,0.87821,0.87871,0,0
2014-10-22,14:00:00,0.87872,0.88026,0.87857,0.87956,0,0
2014-10-22,15:00:00,0.87957,0.88007,0.87711,0.87724,0,0
2014-10-22,16:00:00,0.87724,0.87894,0.87664,0.87837,0,0
2014-10-22,17:00:00,0.87837,0.88031,0.87829,0.88031,0,0
2014-10-22,18:00:00,0.88033,0.88145,0.87903,0.87926,0,0
2014-10-22,19:00:00,0.87918,0.87938,0.8783,0.87864,0,0
2014-10-22,20:00:00,0.87864,0.87921,0.87842,0.87867,0,0
2014-10-22,21:00:00,0.87867,0.87867,0.87793,0.87806,0,0
2014-10-22,22:00:00,0.87808,0.87838,0.87731,0.87752,0,0
2014-10-22,23:00:00,0.8775,0.8785,0.87714,0.87781,0,0
2014-10-22,23:59:00,0.87781,0.87805,0.87558,0.87626,0,0
2014-10-23,01:00:00,0.87626,0.87758,0.8761,0.87684,0,0
2014-10-23,02:00:00,0.87679,0.87727,0.87616,0.87659,0,0
2014-10-23,03:00:00,0.87659,0.87734,0.87514,0.87531,0,0
2014-10-23,04:00:00,0.87531,0.8774,0.87489,0.87548,0,0
2014-10-23,05:00:00,0.87549,0.87707,0.87544,0.87588,0,0
2014-10-23,06:00:00,0.87589,0.87637,0.87543,0.87556,0,0
2014-10-23,07:00:00,0.87555,0.87616,0.87546,0.87616,0,0
2014-10-23,08:00:00,0.87615,0.87625,0.87567,0.87593,0,0
2014-10-23,09:00:00,0.87593,0.8769,0.87565,0.87679,0,0
2014-10-23,10:00:00,0.87687,0.87962,0.8765,0.87868,0,0
2014-10-23,11:00:00,0.87868,0.87921,0.87748,0.87808,0,0
2014-10-23,12:00:00,0.87802,0.87916,0.87784,0.87835,0,0
2014-10-23,13:00:00,0.87837,0.87879,0.8778,0.87817,0,0
2014-10-23,14:00:00,0.87816,0.88055,0.87786,0.87995,0,0
2014-10-23,15:00:00,0.87995,0.87995,0.87798,0.87815,0,0
2014-10-23,16:00:00,0.87815,0.87827,0.87671,0.87753,0,0
2014-10-23,17:00:00,0.87753,0.87774,0.8752,0.87632,0,0
2014-10-23,18:00:00,0.87633,0.87761,0.876,0.87723,0,0
2014-10-23,19:00:00,0.87724,0.87767,0.87581,0.87587,0,0
2014-10-23,20:00:00,0.87586,0.87639,0.87524,0.87608,0,0
2014-10-23,21:00:00,0.87608,0.87628,0.87527,0.87577,0,0
2014-10-23,22:00:00,0.8758,0.87647,0.87527,0.87548,0,0
2014-10-23,23:00:00,0.87549,0.87634,0.87547,0.87592,0,0
2014-10-23,23:59:00,0.87592,0.87658,0.87535,0.87588,0,0
2014-10-24,01:00:00,0.87587,0.87628,0.87572,0.876,0,0
2014-10-24,02:00:00,0.87596,0.87601,0.8754,0.8755,0,0
2014-10-24,03:00:00,0.87541,0.87548,0.87191,0.87291,0,0
2014-10-24,04:00:00,0.8729,0.87437,0.87266,0.87432,0,0
2014-10-24,05:00:00,0.87434,0.87459,0.87405,0.87408,0,0
2014-10-24,06:00:00,0.87411,0.87619,0.87373,0.87548,0,0
2014-10-24,07:00:00,0.87548,0.87626,0.8751,0.87578,0,0
2014-10-24,08:00:00,0.87573,0.8773,0.87553,0.8765,0,0
2014-10-24,09:00:00,0.8765,0.87698,0.87537,0.87542,0,0
2014-10-24,10:00:00,0.87542,0.8767,0.87501,0.8766,0,0
2014-10-24,11:00:00,0.87661,0.87835,0.8765,0.87741,0,0
2014-10-24,12:00:00,0.87743,0.87792,0.87709,0.87747,0,0
2014-10-24,13:00:00,0.87745,0.87816,0.8774,0.87786,0,0
2014-10-24,14:00:00,0.87786,0.8787,0.87745,0.87849,0,0
2014-10-24,15:00:00,0.87848,0.8813,0.87798,0.88071,0,0
2014-10-24,16:00:00,0.88069,0.88226,0.88028,0.88197,0,0
2014-10-24,17:00:00,0.88197,0.88228,0.87956,0.87974,0,0
2014-10-24,18:00:00,0.87974,0.88133,0.87964,0.88101,0,0
2014-10-24,19:00:00,0.88099,0.88109,0.87989,0.87989,0,0
2014-10-24,20:00:00,0.87988,0.88102,0.87988,0.88075,0,0
2014-10-24,21:00:00,0.88075,0.88118,0.8794,0.87956,0,0
2014-10-24,22:00:00,0.87961,0.88041,0.87961,0.87969,0,0
2014-10-24,23:00:00,0.87972,0.87972,0.87972,0.87972,0,0
2014-10-27,01:00:00,0.88012,0.88053,0.87955,0.88037,0,0
2014-10-27,02:00:00,0.88038,0.88228,0.88036,0.88154,0,0
2014-10-27,03:00:00,0.88153,0.88205,0.88005,0.88116,0,0
2014-10-27,04:00:00,0.88117,0.88236,0.88053,0.88198,0,0
2014-10-27,05:00:00,0.882,0.88202,0.881,0.88127,0,0
2014-10-27,06:00:00,0.88128,0.88187,0.88111,0.88161,0,0
2014-10-27,07:00:00,0.88164,0.88174,0.88108,0.88156,0,0
2014-10-27,08:00:00,0.8815,0.88205,0.88011,0.88018,0,0
2014-10-27,09:00:00,0.88018,0.88051,0.8792,0.87942,0,0
2014-10-27,10:00:00,0.8794,0.88026,0.8788,0.88006,0,0
2014-10-27,11:00:00,0.88003,0.88174,0.87986,0.88099,0,0
2014-10-27,12:00:00,0.88099,0.88157,0.87967,0.87967,0,0
2014-10-27,13:00:00,0.87967,0.88033,0.87889,0.8797,0,0
2014-10-27,14:00:00,0.87973,0.8801,0.87921,0.8794,0,0
2014-10-27,15:00:00,0.87939,0.87972,0.87888,0.87926,0,0
2014-10-27,16:00:00,0.87926,0.88087,0.87914,0.88055,0,0
2014-10-27,17:00:00,0.88056,0.88069,0.87979,0.87979,0,0
2014-10-27,18:00:00,0.87982,0.88126,0.87965,0.88085,0,0
2014-10-27,19:00:00,0.88085,0.88115,0.88043,0.88043,0,0
2014-10-27,20:00:00,0.8804,0.8808,0.88029,0.88079,0,0
2014-10-27,21:00:00,0.88078,0.88079,0.88024,0.88043,0,0
2014-10-27,22:00:00,0.88043,0.88048,0.88009,0.88014,0,0
2014-10-27,23:00:00,0.88013,0.88035,0.87968,0.88007,0,0
2014-10-27,23:59:00,0.88008,0.88008,0.87955,0.87964,0,0
2014-10-28,01:00:00,0.87964,0.88055,0.87947,0.88054,0,0
2014-10-28,02:00:00,0.88054,0.88117,0.88005,0.88102,0,0
2014-10-28,03:00:00,0.88102,0.88219,0.88096,0.88165,0,0
2014-10-28,04:00:00,0.88165,0.88195,0.8812,0.88153,0,0
2014-10-28,05:00:00,0.88153,0.88279,0.88131,0.88204,0,0
2014-10-28,06:00:00,0.88204,0.88222,0.88155,0.88167,0,0
2014-10-28,07:00:00,0.88168,0.88181,0.88102,0.88116,0,0
2014-10-28,08:00:00,0.88126,0.88218,0.88125,0.88188,0,0
2014-10-28,09:00:00,0.88188,0.88388,0.88183,0.88278,0,0
2014-10-28,10:00:00,0.88278,0.88354,0.88249,0.88249,0,0
2014-10-28,11:00:00,0.88241,0.8829,0.88186,0.88285,0,0
2014-10-28,12:00:00,0.88285,0.88367,0.88224,0.88356,0,0
2014-10-28,13:00:00,0.88355,0.88427,0.88304,0.88366,0,0
2014-10-28,14:00:00,0.88371,0.8881,0.88343,0.88634,0,0
2014-10-28,15:00:00,0.88632,0.88798,0.88522,0.88556,0,0
2014-10-28,16:00:00,0.88556,0.88587,0.88422,0.8849,0,0
2014-10-28,17:00:00,0.8849,0.88547,0.88464,0.88469,0,0
2014-10-28,18:00:00,0.8847,0.88545,0.88452,0.88532,0,0
2014-10-28,19:00:00,0.88532,0.88608,0.88491,0.88578,0,0
2014-10-28,20:00:00,0.88574,0.88631,0.88535,0.88557,0,0
2014-10-28,21:00:00,0.88556,0.88631,0.8854,0.88596,0,0
2014-10-28,22:00:00,0.88597,0.88605,0.88527,0.88529,0,0
2014-10-28,23:00:00,0.88529,0.88568,0.88484,0.88507,0,0
2014-10-28,23:59:00,0.88507,0.88567,0.88491,0.88516,0,0
2014-10-29,01:00:00,0.88516,0.88622,0.88515,0.88593,0,0
2014-10-29,02:00:00,0.88605,0.88687,0.88569,0.88602,0,0
2014-10-29,03:00:00,0.88601,0.88638,0.88526,0.88618,0,0
2014-10-29,04:00:00,0.88619,0.88664,0.88597,0.88633,0,0
2014-10-29,05:00:00,0.88631,0.88668,0.88616,0.88635,0,0
2014-10-29,06:00:00,0.88635,0.88676,0.88621,0.88672,0,0
2014-10-29,07:00:00,0.88671,0.88687,0.88631,0.88634,0,0
2014-10-29,08:00:00,0.88634,0.88698,0.88601,0.88607,0,0
2014-10-29,09:00:00,0.88607,0.88765,0.88602,0.88735,0,0
2014-10-29,10:00:00,0.88734,0.88823,0.88721,0.8873,0,0
2014-10-29,11:00:00,0.8873,0.88818,0.88723,0.88791,0,0
2014-10-29,12:00:00,0.88792,0.88818,0.88749,0.88809,0,0
2014-10-29,13:00:00,0.88809,0.88893,0.88784,0.88874,0,0
2014-10-29,14:00:00,0.88874,0.88921,0.88841,0.88909,0,0
2014-10-29,15:00:00,0.88902,0.88964,0.88847,0.88911,0,0
2014-10-29,16:00:00,0.88911,0.89108,0.88902,0.88984,0,0
2014-10-29,17:00:00,0.88984,0.89032,0.88912,0.89025,0,0
2014-10-29,18:00:00,0.89022,0.89022,0.889,0.88946,0,0
2014-10-29,19:00:00,0.88947,0.88947,0.887,0.88796,0,0
2014-10-29,20:00:00,0.88796,0.88796,0.87799,0.88034,0,0
2014-10-29,21:00:00,0.88034,0.88056,0.87896,0.8798,0,0
2014-10-29,22:00:00,0.8798,0.88,0.87761,0.87973,0,0
2014-10-29,23:00:00,0.87972,0.87975,0.87832,0.87915,0,0
2014-10-29,23:59:00,0.87915,0.87992,0.87869,0.87877,0,0
2014-10-30,01:00:00,0.87877,0.87913,0.87636,0.87687,0,0
2014-10-30,02:00:00,0.87686,0.87785,0.876,0.87761,0,0
2014-10-30,03:00:00,0.87761,0.8778,0.87622,0.87739,0,0
2014-10-30,04:00:00,0.87739,0.87815,0.87732,0.8778,0,0
2014-10-30,05:00:00,0.8778,0.87781,0.87656,0.8767,0,0
2014-10-30,06:00:00,0.8767,0.87737,0.87647,0.87675,0,0
2014-10-30,07:00:00,0.87673,0.87709,0.87555,0.87655,0,0
2014-10-30,08:00:00,0.87649,0.8774,0.87625,0.87708,0,0
2014-10-30,09:00:00,0.87709,0.87768,0.87652,0.87668,0,0
2014-10-30,10:00:00,0.8767,0.87866,0.8763,0.87861,0,0
2014-10-30,11:00:00,0.87863,0.87968,0.87819,0.87949,0,0
2014-10-30,12:00:00,0.87946,0.88045,0.87867,0.87935,0,0
2014-10-30,13:00:00,0.87935,0.87944,0.87842,0.87849,0,0
2014-10-30,14:00:00,0.87849,0.8811,0.87591,0.88105,0,0
2014-10-30,15:00:00,0.88102,0.88137,0.87966,0.88018,0,0
2014-10-30,16:00:00,0.88012,0.88231,0.87992,0.88213,0,0
2014-10-30,17:00:00,0.88214,0.88256,0.88069,0.88232,0,0
2014-10-30,18:00:00,0.88235,0.8839,0.88216,0.88328,0,0
2014-10-30,19:00:00,0.88327,0.88357,0.88196,0.88241,0,0
2014-10-30,20:00:00,0.8824,0.88354,0.88235,0.88296,0,0
2014-10-30,21:00:00,0.88295,0.88363,0.88286,0.88306,0,0
2014-10-30,22:00:00,0.88305,0.8835,0.88277,0.88326,0,0
2014-10-30,23:00:00,0.88326,0.88522,0.883,0.8839,0,0
2014-10-30,23:59:00,0.8839,0.8839,0.88239,0.88266,0,0
2014-10-31,01:00:00,0.88269,0.88332,0.88212,0.88269,0,0
2014-10-31,02:00:00,0.88269,0.88287,0.88156,0.88186,0,0
2014-10-31,03:00:00,0.88186,0.8831,0.88174,0.88272,0,0
2014-10-31,04:00:00,0.88271,0.883,0.88174,0.8822,0,0
2014-10-31,05:00:00,0.88219,0.88302,0.8819,0.88232,0,0
2014-10-31,06:00:00,0.88236,0.88274,0.87926,0.88047,0,0
2014-10-31,07:00:00,0.88046,0.88078,0.87851,0.87922,0,0
2014-10-31,08:00:00,0.87924,0.88108,0.8787,0.88012,0,0
2014-10-31,09:00:00,0.88011,0.88255,0.87852,0.88107,0,0
2014-10-31,10:00:00,0.88085,0.88196,0.88033,0.88148,0,0
2014-10-31,11:00:00,0.88154,0.88162,0.88031,0.88144,0,0
2014-10-31,12:00:00,0.88144,0.88269,0.8812,0.88255,0,0
2014-10-31,13:00:00,0.88258,0.88374,0.88241,0.88307,0,0
2014-10-31,14:00:00,0.8831,0.88439,0.87876,0.87903,0,0
2014-10-31,15:00:00,0.87888,0.87971,0.87724,0.87861,0,0
2014-10-31,16:00:00,0.8787,0.87873,0.8764,0.87728,0,0
2014-10-31,17:00:00,0.87742,0.87945,0.87693,0.879,0,0
2014-10-31,18:00:00,0.879,0.88067,0.8787,0.88062,0,0
2014-10-31,19:00:00,0.88062,0.88062,0.87905,0.87928,0,0
2014-10-31,20:00:00,0.87928,0.87993,0.87918,0.87945,0,0
2014-10-31,21:00:00,0.87945,0.8803,0.87936,0.87986,0,0
2014-10-31,22:00:00,0.87986,0.88033,0.87927,0.87949,0,0
2014-10-31,23:00:00,0.87949,0.87949,0.87949,0.87949,0,0
2014-11-03,01:00:00,0.87569,0.87609,0.87449,0.87511,0,0
2014-11-03,02:00:00,0.87511,0.87601,0.87096,0.87098,0,0
2014-11-03,03:00:00,0.87098,0.87221,0.87031,0.87164,0,0
2014-11-03,04:00:00,0.8716,0.87252,0.87137,0.87237,0,0
2014-11-03,05:00:00,0.87237,0.87297,0.87196,0.87258,0,0
2014-11-03,06:00:00,0.87257,0.87401,0.87252,0.87355,0,0
2014-11-03,07:00:00,0.87354,0.87395,0.87326,0.87373,0,0
2014-11-03,08:00:00,0.87374,0.8752,0.87365,0.87489,0,0
2014-11-03,09:00:00,0.8749,0.87526,0.87324,0.87405,0,0
2014-11-03,10:00:00,0.87405,0.87506,0.87405,0.87428,0,0
2014-11-03,11:00:00,0.87428,0.87545,0.87419,0.87444,0,0
2014-11-03,12:00:00,0.87447,0.87501,0.87274,0.87356,0,0
2014-11-03,13:00:00,0.87354,0.87356,0.87092,0.87203,0,0
2014-11-03,14:00:00,0.87205,0.87233,0.87123,0.87157,0,0
2014-11-03,15:00:00,0.87155,0.87192,0.8704,0.8714,0,0
2014-11-03,16:00:00,0.87133,0.87139,0.86972,0.86984,0,0
2014-11-03,17:00:00,0.86984,0.87151,0.8687,0.87027,0,0
2014-11-03,18:00:00,0.87027,0.87079,0.86965,0.86992,0,0
2014-11-03,19:00:00,0.86992,0.86993,0.86829,0.86939,0,0
2014-11-03,20:00:00,0.86939,0.86945,0.86861,0.8694,0,0
2014-11-03,21:00:00,0.86939,0.86953,0.86787,0.86848,0,0
2014-11-03,22:00:00,0.86847,0.86936,0.86814,0.86896,0,0
2014-11-03,23:00:00,0.86897,0.86901,0.86778,0.86796,0,0
2014-11-03,23:59:00,0.86798,0.86924,0.86764,0.86883,0,0
2014-11-04,01:00:00,0.86883,0.86964,0.8685,0.8689,0,0
2014-11-04,02:00:00,0.86891,0.87084,0.86448,0.86737,0,0
2014-11-04,03:00:00,0.86738,0.8701,0.86737,0.86899,0,0
2014-11-04,04:00:00,0.86895,0.86996,0.86836,0.86879,0,0
2014-11-04,05:00:00,0.86879,0.87343,0.86868,0.87266,0,0
2014-11-04,06:00:00,0.87265,0.87337,0.8718,0.87202,0,0
2014-11-04,07:00:00,0.87202,0.87263,0.87147,0.87258,0,0
2014-11-04,08:00:00,0.87258,0.87322,0.87206,0.87312,0,0
2014-11-04,09:00:00,0.87314,0.87318,0.87127,0.87151,0,0
2014-11-04,10:00:00,0.87151,0.87272,0.87108,0.87258,0,0
2014-11-04,11:00:00,0.87258,0.87428,0.8719,0.87377,0,0
2014-11-04,12:00:00,0.87378,0.87493,0.87317,0.87405,0,0
2014-11-04,13:00:00,0.87405,0.87434,0.87346,0.8741,0,0
2014-11-04,14:00:00,0.8741,0.87418,0.87221,0.8728,0,0
2014-11-04,15:00:00,0.8729,0.87363,0.87161,0.87327,0,0
2014-11-04,16:00:00,0.87327,0.8734,0.87125,0.87162,0,0
2014-11-04,17:00:00,0.87162,0.87313,0.87113,0.87264,0,0
2014-11-04,18:00:00,0.87264,0.8734,0.87155,0.87271,0,0
2014-11-04,19:00:00,0.87268,0.87318,0.8721,0.87311,0,0
2014-11-04,20:00:00,0.87309,0.87379,0.87258,0.87358,0,0
2014-11-04,21:00:00,0.87358,0.87419,0.87296,0.87418,0,0
2014-11-04,22:00:00,0.87416,0.87439,0.87362,0.87366,0,0
2014-11-04,23:00:00,0.87365,0.87399,0.87285,0.87375,0,0
2014-11-04,23:59:00,0.87373,0.87586,0.87323,0.87538,0,0
2014-11-05,01:00:00,0.87532,0.87608,0.87445,0.87449,0,0
2014-11-05,02:00:00,0.87455,0.87459,0.87331,0.87415,0,0
2014-11-05,03:00:00,0.87414,0.8746,0.87331,0.87428,0,0
2014-11-05,04:00:00,0.87427,0.87546,0.87391,0.87475,0,0
2014-11-05,05:00:00,0.87474,0.87532,0.87424,0.87494,0,0
2014-11-05,06:00:00,0.87494,0.87497,0.87283,0.87323,0,0
2014-11-05,07:00:00,0.87324,0.87377,0.87152,0.8723,0,0
2014-11-05,08:00:00,0.8723,0.87231,0.8687,0.86939,0,0
2014-11-05,09:00:00,0.86939,0.86989,0.8687,0.86928,0,0
2014-11-05,10:00:00,0.86929,0.86958,0.86669,0.86704,0,0
2014-11-05,11:00:00,0.86705,0.86762,0.86551,0.86615,0,0
2014-11-05,12:00:00,0.86615,0.86615,0.86108,0.86328,0,0
2014-11-05,13:00:00,0.8633,0.86372,0.86114,0.86118,0,0
2014-11-05,14:00:00,0.86115,0.86214,0.8607,0.8609,0,0
2014-11-05,15:00:00,0.8609,0.8626,0.85959,0.86148,0,0
2014-11-05,16:00:00,0.86139,0.86169,0.85811,0.85895,0,0
2014-11-05,17:00:00,0.85873,0.8597,0.85647,0.85916,0,0
2014-11-05,18:00:00,0.85916,0.85932,0.8579,0.85895,0,0
2014-11-05,19:00:00,0.85895,0.85912,0.8572,0.85807,0,0
2014-11-05,20:00:00,0.85807,0.85843,0.85692,0.85702,0,0
2014-11-05,21:00:00,0.85702,0.85836,0.85695,0.85781,0,0
2014-11-05,22:00:00,0.85787,0.8594,0.85785,0.85924,0,0
2014-11-05,23:00:00,0.85924,0.8597,0.85899,0.85944,0,0
2014-11-05,23:59:00,0.85937,0.85959,0.85704,0.85727,0,0
2014-11-06,01:00:00,0.85726,0.85805,0.85625,0.85777,0,0
2014-11-06,02:00:00,0.85779,0.86061,0.85532,0.85636,0,0
2014-11-06,03:00:00,0.85636,0.85833,0.8563,0.85777,0,0
2014-11-06,04:00:00,0.85777,0.86017,0.8567,0.85681,0,0
2014-11-06,05:00:00,0.85683,0.85729,0.85555,0.85718,0,0
2014-11-06,06:00:00,0.85717,0.8609,0.85655,0.86086,0,0
2014-11-06,07:00:00,0.86079,0.86198,0.85946,0.86176,0,0
2014-11-06,08:00:00,0.86174,0.86189,0.8605,0.86079,0,0
2014-11-06,09:00:00,0.86078,0.8626,0.86027,0.86139,0,0
2014-11-06,10:00:00,0.8614,0.86195,0.85979,0.86163,0,0
2014-11-06,11:00:00,0.86162,0.86254,0.861,0.86166,0,0
2014-11-06,12:00:00,0.86163,0.86189,0.861,0.86131,0,0
2014-11-06,13:00:00,0.86132,0.86134,0.86031,0.86104,0,0
2014-11-06,14:00:00,0.86105,0.86162,0.86062,0.86146,0,0
2014-11-06,15:00:00,0.86146,0.86186,0.85769,0.85879,0,0
2014-11-06,16:00:00,0.85881,0.86118,0.85724,0.86109,0,0
2014-11-06,17:00:00,0.86114,0.86114,0.85747,0.85901,0,0
2014-11-06,18:00:00,0.85902,0.85937,0.8578,0.8579,0,0
2014-11-06,19:00:00,0.8579,0.85804,0.85604,0.85633,0,0
2014-11-06,20:00:00,0.85637,0.85801,0.85615,0.85769,0,0
2014-11-06,21:00:00,0.85768,0.85781,0.85687,0.85716,0,0
2014-11-06,22:00:00,0.85716,0.85733,0.85614,0.85634,0,0
2014-11-06,23:00:00,0.85634,0.85647,0.85571,0.85581,0,0
2014-11-06,23:59:00,0.85581,0.85634,0.85544,0.8558,0,0
2014-11-07,01:00:00,0.8558,0.85635,0.85526,0.85614,0,0
2014-11-07,02:00:00,0.85617,0.85739,0.85472,0.85644,0,0
2014-11-07,03:00:00,0.85643,0.85691,0.85483,0.856,0,0
2014-11-07,04:00:00,0.85601,0.85701,0.8557,0.85618,0,0
2014-11-07,05:00:00,0.85618,0.8566,0.85506,0.85566,0,0
2014-11-07,06:00:00,0.85564,0.85594,0.85418,0.85442,0,0
2014-11-07,07:00:00,0.85441,0.85594,0.854,0.85526,0,0
2014-11-07,08:00:00,0.85525,0.85629,0.85496,0.85581,0,0
2014-11-07,09:00:00,0.85581,0.85775,0.85555,0.85747,0,0
2014-11-07,10:00:00,0.85746,0.85926,0.85746,0.85924,0,0
2014-11-07,11:00:00,0.85923,0.8595,0.85853,0.85935,0,0
2014-11-07,12:00:00,0.85939,0.86038,0.85908,0.86027,0,0
2014-11-07,13:00:00,0.86027,0.86039,0.85904,0.85972,0,0
2014-11-07,14:00:00,0.85971,0.85971,0.85817,0.85933,0,0
2014-11-07,15:00:00,0.85933,0.86327,0.85668,0.85932,0,0
2014-11-07,16:00:00,0.85934,0.86355,0.85893,0.86265,0,0
2014-11-07,17:00:00,0.86258,0.86285,0.86064,0.86102,0,0
2014-11-07,18:00:00,0.86103,0.86206,0.86068,0.86184,0,0
2014-11-07,19:00:00,0.86186,0.86298,0.86186,0.86264,0,0
2014-11-07,20:00:00,0.86254,0.8657,0.8623,0.8641,0,0
2014-11-07,21:00:00,0.86414,0.86427,0.86287,0.86356,0,0
2014-11-07,22:00:00,0.86358,0.86475,0.86307,0.86328,0,0
2014-11-07,23:00:00,0.86319,0.86319,0.86319,0.86319,0,0
2014-11-10,01:00:00,0.86405,0.86518,0.864,0.86429,0,0
2014-11-10,02:00:00,0.86427,0.86536,0.86417,0.8649,0,0
2014-11-10,03:00:00,0.8649,0.86622,0.86461,0.86621,0,0
2014-11-10,04:00:00,0.86706,0.86808,0.86643,0.8666,0,0
2014-11-10,05:00:00,0.86663,0.86758,0.86638,0.8672,0,0
2014-11-10,06:00:00,0.8672,0.86756,0.86696,0.8671,0,0
2014-11-10,07:00:00,0.8671,0.86789,0.86669,0.86736,0,0
2014-11-10,08:00:00,0.86734,0.86822,0.86644,0.86648,0,0
2014-11-10,09:00:00,0.86666,0.86789,0.86578,0.8673,0,0
2014-11-10,10:00:00,0.86729,0.8674,0.86662,0.86697,0,0
2014-11-10,11:00:00,0.86698,0.86822,0.86686,0.86783,0,0
2014-11-10,12:00:00,0.86769,0.86782,0.86682,0.86781,0,0
2014-11-10,13:00:00,0.8678,0.86789,0.8656,0.86614,0,0
2014-11-10,14:00:00,0.86628,0.86679,0.86608,0.86666,0,0
2014-11-10,15:00:00,0.86666,0.86682,0.86569,0.86638,0,0
2014-11-10,16:00:00,0.86617,0.86618,0.86419,0.86436,0,0
2014-11-10,17:00:00,0.86434,0.86468,0.86308,0.86407,0,0
2014-11-10,18:00:00,0.86408,0.86419,0.86234,0.86234,0,0
2014-11-10,19:00:00,0.86264,0.86313,0.86223,0.86273,0,0
2014-11-10,20:00:00,0.86262,0.86292,0.86191,0.86248,0,0
2014-11-10,21:00:00,0.86248,0.86253,0.86091,0.86153,0,0
2014-11-10,22:00:00,0.86154,0.86172,0.86096,0.86171,0,0
2014-11-10,23:00:00,0.86171,0.86224,0.86118,0.86214,0,0
2014-11-10,23:59:00,0.86214,0.86234,0.86166,0.86212,0,0
2014-11-11,01:00:00,0.86207,0.86336,0.86207,0.86233,0,0
2014-11-11,02:00:00,0.86245,0.86389,0.86147,0.86381,0,0
2014-11-11,03:00:00,0.86382,0.86498,0.8636,0.86421,0,0
2014-11-11,04:00:00,0.86421,0.86485,0.86389,0.86449,0,0
2014-11-11,05:00:00,0.86449,0.8651,0.86357,0.86366,0,0
2014-11-11,06:00:00,0.86366,0.86416,0.8617,0.86202,0,0
2014-11-11,07:00:00,0.86203,0.86336,0.86153,0.86336,0,0
2014-11-11,08:00:00,0.86336,0.86336,0.86087,0.86095,0,0
2014-11-11,09:00:00,0.8612,0.86221,0.85997,0.8604,0,0
2014-11-11,10:00:00,0.86043,0.86088,0.85911,0.85961,0,0
2014-11-11,11:00:00,0.8596,0.86096,0.8592,0.86038,0,0
2014-11-11,12:00:00,0.86064,0.86154,0.86024,0.86132,0,0
2014-11-11,13:00:00,0.86132,0.86386,0.86129,0.86307,0,0
2014-11-11,14:00:00,0.8631,0.86401,0.86302,0.86312,0,0
2014-11-11,15:00:00,0.86312,0.8654,0.86307,0.86435,0,0
2014-11-11,16:00:00,0.86452,0.86569,0.86445,0.86472,0,0
2014-11-11,17:00:00,0.86457,0.86592,0.86375,0.86592,0,0
2014-11-11,18:00:00,0.86591,0.86826,0.86562,0.86747,0,0
2014-11-11,19:00:00,0.86747,0.86769,0.86647,0.86725,0,0
2014-11-11,20:00:00,0.86734,0.86991,0.86707,0.869,0,0
2014-11-11,21:00:00,0.86897,0.87187,0.8689,0.87012,0,0
2014-11-11,22:00:00,0.87008,0.87058,0.86954,0.86958,0,0
2014-11-11,23:00:00,0.86953,0.86965,0.86795,0.86851,0,0
2014-11-11,23:59:00,0.86855,0.86952,0.86829,0.86894,0,0
2014-11-12,01:00:00,0.86904,0.87063,0.86879,0.8704,0,0
2014-11-12,02:00:00,0.87039,0.87069,0.86763,0.86813,0,0
2014-11-12,03:00:00,0.868,0.86926,0.868,0.86851,0,0
2014-11-12,04:00:00,0.8685,0.8701,0.86841,0.86893,0,0
2014-11-12,05:00:00,0.86907,0.86933,0.86822,0.86824,0,0
2014-11-12,06:00:00,0.86825,0.86851,0.86653,0.86737,0,0
2014-11-12,07:00:00,0.86738,0.86933,0.86719,0.86847,0,0
2014-11-12,08:00:00,0.86846,0.86953,0.86844,0.86879,0,0
2014-11-12,09:00:00,0.8688,0.8719,0.86846,0.8717,0,0
2014-11-12,10:00:00,0.87134,0.87137,0.86978,0.87061,0,0
2014-11-12,11:00:00,0.87033,0.87048,0.86865,0.87018,0,0
2014-11-12,12:00:00,0.87018,0.87236,0.87011,0.87204,0,0
2014-11-12,13:00:00,0.87158,0.87263,0.87089,0.87132,0,0
2014-11-12,14:00:00,0.87132,0.87161,0.87054,0.87072,0,0
2014-11-12,15:00:00,0.87073,0.87226,0.8704,0.87142,0,0
2014-11-12,16:00:00,0.87142,0.8721,0.87087,0.872,0,0
2014-11-12,17:00:00,0.872,0.8744,0.872,0.87335,0,0
2014-11-12,18:00:00,0.87336,0.87387,0.87304,0.8734,0,0
2014-11-12,19:00:00,0.8736,0.87373,0.87207,0.87207,0,0
2014-11-12,20:00:00,0.87207,0.87263,0.87073,0.87114,0,0
2014-11-12,21:00:00,0.87117,0.87157,0.87051,0.87155,0,0
2014-11-12,22:00:00,0.87151,0.8719,0.8712,0.87156,0,0
2014-11-12,23:00:00,0.87168,0.87226,0.87147,0.8717,0,0
2014-11-12,23:59:00,0.87144,0.8718,0.87083,0.87124,0,0
2014-11-13,01:00:00,0.87111,0.87167,0.87069,0.87091,0,0
2014-11-13,02:00:00,0.87091,0.87192,0.87086,0.8713,0,0
2014-11-13,03:00:00,0.87129,0.87282,0.87107,0.87269,0,0
2014-11-13,04:00:00,0.8727,0.87344,0.86719,0.86968,0,0
2014-11-13,05:00:00,0.86968,0.87057,0.86883,0.87,0,0
2014-11-13,06:00:00,0.87005,0.87046,0.86918,0.87011,0,0
2014-11-13,07:00:00,0.87012,0.87039,0.86938,0.87008,0,0
2014-11-13,08:00:00,0.87008,0.87169,0.86971,0.87023,0,0
2014-11-13,09:00:00,0.87023,0.87114,0.86978,0.87077,0,0
2014-11-13,10:00:00,0.87077,0.87417,0.87074,0.87387,0,0
2014-11-13,11:00:00,0.87401,0.87473,0.87349,0.87432,0,0
2014-11-13,12:00:00,0.87431,0.87638,0.8743,0.87558,0,0
2014-11-13,13:00:00,0.87566,0.87584,0.87409,0.8741,0,0
2014-11-13,14:00:00,0.87409,0.87549,0.87384,0.87479,0,0
2014-11-13,15:00:00,0.87483,0.87492,0.87334,0.87382,0,0
2014-11-13,16:00:00,0.87381,0.8745,0.87365,0.87417,0,0
2014-11-13,17:00:00,0.87399,0.87453,0.87326,0.87373,0,0
2014-11-13,18:00:00,0.87373,0.87426,0.8724,0.87287,0,0
2014-11-13,19:00:00,0.8729,0.87292,0.87147,0.87151,0,0
2014-11-13,20:00:00,0.87172,0.87206,0.8709,0.87173,0,0
2014-11-13,21:00:00,0.87175,0.87249,0.8717,0.87229,0,0
2014-11-13,22:00:00,0.8723,0.8723,0.87136,0.87155,0,0
2014-11-13,23:00:00,0.87153,0.87189,0.87133,0.87183,0,0
2014-11-13,23:59:00,0.87156,0.87165,0.87074,0.87095,0,0
2014-11-14,01:00:00,0.87095,0.8713,0.87036,0.87051,0,0
2014-11-14,02:00:00,0.8704,0.87133,0.86903,0.86949,0,0
2014-11-14,03:00:00,0.86949,0.87109,0.86935,0.87059,0,0
2014-11-14,04:00:00,0.87062,0.87079,0.86911,0.8692,0,0
2014-11-14,05:00:00,0.8692,0.86977,0.86852,0.86904,0,0
2014-11-14,06:00:00,0.86902,0.86982,0.86868,0.86914,0,0
2014-11-14,07:00:00,0.86894,0.86916,0.86767,0.8684,0,0
2014-11-14,08:00:00,0.8684,0.86898,0.86783,0.86894,0,0
2014-11-14,09:00:00,0.86924,0.8701,0.8681,0.86945,0,0
2014-11-14,10:00:00,0.86947,0.86965,0.86843,0.8691,0,0
2014-11-14,11:00:00,0.86907,0.87107,0.869,0.87063,0,0
2014-11-14,12:00:00,0.87063,0.87162,0.87018,0.87102,0,0
2014-11-14,13:00:00,0.87103,0.87103,0.86876,0.86933,0,0
2014-11-14,14:00:00,0.86934,0.86972,0.8684,0.86842,0,0
2014-11-14,15:00:00,0.86821,0.86858,0.86486,0.86629,0,0
2014-11-14,16:00:00,0.86631,0.86774,0.86585,0.86672,0,0
2014-11-14,17:00:00,0.86855,0.873,0.86843,0.87258,0,0
2014-11-14,18:00:00,0.87305,0.8741,0.8715,0.8738,0,0
2014-11-14,19:00:00,0.87373,0.87713,0.87372,0.87467,0,0
2014-11-14,20:00:00,0.87411,0.87506,0.87411,0.87493,0,0
2014-11-14,21:00:00,0.87494,0.87641,0.87494,0.87557,0,0
2014-11-14,22:00:00,0.87557,0.87598,0.87521,0.87582,0,0
2014-11-14,23:00:00,0.87577,0.87577,0.87577,0.87577,0,0
2014-11-17,01:00:00,0.87565,0.87622,0.87468,0.87513,0,0
2014-11-17,02:00:00,0.87512,0.87734,0.87484,0.87602,0,0
2014-11-17,03:00:00,0.87601,0.87843,0.87596,0.87807,0,0
2014-11-17,04:00:00,0.87797,0.87948,0.87735,0.87894,0,0
2014-11-17,05:00:00,0.87894,0.87941,0.87804,0.87831,0,0
2014-11-17,06:00:00,0.87825,0.8792,0.87791,0.87873,0,0
2014-11-17,07:00:00,0.87874,0.87911,0.87827,0.87864,0,0
2014-11-17,08:00:00,0.87864,0.87885,0.87771,0.878,0,0
2014-11-17,09:00:00,0.87801,0.87802,0.87636,0.87695,0,0
2014-11-17,10:00:00,0.87694,0.87708,0.87572,0.87574,0,0
2014-11-17,11:00:00,0.87574,0.87575,0.87272,0.87289,0,0
2014-11-17,12:00:00,0.87284,0.87314,0.87201,0.87291,0,0
2014-11-17,13:00:00,0.87283,0.87378,0.87275,0.87307,0,0
2014-11-17,14:00:00,0.87306,0.87339,0.87235,0.87308,0,0
2014-11-17,15:00:00,0.87288,0.87361,0.87209,0.87278,0,0
2014-11-17,16:00:00,0.87268,0.87268,0.86988,0.87012,0,0
2014-11-17,17:00:00,0.87012,0.8711,0.86952,0.87079,0,0
2014-11-17,18:00:00,0.87115,0.87215,0.87106,0.87159,0,0
2014-11-17,19:00:00,0.87159,0.87219,0.87117,0.87117,0,0
2014-11-17,20:00:00,0.871,0.8717,0.871,0.87135,0,0
2014-11-17,21:00:00,0.87123,0.87158,0.87084,0.87091,0,0
2014-11-17,22:00:00,0.87084,0.87148,0.8707,0.87092,0,0
2014-11-17,23:00:00,0.87092,0.87137,0.87084,0.87087,0,0
2014-11-17,23:59:00,0.8706,0.87114,0.86982,0.8699,0,0
2014-11-18,01:00:00,0.8699,0.87081,0.86978,0.87073,0,0
2014-11-18,02:00:00,0.87061,0.87253,0.8703,0.87232,0,0
2014-11-18,03:00:00,0.87234,0.87239,0.87095,0.87182,0,0
2014-11-18,04:00:00,0.87184,0.87315,0.87184,0.87287,0,0
2014-11-18,05:00:00,0.87282,0.87293,0.87195,0.87217,0,0
2014-11-18,06:00:00,0.87217,0.87245,0.87198,0.87215,0,0
2014-11-18,07:00:00,0.87215,0.8723,0.87161,0.87189,0,0
2014-11-18,08:00:00,0.87188,0.87199,0.87123,0.87171,0,0
2014-11-18,09:00:00,0.87171,0.87343,0.87169,0.87235,0,0
2014-11-18,10:00:00,0.87236,0.87467,0.87138,0.87456,0,0
2014-11-18,11:00:00,0.87459,0.87459,0.87059,0.87089,0,0
2014-11-18,12:00:00,0.87139,0.87139,0.86836,0.87058,0,0
2014-11-18,13:00:00,0.87057,0.87196,0.87052,0.8717,0,0
2014-11-18,14:00:00,0.87175,0.87183,0.87047,0.87095,0,0
2014-11-18,15:00:00,0.87095,0.87327,0.87082,0.87281,0,0
2014-11-18,16:00:00,0.87282,0.87308,0.87148,0.87195,0,0
2014-11-18,17:00:00,0.87195,0.87313,0.87145,0.87289,0,0
2014-11-18,18:00:00,0.8731,0.8733,0.87222,0.87239,0,0
2014-11-18,19:00:00,0.8724,0.87303,0.87238,0.87289,0,0
2014-11-18,20:00:00,0.87287,0.87324,0.87252,0.87302,0,0
2014-11-18,21:00:00,0.87301,0.87314,0.8727,0.87285,0,0
2014-11-18,22:00:00,0.87299,0.873,0.87239,0.87258,0,0
2014-11-18,23:00:00,0.87255,0.87271,0.87182,0.87192,0,0
2014-11-18,23:59:00,0.87126,0.87202,0.87045,0.8716,0,0
2014-11-19,01:00:00,0.87162,0.87275,0.87067,0.87083,0,0
2014-11-19,02:00:00,0.87083,0.87103,0.86905,0.86954,0,0
2014-11-19,03:00:00,0.86947,0.86949,0.86721,0.86864,0,0
2014-11-19,04:00:00,0.86864,0.86891,0.86707,0.86738,0,0
2014-11-19,05:00:00,0.86731,0.86742,0.86578,0.86689,0,0
2014-11-19,06:00:00,0.86689,0.86707,0.86575,0.86616,0,0
2014-11-19,07:00:00,0.86636,0.8667,0.86554,0.86645,0,0
2014-11-19,08:00:00,0.86641,0.8676,0.86613,0.86724,0,0
2014-11-19,09:00:00,0.86707,0.86751,0.86499,0.86612,0,0
2014-11-19,10:00:00,0.86609,0.86674,0.86497,0.86533,0,0
2014-11-19,11:00:00,0.86484,0.86493,0.86217,0.86324,0,0
2014-11-19,12:00:00,0.86324,0.86468,0.86297,0.86452,0,0
2014-11-19,13:00:00,0.86449,0.86461,0.86355,0.86424,0,0
2014-11-19,14:00:00,0.86426,0.86451,0.86288,0.86327,0,0
2014-11-19,15:00:00,0.86327,0.86533,0.86302,0.86522,0,0
2014-11-19,16:00:00,0.86498,0.86525,0.86351,0.86364,0,0
2014-11-19,17:00:00,0.86364,0.86367,0.86145,0.86274,0,0
2014-11-19,18:00:00,0.86274,0.86346,0.86216,0.86219,0,0
2014-11-19,19:00:00,0.86219,0.86296,0.86199,0.86232,0,0
2014-11-19,20:00:00,0.86232,0.86259,0.86174,0.86242,0,0
2014-11-19,21:00:00,0.86242,0.8656,0.86042,0.8615,0,0
2014-11-19,22:00:00,0.86151,0.86184,0.86043,0.86139,0,0
2014-11-19,23:00:00,0.86142,0.86212,0.86119,0.8618,0,0
2014-11-19,23:59:00,0.86164,0.86206,0.85991,0.86004,0,0
2014-11-20,01:00:00,0.8603,0.86065,0.85939,0.86039,0,0
2014-11-20,02:00:00,0.86039,0.86122,0.85994,0.86046,0,0
2014-11-20,03:00:00,0.86046,0.86161,0.85855,0.86077,0,0
2014-11-20,04:00:00,0.86094,0.86152,0.86033,0.86104,0,0
2014-11-20,05:00:00,0.86105,0.86126,0.85972,0.85995,0,0
2014-11-20,06:00:00,0.85994,0.86011,0.85843,0.85935,0,0
2014-11-20,07:00:00,0.85918,0.85953,0.85859,0.85924,0,0
2014-11-20,08:00:00,0.85916,0.85995,0.85871,0.85925,0,0
2014-11-20,09:00:00,0.85926,0.85934,0.85674,0.85777,0,0
2014-11-20,10:00:00,0.85779,0.86066,0.85748,0.85913,0,0
2014-11-20,11:00:00,0.85913,0.85983,0.8577,0.85964,0,0
2014-11-20,12:00:00,0.85965,0.86141,0.8593,0.86134,0,0
2014-11-20,13:00:00,0.86147,0.86192,0.86081,0.86144,0,0
2014-11-20,14:00:00,0.86142,0.8623,0.86091,0.86149,0,0
2014-11-20,15:00:00,0.86147,0.86221,0.85907,0.86081,0,0
2014-11-20,16:00:00,0.8611,0.86254,0.86021,0.86164,0,0
2014-11-20,17:00:00,0.86164,0.86328,0.86016,0.86221,0,0
2014-11-20,18:00:00,0.86215,0.86272,0.86065,0.86077,0,0
2014-11-20,19:00:00,0.86088,0.86173,0.86086,0.86173,0,0
2014-11-20,20:00:00,0.86172,0.864,0.86169,0.86377,0,0
2014-11-20,21:00:00,0.86377,0.86405,0.86311,0.86344,0,0
2014-11-20,22:00:00,0.86356,0.86356,0.86285,0.86285,0,0
2014-11-20,23:00:00,0.86289,0.86298,0.86175,0.86184,0,0
2014-11-20,23:59:00,0.86165,0.86257,0.8612,0.86164,0,0
2014-11-21,01:00:00,0.86175,0.86229,0.86122,0.86206,0,0
2014-11-21,02:00:00,0.86207,0.86332,0.8619,0.86212,0,0
2014-11-21,03:00:00,0.86213,0.86473,0.86213,0.86458,0,0
2014-11-21,04:00:00,0.86456,0.8651,0.86316,0.86341,0,0
2014-11-21,05:00:00,0.86342,0.86408,0.8631,0.86366,0,0
2014-11-21,06:00:00,0.86367,0.86482,0.86331,0.86348,0,0
2014-11-21,07:00:00,0.86322,0.86443,0.8629,0.8631,0,0
2014-11-21,08:00:00,0.8631,0.86359,0.86218,0.86272,0,0
2014-11-21,09:00:00,0.86274,0.86367,0.86226,0.86352,0,0
2014-11-21,10:00:00,0.86359,0.86419,0.86069,0.8607,0,0
2014-11-21,11:00:00,0.86069,0.86387,0.86057,0.86273,0,0
2014-11-21,12:00:00,0.86305,0.87216,0.86238,0.86867,0,0
2014-11-21,13:00:00,0.86839,0.8707,0.86822,0.86997,0,0
2014-11-21,14:00:00,0.86994,0.87118,0.86876,0.87061,0,0
2014-11-21,15:00:00,0.87077,0.87174,0.8695,0.8707,0,0
2014-11-21,16:00:00,0.8694,0.8713,0.86874,0.86878,0,0
2014-11-21,17:00:00,0.8689,0.8704,0.86814,0.86814,0,0
2014-11-21,18:00:00,0.86808,0.86851,0.86684,0.86715,0,0
2014-11-21,19:00:00,0.86714,0.86783,0.86631,0.86772,0,0
2014-11-21,20:00:00,0.86772,0.86783,0.86688,0.86695,0,0
2014-11-21,21:00:00,0.86693,0.86714,0.8659,0.86596,0,0
2014-11-21,22:00:00,0.86595,0.86673,0.86595,0.86668,0,0
2014-11-21,23:00:00,0.86666,0.86678,0.86658,0.86675,0,0
2014-11-24,01:00:00,0.86659,0.86803,0.86659,0.86778,0,0
2014-11-24,02:00:00,0.86778,0.86926,0.86767,0.86872,0,0
2014-11-24,03:00:00,0.86874,0.86932,0.86768,0.86922,0,0
2014-11-24,04:00:00,0.86922,0.86986,0.86842,0.86917,0,0
2014-11-24,05:00:00,0.86915,0.86958,0.86813,0.86814,0,0
2014-11-24,06:00:00,0.86814,0.86856,0.86794,0.86843,0,0
2014-11-24,07:00:00,0.86845,0.86875,0.86803,0.86809,0,0
2014-11-24,08:00:00,0.86809,0.86838,0.86784,0.86823,0,0
2014-11-24,09:00:00,0.86819,0.86827,0.86654,0.86685,0,0
2014-11-24,10:00:00,0.86686,0.86728,0.8645,0.86457,0,0
2014-11-24,11:00:00,0.86457,0.86511,0.8632,0.86445,0,0
2014-11-24,12:00:00,0.86436,0.86447,0.8635,0.86441,0,0
2014-11-24,13:00:00,0.86444,0.86455,0.86334,0.86374,0,0
2014-11-24,14:00:00,0.86375,0.86396,0.86207,0.86225,0,0
2014-11-24,15:00:00,0.86226,0.86293,0.86212,0.86273,0,0
2014-11-24,16:00:00,0.86274,0.86301,0.86104,0.86214,0,0
2014-11-24,17:00:00,0.86209,0.86299,0.86113,0.8613,0,0
2014-11-24,18:00:00,0.86136,0.86224,0.86118,0.86129,0,0
2014-11-24,19:00:00,0.86126,0.86126,0.86004,0.86105,0,0
2014-11-24,20:00:00,0.86106,0.86158,0.86071,0.86077,0,0
2014-11-24,21:00:00,0.86077,0.86108,0.86061,0.86068,0,0
2014-11-24,22:00:00,0.86068,0.86163,0.86068,0.8611,0,0
2014-11-24,23:00:00,0.86109,0.86171,0.86085,0.8616,0,0
2014-11-24,23:59:00,0.86161,0.86176,0.86098,0.861,0,0
2014-11-25,01:00:00,0.86108,0.86145,0.85882,0.85997,0,0
2014-11-25,02:00:00,0.85994,0.86114,0.85992,0.86054,0,0
2014-11-25,03:00:00,0.86068,0.86157,0.8585,0.85974,0,0
2014-11-25,04:00:00,0.85968,0.86025,0.85694,0.85737,0,0
2014-11-25,05:00:00,0.85724,0.85836,0.85678,0.85763,0,0
2014-11-25,06:00:00,0.85763,0.8598,0.85733,0.85902,0,0
2014-11-25,07:00:00,0.85898,0.86054,0.85896,0.86012,0,0
2014-11-25,08:00:00,0.86018,0.86018,0.85933,0.85962,0,0
2014-11-25,09:00:00,0.8596,0.86034,0.85624,0.85753,0,0
2014-11-25,10:00:00,0.8575,0.85787,0.85478,0.85584,0,0
2014-11-25,11:00:00,0.85587,0.8559,0.85211,0.85376,0,0
2014-11-25,12:00:00,0.85372,0.85468,0.85353,0.85467,0,0
2014-11-25,13:00:00,0.85468,0.85496,0.85317,0.8535,0,0
2014-11-25,14:00:00,0.85349,0.85426,0.8526,0.85319,0,0
2014-11-25,15:00:00,0.85321,0.85343,0.85119,0.8523,0,0
2014-11-25,16:00:00,0.85228,0.85492,0.85177,0.85359,0,0
2014-11-25,17:00:00,0.85397,0.85465,0.85208,0.85367,0,0
2014-11-25,18:00:00,0.85364,0.85417,0.85163,0.85176,0,0
2014-11-25,19:00:00,0.85177,0.85266,0.8516,0.85213,0,0
2014-11-25,20:00:00,0.85211,0.85335,0.85196,0.85323,0,0
2014-11-25,21:00:00,0.85326,0.85348,0.85171,0.85193,0,0
2014-11-25,22:00:00,0.85194,0.85321,0.85181,0.85282,0,0
2014-11-25,23:00:00,0.85288,0.85303,0.85234,0.8529,0,0
2014-11-25,23:59:00,0.85285,0.85315,0.85227,0.85306,0,0
2014-11-26,01:00:00,0.85309,0.85613,0.85289,0.85563,0,0
2014-11-26,02:00:00,0.85561,0.85561,0.8539,0.85457,0,0
2014-11-26,03:00:00,0.85452,0.85511,0.85388,0.85406,0,0
2014-11-26,04:00:00,0.85406,0.85426,0.85267,0.85357,0,0
2014-11-26,05:00:00,0.85357,0.85452,0.85346,0.85363,0,0
2014-11-26,06:00:00,0.85364,0.85399,0.85298,0.85336,0,0
2014-11-26,07:00:00,0.85351,0.85439,0.85303,0.85386,0,0
2014-11-26,08:00:00,0.85385,0.85562,0.85374,0.85449,0,0
2014-11-26,09:00:00,0.85449,0.85633,0.85429,0.85478,0,0
2014-11-26,10:00:00,0.85475,0.85536,0.84977,0.85026,0,0
2014-11-26,11:00:00,0.85032,0.85068,0.84782,0.84937,0,0
2014-11-26,12:00:00,0.84934,0.85011,0.8483,0.84999,0,0
2014-11-26,13:00:00,0.84997,0.85037,0.84918,0.85037,0,0
2014-11-26,14:00:00,0.8504,0.85131,0.84992,0.85105,0,0
2014-11-26,15:00:00,0.85104,0.85272,0.85,0.85056,0,0
2014-11-26,16:00:00,0.85061,0.85171,0.85008,0.85153,0,0
2014-11-26,17:00:00,0.85153,0.85376,0.85101,0.85369,0,0
2014-11-26,18:00:00,0.85364,0.85365,0.85281,0.85319,0,0
2014-11-26,19:00:00,0.85317,0.85348,0.85295,0.85343,0,0
2014-11-26,20:00:00,0.85343,0.85515,0.85343,0.85427,0,0
2014-11-26,21:00:00,0.85427,0.85519,0.85387,0.85519,0,0
2014-11-26,22:00:00,0.85518,0.85538,0.85473,0.85486,0,0
2014-11-26,23:00:00,0.8549,0.85501,0.85445,0.85465,0,0
2014-11-26,23:59:00,0.85463,0.85483,0.8537,0.85378,0,0
2014-11-27,01:00:00,0.8537,0.85372,0.85279,0.85295,0,0
2014-11-27,02:00:00,0.85294,0.85635,0.85279,0.85481,0,0
2014-11-27,03:00:00,0.85474,0.85575,0.85423,0.85539,0,0
2014-11-27,04:00:00,0.8554,0.85817,0.8554,0.85641,0,0
2014-11-27,05:00:00,0.85645,0.85865,0.85629,0.85837,0,0
2014-11-27,06:00:00,0.85831,0.86006,0.85794,0.85969,0,0
2014-11-27,07:00:00,0.85969,0.8597,0.8579,0.85825,0,0
2014-11-27,08:00:00,0.85826,0.85915,0.85787,0.85872,0,0
2014-11-27,09:00:00,0.85873,0.86135,0.85873,0.86073,0,0
2014-11-27,10:00:00,0.86073,0.86073,0.85723,0.85787,0,0
2014-11-27,11:00:00,0.85793,0.85837,0.85709,0.85746,0,0
2014-11-27,12:00:00,0.85752,0.85756,0.85592,0.85619,0,0
2014-11-27,13:00:00,0.85621,0.85712,0.85574,0.85673,0,0
2014-11-27,14:00:00,0.85677,0.85746,0.85652,0.85719,0,0
2014-11-27,15:00:00,0.85716,0.85741,0.85596,0.85628,0,0
2014-11-27,16:00:00,0.85628,0.8571,0.85526,0.85529,0,0
2014-11-27,17:00:00,0.8553,0.85582,0.85406,0.85481,0,0
2014-11-27,18:00:00,0.85479,0.85514,0.85341,0.85454,0,0
2014-11-27,19:00:00,0.85448,0.85488,0.85423,0.85445,0,0
2014-11-27,20:00:00,0.85445,0.855,0.85441,0.85473,0,0
2014-11-27,21:00:00,0.85471,0.85483,0.8543,0.85436,0,0
2014-11-27,22:00:00,0.85436,0.85493,0.85415,0.85491,0,0
2014-11-27,23:00:00,0.85491,0.85513,0.85421,0.85421,0,0
2014-11-27,23:59:00,0.85425,0.8546,0.85101,0.85213,0,0
2014-11-28,01:00:00,0.85214,0.85267,0.85148,0.8523,0,0
2014-11-28,02:00:00,0.85244,0.85251,0.85081,0.85104,0,0
2014-11-28,03:00:00,0.85104,0.85201,0.85002,0.85162,0,0
2014-11-28,04:00:00,0.85163,0.85217,0.85041,0.85061,0,0
2014-11-28,05:00:00,0.85059,0.85104,0.84925,0.84929,0,0
2014-11-28,06:00:00,0.84931,0.84977,0.84835,0.84887,0,0
2014-11-28,07:00:00,0.8489,0.84977,0.84864,0.84977,0,0
2014-11-28,08:00:00,0.84985,0.85119,0.84954,0.85078,0,0
2014-11-28,09:00:00,0.85088,0.85156,0.84903,0.84904,0,0
2014-11-28,10:00:00,0.84886,0.85036,0.84886,0.84976,0,0
2014-11-28,11:00:00,0.84976,0.85228,0.84973,0.85207,0,0
2014-11-28,12:00:00,0.85209,0.85254,0.85161,0.85182,0,0
2014-11-28,13:00:00,0.85181,0.85217,0.85118,0.85204,0,0
2014-11-28,14:00:00,0.85197,0.85254,0.85115,0.85181,0,0
2014-11-28,15:00:00,0.85175,0.85245,0.85037,0.85064,0,0
2014-11-28,16:00:00,0.85064,0.85106,0.84984,0.8502,0,0
2014-11-28,17:00:00,0.85031,0.85333,0.84972,0.85323,0,0
2014-11-28,18:00:00,0.85335,0.85356,0.85193,0.85204,0,0
2014-11-28,19:00:00,0.85204,0.85215,0.85047,0.85054,0,0
2014-11-28,20:00:00,0.85061,0.85106,0.85018,0.85034,0,0
2014-11-28,21:00:00,0.85035,0.85083,0.84995,0.85022,0,0
2014-11-28,22:00:00,0.85022,0.8511,0.85015,0.8511,0,0
2014-11-28,23:00:00,0.85094,0.85103,0.85088,0.85102,0,0
2014-12-01,01:00:00,0.84748,0.84794,0.84257,0.84379,0,0
2014-12-01,02:00:00,0.84387,0.84544,0.84332,0.84405,0,0
2014-12-01,03:00:00,0.84421,0.84471,0.84156,0.84329,0,0
2014-12-01,04:00:00,0.84333,0.84516,0.8431,0.84515,0,0
2014-12-01,05:00:00,0.84513,0.84513,0.84321,0.84435,0,0
2014-12-01,06:00:00,0.84435,0.84546,0.84431,0.84511,0,0
2014-12-01,07:00:00,0.84504,0.84557,0.8434,0.84366,0,0
2014-12-01,08:00:00,0.84361,0.84427,0.84275,0.84394,0,0
2014-12-01,09:00:00,0.84396,0.84495,0.84248,0.84414,0,0
2014-12-01,10:00:00,0.84405,0.84916,0.84404,0.84637,0,0
2014-12-01,11:00:00,0.84642,0.84828,0.84585,0.84826,0,0
2014-12-01,12:00:00,0.84807,0.84957,0.8476,0.84852,0,0
2014-12-01,13:00:00,0.84852,0.84895,0.84762,0.84808,0,0
2014-12-01,14:00:00,0.84797,0.84898,0.84772,0.84896,0,0
2014-12-01,15:00:00,0.84895,0.85109,0.84888,0.85023,0,0
2014-12-01,16:00:00,0.85023,0.85248,0.85023,0.85193,0,0
2014-12-01,17:00:00,0.85212,0.8523,0.84793,0.84906,0,0
2014-12-01,18:00:00,0.84907,0.85186,0.84809,0.85185,0,0
2014-12-01,19:00:00,0.85186,0.85294,0.85143,0.85216,0,0
2014-12-01,20:00:00,0.85214,0.85233,0.85135,0.85143,0,0
2014-12-01,21:00:00,0.85142,0.85155,0.85061,0.85095,0,0
2014-12-01,22:00:00,0.85084,0.85084,0.85002,0.85004,0,0
2014-12-01,23:00:00,0.85004,0.85026,0.8485,0.84889,0,0
2014-12-01,23:59:00,0.84901,0.84964,0.84864,0.84917,0,0
2014-12-02,01:00:00,0.84916,0.84976,0.84736,0.84772,0,0
2014-12-02,02:00:00,0.84772,0.85003,0.84746,0.84831,0,0
2014-12-02,03:00:00,0.8483,0.84886,0.84728,0.84802,0,0
2014-12-02,04:00:00,0.84802,0.84866,0.84772,0.84815,0,0
2014-12-02,05:00:00,0.84815,0.85134,0.84687,0.85095,0,0
2014-12-02,06:00:00,0.85092,0.85244,0.84977,0.8501,0,0
2014-12-02,07:00:00,0.8501,0.85146,0.8499,0.85146,0,0
2014-12-02,08:00:00,0.8514,0.85404,0.8514,0.85229,0,0
2014-12-02,09:00:00,0.85231,0.85231,0.85043,0.8505,0,0
2014-12-02,10:00:00,0.8505,0.85093,0.84823,0.84918,0,0
2014-12-02,11:00:00,0.8492,0.8493,0.84716,0.84766,0,0
2014-12-02,12:00:00,0.84764,0.84764,0.8452,0.8458,0,0
2014-12-02,13:00:00,0.84579,0.84643,0.84452,0.8446,0,0
2014-12-02,14:00:00,0.84464,0.84504,0.84356,0.84374,0,0
2014-12-02,15:00:00,0.8438,0.84557,0.8434,0.84554,0,0
2014-12-02,16:00:00,0.84562,0.84606,0.84311,0.84385,0,0
2014-12-02,17:00:00,0.84384,0.84607,0.84347,0.84563,0,0
2014-12-02,18:00:00,0.84555,0.8457,0.84471,0.84532,0,0
2014-12-02,19:00:00,0.84539,0.84539,0.84422,0.8444,0,0
2014-12-02,20:00:00,0.84437,0.8446,0.84399,0.84414,0,0
2014-12-02,21:00:00,0.84413,0.84482,0.84408,0.84439,0,0
2014-12-02,22:00:00,0.84446,0.84474,0.84429,0.84452,0,0
2014-12-02,23:00:00,0.84451,0.84471,0.84402,0.84428,0,0
2014-12-02,23:59:00,0.84435,0.84544,0.84435,0.84447,0,0
2014-12-03,01:00:00,0.84441,0.84602,0.84436,0.84566,0,0
2014-12-03,02:00:00,0.84565,0.84644,0.83908,0.84007,0,0
2014-12-03,03:00:00,0.8401,0.84159,0.83965,0.84114,0,0
2014-12-03,04:00:00,0.84117,0.84187,0.83977,0.83981,0,0
2014-12-03,05:00:00,0.8398,0.83996,0.83868,0.83916,0,0
2014-12-03,06:00:00,0.83916,0.84119,0.83902,0.84048,0,0
2014-12-03,07:00:00,0.84048,0.84107,0.83896,0.83949,0,0
2014-12-03,08:00:00,0.8398,0.84059,0.83884,0.84059,0,0
2014-12-03,09:00:00,0.84055,0.84118,0.83944,0.84066,0,0
2014-12-03,10:00:00,0.84065,0.84108,0.83944,0.84082,0,0
2014-12-03,11:00:00,0.84079,0.84126,0.84035,0.84097,0,0
2014-12-03,12:00:00,0.84096,0.84222,0.84078,0.84222,0,0
2014-12-03,13:00:00,0.84234,0.84234,0.84099,0.84188,0,0
2014-12-03,14:00:00,0.84184,0.84298,0.84164,0.84289,0,0
2014-12-03,15:00:00,0.84286,0.84427,0.84193,0.842,0,0
2014-12-03,16:00:00,0.84197,0.84278,0.84089,0.84131,0,0
2014-12-03,17:00:00,0.84116,0.84268,0.84035,0.84232,0,0
2014-12-03,18:00:00,0.84233,0.84278,0.84134,0.84134,0,0
2014-12-03,19:00:00,0.84134,0.84214,0.84103,0.84133,0,0
2014-12-03,20:00:00,0.84134,0.84155,0.83993,0.84009,0,0
2014-12-03,21:00:00,0.84008,0.84083,0.83997,0.83997,0,0
2014-12-03,22:00:00,0.83996,0.84056,0.83955,0.84021,0,0
2014-12-03,23:00:00,0.84023,0.84057,0.84002,0.84033,0,0
2014-12-03,23:59:00,0.84034,0.84064,0.83842,0.83842,0,0
2014-12-04,01:00:00,0.83855,0.8398,0.83855,0.83952,0,0
2014-12-04,02:00:00,0.83952,0.84272,0.839,0.8412,0,0
2014-12-04,03:00:00,0.84116,0.84146,0.83988,0.84009,0,0
2014-12-04,04:00:00,0.84013,0.84016,0.83806,0.83863,0,0
2014-12-04,05:00:00,0.83857,0.8389,0.83767,0.83883,0,0
2014-12-04,06:00:00,0.83877,0.83979,0.83776,0.83955,0,0
2014-12-04,07:00:00,0.83954,0.84029,0.83762,0.8377,0,0
2014-12-04,08:00:00,0.83773,0.83832,0.83567,0.83679,0,0
2014-12-04,09:00:00,0.83679,0.83852,0.83586,0.8375,0,0
2014-12-04,10:00:00,0.83751,0.83808,0.83646,0.83653,0,0
2014-12-04,11:00:00,0.83658,0.8372,0.83541,0.83667,0,0
2014-12-04,12:00:00,0.8366,0.8374,0.83655,0.83713,0,0
2014-12-04,13:00:00,0.83721,0.83775,0.83682,0.83698,0,0
2014-12-04,14:00:00,0.83696,0.83899,0.83696,0.83779,0,0
2014-12-04,15:00:00,0.83791,0.83956,0.8371,0.83871,0,0
2014-12-04,16:00:00,0.83883,0.83978,0.83592,0.83757,0,0
2014-12-04,17:00:00,0.83752,0.83982,0.83624,0.83973,0,0
2014-12-04,18:00:00,0.83968,0.84185,0.83892,0.84028,0,0
2014-12-04,19:00:00,0.84027,0.84059,0.83872,0.83896,0,0
2014-12-04,20:00:00,0.83894,0.83917,0.83761,0.83799,0,0
2014-12-04,21:00:00,0.83808,0.83833,0.83764,0.83799,0,0
2014-12-04,22:00:00,0.83799,0.83849,0.83794,0.83841,0,0
2014-12-04,23:00:00,0.8384,0.83869,0.83793,0.83813,0,0
2014-12-04,23:59:00,0.83816,0.83825,0.83736,0.83786,0,0
2014-12-05,01:00:00,0.83788,0.83887,0.83779,0.83858,0,0
2014-12-05,02:00:00,0.83847,0.83887,0.83796,0.83879,0,0
2014-12-05,03:00:00,0.83877,0.83905,0.83776,0.83777,0,0
2014-12-05,04:00:00,0.83779,0.83855,0.83769,0.83841,0,0
2014-12-05,05:00:00,0.83837,0.83867,0.838,0.83824,0,0
2014-12-05,06:00:00,0.83824,0.83826,0.83671,0.83694,0,0
2014-12-05,07:00:00,0.83694,0.83759,0.83668,0.83744,0,0
2014-12-05,08:00:00,0.83743,0.83771,0.83693,0.83695,0,0
2014-12-05,09:00:00,0.83699,0.83819,0.83673,0.83724,0,0
2014-12-05,10:00:00,0.83728,0.83774,0.8366,0.83747,0,0
2014-12-05,11:00:00,0.83748,0.83764,0.83681,0.8371,0,0
2014-12-05,12:00:00,0.83708,0.83724,0.8365,0.83695,0,0
2014-12-05,13:00:00,0.83695,0.83705,0.83585,0.83633,0,0
2014-12-05,14:00:00,0.83632,0.83723,0.83603,0.83723,0,0
2014-12-05,15:00:00,0.83722,0.83802,0.83187,0.83279,0,0
2014-12-05,16:00:00,0.83275,0.83439,0.83181,0.8319,0,0
2014-12-05,17:00:00,0.83191,0.83377,0.83191,0.83302,0,0
2014-12-05,18:00:00,0.83288,0.83333,0.83218,0.83278,0,0
2014-12-05,19:00:00,0.83273,0.83273,0.83181,0.83182,0,0
2014-12-05,20:00:00,0.83183,0.83218,0.83132,0.83171,0,0
2014-12-05,21:00:00,0.83171,0.83255,0.83162,0.83228,0,0
2014-12-05,22:00:00,0.83228,0.83277,0.83228,0.83242,0,0
2014-12-05,23:00:00,0.83245,0.83245,0.83238,0.83242,0,0
2014-12-08,01:00:00,0.82969,0.83082,0.82936,0.83057,0,0
2014-12-08,02:00:00,0.83056,0.83095,0.82966,0.83063,0,0
2014-12-08,03:00:00,0.83067,0.83218,0.83064,0.83179,0,0
2014-12-08,04:00:00,0.83195,0.83199,0.82923,0.83,0,0
2014-12-08,05:00:00,0.83003,0.83054,0.82847,0.82857,0,0
2014-12-08,06:00:00,0.82856,0.82919,0.82737,0.82751,0,0
2014-12-08,07:00:00,0.82751,0.82889,0.82733,0.82873,0,0
2014-12-08,08:00:00,0.82865,0.82906,0.82682,0.82746,0,0
2014-12-08,09:00:00,0.82748,0.82778,0.82584,0.82671,0,0
2014-12-08,10:00:00,0.82668,0.82746,0.82604,0.82717,0,0
2014-12-08,11:00:00,0.82715,0.82927,0.82714,0.82884,0,0
2014-12-08,12:00:00,0.82878,0.82987,0.82825,0.82961,0,0
2014-12-08,13:00:00,0.82964,0.83126,0.82964,0.82998,0,0
2014-12-08,14:00:00,0.82997,0.83038,0.82878,0.82916,0,0
2014-12-08,15:00:00,0.82918,0.83045,0.82844,0.83032,0,0
2014-12-08,16:00:00,0.83033,0.83138,0.82896,0.82936,0,0
2014-12-08,17:00:00,0.82935,0.8312,0.82913,0.83093,0,0
2014-12-08,18:00:00,0.8309,0.83144,0.82924,0.82938,0,0
2014-12-08,19:00:00,0.82935,0.82986,0.82888,0.82895,0,0
2014-12-08,20:00:00,0.82894,0.83026,0.82864,0.83014,0,0
2014-12-08,21:00:00,0.83017,0.83136,0.82945,0.82959,0,0
2014-12-08,22:00:00,0.82959,0.82976,0.82887,0.82894,0,0
2014-12-08,23:00:00,0.82887,0.82935,0.82867,0.8292,0,0
2014-12-08,23:59:00,0.82916,0.83005,0.82898,0.82964,0,0
2014-12-09,01:00:00,0.82969,0.83007,0.8294,0.82976,0,0
2014-12-09,02:00:00,0.82976,0.82976,0.82533,0.82652,0,0
2014-12-09,03:00:00,0.82651,0.82706,0.82447,0.82547,0,0
2014-12-09,04:00:00,0.82542,0.82556,0.82466,0.82467,0,0
2014-12-09,05:00:00,0.82466,0.8248,0.82227,0.82321,0,0
2014-12-09,06:00:00,0.82328,0.82424,0.82299,0.82394,0,0
2014-12-09,07:00:00,0.82393,0.82422,0.82283,0.82368,0,0
2014-12-09,08:00:00,0.82366,0.82508,0.82343,0.82452,0,0
2014-12-09,09:00:00,0.82452,0.82593,0.82316,0.82582,0,0
2014-12-09,10:00:00,0.82581,0.82768,0.8256,0.82731,0,0
2014-12-09,11:00:00,0.82731,0.82857,0.8273,0.82797,0,0
2014-12-09,12:00:00,0.82797,0.82961,0.8277,0.82894,0,0
2014-12-09,13:00:00,0.82894,0.82906,0.82731,0.82772,0,0
2014-12-09,14:00:00,0.82773,0.8301,0.82773,0.82986,0,0
2014-12-09,15:00:00,0.82985,0.83067,0.82903,0.8303,0,0
2014-12-09,16:00:00,0.8303,0.83176,0.8296,0.83094,0,0
2014-12-09,17:00:00,0.83094,0.83682,0.83084,0.83492,0,0
2014-12-09,18:00:00,0.83501,0.83578,0.83301,0.83371,0,0
2014-12-09,19:00:00,0.83374,0.83384,0.83103,0.83146,0,0
2014-12-09,20:00:00,0.83145,0.83186,0.83102,0.83112,0,0
2014-12-09,21:00:00,0.83113,0.83123,0.83015,0.83018,0,0
2014-12-09,22:00:00,0.83013,0.83031,0.82881,0.82955,0,0
2014-12-09,23:00:00,0.82957,0.82981,0.82835,0.82911,0,0
2014-12-09,23:59:00,0.82908,0.82929,0.8288,0.82894,0,0
2014-12-10,01:00:00,0.82888,0.83056,0.82861,0.82957,0,0
2014-12-10,02:00:00,0.82958,0.83012,0.82864,0.82936,0,0
2014-12-10,03:00:00,0.82933,0.82949,0.82627,0.82667,0,0
2014-12-10,04:00:00,0.82678,0.82827,0.82644,0.82794,0,0
2014-12-10,05:00:00,0.82801,0.82977,0.8278,0.82926,0,0
2014-12-10,06:00:00,0.82926,0.83238,0.82908,0.83185,0,0
2014-12-10,07:00:00,0.83185,0.83359,0.83092,0.83236,0,0
2014-12-10,08:00:00,0.83238,0.83309,0.83137,0.83206,0,0
2014-12-10,09:00:00,0.83198,0.83228,0.83123,0.83189,0,0
2014-12-10,10:00:00,0.83184,0.83197,0.83056,0.8319,0,0
2014-12-10,11:00:00,0.83184,0.83257,0.83105,0.83183,0,0
2014-12-10,12:00:00,0.83184,0.83287,0.83175,0.83236,0,0
2014-12-10,13:00:00,0.83235,0.83366,0.83224,0.83259,0,0
2014-12-10,14:00:00,0.83268,0.8338,0.83228,0.83355,0,0
2014-12-10,15:00:00,0.83356,0.83458,0.83232,0.83241,0,0
2014-12-10,16:00:00,0.83239,0.83265,0.83114,0.83167,0,0
2014-12-10,17:00:00,0.83167,0.83245,0.83014,0.83047,0,0
2014-12-10,18:00:00,0.83054,0.83157,0.83003,0.83025,0,0
2014-12-10,19:00:00,0.83031,0.83038,0.82885,0.82975,0,0
2014-12-10,20:00:00,0.82971,0.82978,0.82873,0.8297,0,0
2014-12-10,21:00:00,0.82969,0.82973,0.82867,0.82912,0,0
2014-12-10,22:00:00,0.8291,0.83318,0.82829,0.83229,0,0
2014-12-10,23:00:00,0.83228,0.8325,0.83127,0.8317,0,0
2014-12-10,23:59:00,0.8316,0.83251,0.83115,0.8316,0,0
2014-12-11,01:00:00,0.83156,0.83339,0.83123,0.83305,0,0
2014-12-11,02:00:00,0.83305,0.83734,0.83234,0.83693,0,0
2014-12-11,03:00:00,0.83704,0.83708,0.83326,0.83386,0,0
2014-12-11,04:00:00,0.83397,0.83535,0.83345,0.83363,0,0
2014-12-11,05:00:00,0.83367,0.83391,0.83256,0.83298,0,0
2014-12-11,06:00:00,0.83293,0.83375,0.83206,0.83206,0,0
2014-12-11,07:00:00,0.83205,0.8326,0.83187,0.83256,0,0
2014-12-11,08:00:00,0.83256,0.83375,0.83192,0.83348,0,0
2014-12-11,09:00:00,0.83347,0.83386,0.83165,0.83308,0,0
2014-12-11,10:00:00,0.83318,0.83318,0.83003,0.83024,0,0
2014-12-11,11:00:00,0.83034,0.83057,0.82356,0.82519,0,0
2014-12-11,12:00:00,0.82518,0.82845,0.82517,0.82795,0,0
2014-12-11,13:00:00,0.82797,0.82895,0.82725,0.82875,0,0
2014-12-11,14:00:00,0.82866,0.82885,0.82743,0.82744,0,0
2014-12-11,15:00:00,0.82745,0.82809,0.82139,0.82571,0,0
2014-12-11,16:00:00,0.82589,0.82748,0.82558,0.82711,0,0
2014-12-11,17:00:00,0.82706,0.82768,0.82496,0.82503,0,0
2014-12-11,18:00:00,0.82517,0.82685,0.82446,0.82617,0,0
2014-12-11,19:00:00,0.82618,0.82718,0.82601,0.82685,0,0
2014-12-11,20:00:00,0.82682,0.82701,0.82543,0.82543,0,0
2014-12-11,21:00:00,0.82543,0.82558,0.82462,0.82526,0,0
2014-12-11,22:00:00,0.82535,0.82599,0.82516,0.82592,0,0
2014-12-11,23:00:00,0.82593,0.82781,0.82582,0.82698,0,0
2014-12-11,23:59:00,0.82674,0.82752,0.82629,0.82636,0,0
2014-12-12,01:00:00,0.82637,0.82652,0.82432,0.82438,0,0
2014-12-12,02:00:00,0.82436,0.82665,0.82407,0.825,0,0
2014-12-12,03:00:00,0.82507,0.82567,0.82391,0.82436,0,0
2014-12-12,04:00:00,0.82434,0.8265,0.82434,0.82606,0,0
2014-12-12,05:00:00,0.82606,0.8265,0.82545,0.82637,0,0
2014-12-12,06:00:00,0.82633,0.82796,0.82612,0.82725,0,0
2014-12-12,07:00:00,0.82715,0.82775,0.82676,0.82729,0,0
2014-12-12,08:00:00,0.8273,0.82751,0.82629,0.82711,0,0
2014-12-12,09:00:00,0.82712,0.82737,0.82603,0.82694,0,0
2014-12-12,10:00:00,0.82697,0.82849,0.82636,0.82829,0,0
2014-12-12,11:00:00,0.82818,0.82969,0.82719,0.82727,0,0
2014-12-12,12:00:00,0.82719,0.82783,0.8269,0.82723,0,0
2014-12-12,13:00:00,0.82721,0.82799,0.82691,0.82711,0,0
2014-12-12,14:00:00,0.82705,0.82754,0.82605,0.82727,0,0
2014-12-12,15:00:00,0.82727,0.82746,0.82557,0.8256,0,0
2014-12-12,16:00:00,0.82557,0.82585,0.82457,0.82471,0,0
2014-12-12,17:00:00,0.82469,0.825,0.82253,0.82468,0,0
2014-12-12,18:00:00,0.82454,0.82814,0.82452,0.8265,0,0
2014-12-12,19:00:00,0.8265,0.8265,0.82536,0.82536,0,0
2014-12-12,20:00:00,0.82537,0.82552,0.82496,0.82521,0,0
2014-12-12,21:00:00,0.82521,0.8253,0.82446,0.82464,0,0
2014-12-12,22:00:00,0.8247,0.82525,0.8242,0.82521,0,0
2014-12-12,23:00:00,0.82515,0.82519,0.82512,0.82513,0,0
2014-12-15,01:00:00,0.82497,0.82514,0.82026,0.82075,0,0
2014-12-15,02:00:00,0.82088,0.82264,0.82082,0.82092,0,0
2014-12-15,03:00:00,0.82088,0.82225,0.82025,0.82182,0,0
2014-12-15,04:00:00,0.82188,0.82278,0.82095,0.82095,0,0
2014-12-15,05:00:00,0.82105,0.82209,0.82069,0.82209,0,0
2014-12-15,06:00:00,0.82209,0.82437,0.82178,0.82333,0,0
2014-12-15,07:00:00,0.8234,0.82478,0.8234,0.82475,0,0
2014-12-15,08:00:00,0.82476,0.82571,0.82416,0.82526,0,0
2014-12-15,09:00:00,0.82526,0.8254,0.82304,0.82409,0,0
2014-12-15,10:00:00,0.82409,0.8255,0.82335,0.8251,0,0
2014-12-15,11:00:00,0.82506,0.82659,0.82447,0.82613,0,0
2014-12-15,12:00:00,0.82614,0.82624,0.82417,0.82418,0,0
2014-12-15,13:00:00,0.82418,0.82452,0.82207,0.8225,0,0
2014-12-15,14:00:00,0.82249,0.82277,0.82106,0.82112,0,0
2014-12-15,15:00:00,0.82111,0.82213,0.82045,0.82181,0,0
2014-12-15,16:00:00,0.82182,0.82213,0.81997,0.81999,0,0
2014-12-15,17:00:00,0.82,0.82182,0.81995,0.82061,0,0
2014-12-15,18:00:00,0.82077,0.82332,0.82055,0.82295,0,0
2014-12-15,19:00:00,0.82282,0.82302,0.82099,0.82114,0,0
2014-12-15,20:00:00,0.82108,0.82179,0.82096,0.82148,0,0
2014-12-15,21:00:00,0.82148,0.82212,0.82106,0.82198,0,0
2014-12-15,22:00:00,0.82204,0.82224,0.82071,0.82071,0,0
2014-12-15,23:00:00,0.8208,0.82167,0.8208,0.82087,0,0
2014-12-15,23:59:00,0.82114,0.82157,0.82051,0.82084,0,0
2014-12-16,01:00:00,0.82092,0.8215,0.82087,0.8211,0,0
2014-12-16,02:00:00,0.82112,0.82232,0.82076,0.82221,0,0
2014-12-16,03:00:00,0.82207,0.82258,0.81986,0.82213,0,0
2014-12-16,04:00:00,0.8222,0.82265,0.82174,0.82223,0,0
2014-12-16,05:00:00,0.82222,0.82361,0.8215,0.82355,0,0
2014-12-16,06:00:00,0.82339,0.82346,0.82174,0.82208,0,0
2014-12-16,07:00:00,0.82209,0.82293,0.82173,0.82279,0,0
2014-12-16,08:00:00,0.82285,0.82335,0.82232,0.82279,0,0
2014-12-16,09:00:00,0.82282,0.82428,0.8223,0.8231,0,0
2014-12-16,10:00:00,0.82308,0.82489,0.82177,0.82475,0,0
2014-12-16,11:00:00,0.82457,0.82597,0.82299,0.82501,0,0
2014-12-16,12:00:00,0.82494,0.82726,0.82464,0.82464,0,0
2014-12-16,13:00:00,0.82462,0.82515,0.8237,0.824,0,0
2014-12-16,14:00:00,0.82401,0.82654,0.82395,0.82534,0,0
2014-12-16,15:00:00,0.82527,0.8257,0.82273,0.82406,0,0
2014-12-16,16:00:00,0.824,0.82413,0.8221,0.82237,0,0
2014-12-16,17:00:00,0.82237,0.82253,0.82119,0.82134,0,0
2014-12-16,18:00:00,0.82139,0.82206,0.82104,0.82177,0,0
2014-12-16,19:00:00,0.8217,0.82276,0.82143,0.82155,0,0
2014-12-16,20:00:00,0.82149,0.82213,0.8213,0.82153,0,0
2014-12-16,21:00:00,0.8215,0.82177,0.82074,0.82091,0,0
2014-12-16,22:00:00,0.82077,0.82182,0.82047,0.82178,0,0
2014-12-16,23:00:00,0.82177,0.82216,0.82124,0.82163,0,0
2014-12-16,23:59:00,0.82164,0.82211,0.82142,0.8216,0,0
2014-12-17,01:00:00,0.82164,0.82215,0.82135,0.82211,0,0
2014-12-17,02:00:00,0.82211,0.82216,0.82136,0.82206,0,0
2014-12-17,03:00:00,0.82206,0.82336,0.82106,0.82136,0,0
2014-12-17,04:00:00,0.82132,0.82146,0.81783,0.81806,0,0
2014-12-17,05:00:00,0.81803,0.81804,0.81542,0.81565,0,0
2014-12-17,06:00:00,0.81571,0.81586,0.81442,0.81565,0,0
2014-12-17,07:00:00,0.81574,0.81575,0.81436,0.81485,0,0
2014-12-17,08:00:00,0.81485,0.8156,0.81387,0.81426,0,0
2014-12-17,09:00:00,0.8142,0.81573,0.81391,0.8155,0,0
2014-12-17,10:00:00,0.81543,0.81772,0.8153,0.8175,0,0
2014-12-17,11:00:00,0.81749,0.81821,0.81679,0.81756,0,0
2014-12-17,12:00:00,0.81756,0.81834,0.81708,0.81717,0,0
2014-12-17,13:00:00,0.81713,0.81862,0.81708,0.81855,0,0
2014-12-17,14:00:00,0.81854,0.81891,0.81797,0.8181,0,0
2014-12-17,15:00:00,0.81811,0.82003,0.81777,0.81935,0,0
2014-12-17,16:00:00,0.81943,0.81978,0.81774,0.81813,0,0
2014-12-17,17:00:00,0.81813,0.81934,0.81627,0.81638,0,0
2014-12-17,18:00:00,0.81646,0.81747,0.8161,0.81676,0,0
2014-12-17,19:00:00,0.81675,0.81789,0.81615,0.8178,0,0
2014-12-17,20:00:00,0.8178,0.81836,0.81684,0.81813,0,0
2014-12-17,21:00:00,0.81837,0.82335,0.81057,0.81057,0,0
2014-12-17,22:00:00,0.81061,0.81417,0.81061,0.81199,0,0
2014-12-17,23:00:00,0.81187,0.81345,0.8114,0.81208,0,0
2014-12-17,23:59:00,0.81218,0.81326,0.81152,0.813,0,0
2014-12-18,01:00:00,0.81299,0.81328,0.81161,0.81241,0,0
2014-12-18,02:00:00,0.81236,0.81274,0.81161,0.81195,0,0
2014-12-18,03:00:00,0.81186,0.81319,0.81157,0.81266,0,0
2014-12-18,04:00:00,0.81273,0.81494,0.81246,0.81372,0,0
2014-12-18,05:00:00,0.81372,0.81601,0.8136,0.81408,0,0
2014-12-18,06:00:00,0.8141,0.81437,0.81318,0.81379,0,0
2014-12-18,07:00:00,0.81379,0.81381,0.81261,0.81328,0,0
2014-12-18,08:00:00,0.81329,0.81347,0.81226,0.81306,0,0
2014-12-18,09:00:00,0.81318,0.81737,0.81187,0.81646,0,0
2014-12-18,10:00:00,0.81647,0.81956,0.81538,0.81908,0,0
2014-12-18,11:00:00,0.81911,0.82013,0.81706,0.81736,0,0
2014-12-18,12:00:00,0.81733,0.81969,0.81727,0.81757,0,0
2014-12-18,13:00:00,0.81744,0.81971,0.81738,0.8182,0,0
2014-12-18,14:00:00,0.81828,0.8196,0.81812,0.81831,0,0
2014-12-18,15:00:00,0.81831,0.81966,0.81815,0.81815,0,0
2014-12-18,16:00:00,0.81823,0.8187,0.81733,0.81813,0,0
2014-12-18,17:00:00,0.81817,0.8187,0.81565,0.81565,0,0
2014-12-18,18:00:00,0.81566,0.81717,0.81522,0.81669,0,0
2014-12-18,19:00:00,0.81662,0.81698,0.81511,0.81524,0,0
2014-12-18,20:00:00,0.81523,0.81545,0.81436,0.81496,0,0
2014-12-18,21:00:00,0.81493,0.81558,0.81493,0.81548,0,0
2014-12-18,22:00:00,0.81558,0.81695,0.81511,0.81685,0,0
2014-12-18,23:00:00,0.81685,0.81704,0.81554,0.81639,0,0
2014-12-18,23:59:00,0.81631,0.81759,0.81571,0.81712,0,0
2014-12-19,01:00:00,0.81713,0.81752,0.81597,0.81669,0,0
2014-12-19,02:00:00,0.81668,0.81733,0.81526,0.81561,0,0
2014-12-19,03:00:00,0.81555,0.81837,0.81539,0.81837,0,0
2014-12-19,04:00:00,0.81842,0.81862,0.81655,0.81676,0,0
2014-12-19,05:00:00,0.81676,0.81799,0.8167,0.81726,0,0
2014-12-19,06:00:00,0.81727,0.81839,0.81727,0.8183,0,0
2014-12-19,07:00:00,0.81826,0.81902,0.81807,0.81855,0,0
2014-12-19,08:00:00,0.81857,0.81902,0.81715,0.81735,0,0
2014-12-19,09:00:00,0.81734,0.81737,0.81624,0.81639,0,0
2014-12-19,10:00:00,0.81638,0.81678,0.81528,0.81537,0,0
2014-12-19,11:00:00,0.81537,0.81551,0.81469,0.81535,0,0
2014-12-19,12:00:00,0.81535,0.81609,0.8153,0.81566,0,0
2014-12-19,13:00:00,0.81571,0.81732,0.81566,0.8173,0,0
2014-12-19,14:00:00,0.8173,0.8176,0.81669,0.81689,0,0
2014-12-19,15:00:00,0.81691,0.81846,0.81676,0.81791,0,0
2014-12-19,16:00:00,0.81785,0.81802,0.81614,0.81614,0,0
2014-12-19,17:00:00,0.81612,0.81613,0.81471,0.81471,0,0
2014-12-19,18:00:00,0.81464,0.81488,0.81244,0.81269,0,0
2014-12-19,19:00:00,0.8127,0.8129,0.81216,0.81265,0,0
2014-12-19,20:00:00,0.81257,0.8136,0.81205,0.81279,0,0
2014-12-19,21:00:00,0.81276,0.81448,0.81252,0.81417,0,0
2014-12-19,22:00:00,0.81419,0.81467,0.81381,0.81395,0,0
2014-12-19,23:00:00,0.81397,0.81399,0.81391,0.81396,0,0
2014-12-22,01:00:00,0.8139,0.81484,0.8136,0.8146,0,0
2014-12-22,02:00:00,0.8146,0.8149,0.8136,0.81436,0,0
2014-12-22,03:00:00,0.8137,0.81462,0.8131,0.8142,0,0
2014-12-22,04:00:00,0.8142,0.8159,0.81321,0.8159,0,0
2014-12-22,05:00:00,0.8159,0.8166,0.8138,0.8157,0,0
2014-12-22,06:00:00,0.8157,0.8163,0.8147,0.8161,0,0
2014-12-22,07:00:00,0.81587,0.8168,0.81538,0.8168,0,0
2014-12-22,08:00:00,0.81686,0.81709,0.81574,0.81595,0,0
2014-12-22,09:00:00,0.81595,0.81716,0.81595,0.81619,0,0
2014-12-22,10:00:00,0.81614,0.81617,0.81422,0.81474,0,0
2014-12-22,11:00:00,0.81479,0.81513,0.81368,0.8151,0,0
2014-12-22,12:00:00,0.81517,0.81543,0.81472,0.81521,0,0
2014-12-22,13:00:00,0.81521,0.81575,0.81446,0.81519,0,0
2014-12-22,14:00:00,0.81519,0.81528,0.81409,0.81409,0,0
2014-12-22,15:00:00,0.81408,0.81451,0.81349,0.81362,0,0
2014-12-22,16:00:00,0.81362,0.81453,0.81356,0.81365,0,0
2014-12-22,17:00:00,0.81365,0.81467,0.81361,0.81386,0,0
2014-12-22,18:00:00,0.8144,0.81445,0.81378,0.81396,0,0
2014-12-22,19:00:00,0.8143,0.81436,0.81362,0.81411,0,0
2014-12-22,20:00:00,0.81411,0.81424,0.81362,0.8138,0,0
2014-12-22,21:00:00,0.8138,0.814,0.81359,0.81374,0,0
2014-12-22,22:00:00,0.81374,0.81374,0.81287,0.81314,0,0
2014-12-22,23:00:00,0.81314,0.81342,0.81256,0.81316,0,0
2014-12-22,23:59:00,0.8132,0.81338,0.81213,0.81215,0,0
2014-12-23,01:00:00,0.81215,0.81222,0.81159,0.81193,0,0
2014-12-23,02:00:00,0.81191,0.81288,0.81174,0.81204,0,0
2014-12-23,03:00:00,0.81206,0.81318,0.81189,0.81306,0,0
2014-12-23,04:00:00,0.81306,0.8134,0.8125,0.81266,0,0
2014-12-23,05:00:00,0.81266,0.8128,0.81201,0.81226,0,0
2014-12-23,06:00:00,0.81227,0.81257,0.81147,0.81181,0,0
2014-12-23,07:00:00,0.81181,0.81192,0.80967,0.81063,0,0
2014-12-23,08:00:00,0.81057,0.81068,0.80923,0.81042,0,0
2014-12-23,09:00:00,0.81043,0.81185,0.81038,0.81134,0,0
2014-12-23,10:00:00,0.81126,0.8122,0.81126,0.81176,0,0
2014-12-23,11:00:00,0.81176,0.8127,0.81175,0.81247,0,0
2014-12-23,12:00:00,0.81244,0.8135,0.81244,0.81335,0,0
2014-12-23,13:00:00,0.81335,0.81416,0.81313,0.81383,0,0
2014-12-23,14:00:00,0.81381,0.81434,0.81287,0.81322,0,0
2014-12-23,15:00:00,0.81322,0.81323,0.81073,0.81168,0,0
2014-12-23,16:00:00,0.81159,0.81161,0.80976,0.80977,0,0
2014-12-23,17:00:00,0.81014,0.81108,0.80973,0.80999,0,0
2014-12-23,18:00:00,0.80996,0.81,0.809,0.80963,0,0
2014-12-23,19:00:00,0.80963,0.81027,0.80961,0.81025,0,0
2014-12-23,20:00:00,0.81025,0.81029,0.80916,0.80949,0,0
2014-12-23,21:00:00,0.80949,0.8096,0.80913,0.80956,0,0
2014-12-23,22:00:00,0.80965,0.80979,0.80877,0.8096,0,0
2014-12-23,23:00:00,0.8096,0.81043,0.80956,0.81017,0,0
2014-12-23,23:59:00,0.81021,0.81095,0.80947,0.81095,0,0
2014-12-24,01:00:00,0.81095,0.81162,0.81047,0.81091,0,0
2014-12-24,02:00:00,0.81091,0.812,0.81049,0.812,0,0
2014-12-24,03:00:00,0.812,0.812,0.81099,0.81149,0,0
2014-12-24,04:00:00,0.81144,0.81224,0.8104,0.81075,0,0
2014-12-24,05:00:00,0.8108,0.81149,0.8103,0.81123,0,0
2014-12-24,06:00:00,0.8112,0.8115,0.81061,0.81119,0,0
2014-12-24,07:00:00,0.81097,0.81218,0.81079,0.81218,0,0
2014-12-24,08:00:00,0.81202,0.81203,0.81059,0.81083,0,0
2014-12-24,09:00:00,0.81083,0.81192,0.81082,0.81171,0,0
2014-12-24,10:00:00,0.81161,0.81181,0.81091,0.81115,0,0
2014-12-24,11:00:00,0.81115,0.81153,0.81094,0.81117,0,0
2014-12-24,12:00:00,0.81123,0.81162,0.81067,0.81131,0,0
2014-12-24,13:00:00,0.8112,0.8115,0.81099,0.81111,0,0
2014-12-24,14:00:00,0.81111,0.81127,0.81076,0.81109,0,0
2014-12-24,15:00:00,0.81109,0.81197,0.81085,0.81122,0,0
2014-12-24,16:00:00,0.81127,0.81143,0.81067,0.81132,0,0
2014-12-24,17:00:00,0.81127,0.81142,0.81054,0.81055,0,0
2014-12-24,18:00:00,0.81095,0.81121,0.8106,0.81075,0,0
2014-12-24,19:00:00,0.81078,0.81111,0.81064,0.81079,0,0
2014-12-24,20:00:00,0.81079,0.8113,0.8103,0.81089,0,0
2014-12-24,21:00:00,0.81079,0.8112,0.8106,0.81065,0,0
2014-12-24,22:00:00,0.81065,0.81125,0.81048,0.81081,0,0
2014-12-24,23:00:00,0.811,0.8119,0.8106,0.8106,0,0
2014-12-24,23:59:00,0.8106,0.8117,0.8103,0.81079,0,0
2014-12-26,01:00:00,0.8118,0.8119,0.81037,0.81081,0,0
2014-12-26,02:00:00,0.81074,0.81211,0.81061,0.81174,0,0
2014-12-26,03:00:00,0.81169,0.81272,0.81151,0.81183,0,0
2014-12-26,04:00:00,0.81211,0.81244,0.81179,0.8124,0,0
2014-12-26,05:00:00,0.8124,0.81248,0.81214,0.81222,0,0
2014-12-26,06:00:00,0.81222,0.81268,0.812,0.81249,0,0
2014-12-26,07:00:00,0.81246,0.81275,0.81224,0.81247,0,0
2014-12-26,08:00:00,0.81244,0.81268,0.81213,0.81255,0,0
2014-12-26,09:00:00,0.81255,0.81255,0.8122,0.81231,0,0
2014-12-26,10:00:00,0.81233,0.81256,0.81197,0.81239,0,0
2014-12-26,11:00:00,0.81236,0.81259,0.81225,0.81243,0,0
2014-12-26,12:00:00,0.81241,0.81271,0.81224,0.81271,0,0
2014-12-26,13:00:00,0.81282,0.813,0.81277,0.813,0,0
2014-12-26,14:00:00,0.81298,0.81318,0.81258,0.81265,0,0
2014-12-26,15:00:00,0.81265,0.81302,0.81226,0.81287,0,0
2014-12-26,16:00:00,0.81286,0.8129,0.812,0.81205,0,0
2014-12-26,17:00:00,0.81221,0.81228,0.81091,0.81118,0,0
2014-12-26,18:00:00,0.81125,0.81169,0.81095,0.81111,0,0
2014-12-26,19:00:00,0.81112,0.81194,0.81106,0.81142,0,0
2014-12-26,20:00:00,0.81097,0.81167,0.8109,0.81133,0,0
2014-12-26,21:00:00,0.81126,0.81169,0.81123,0.81152,0,0
2014-12-26,22:00:00,0.81152,0.81223,0.81119,0.81195,0,0
2014-12-26,23:00:00,0.81195,0.81195,0.81195,0.81195,0,0
2014-12-29,01:00:00,0.81149,0.812,0.81101,0.81125,0,0
2014-12-29,02:00:00,0.81125,0.81207,0.81124,0.81193,0,0
2014-12-29,03:00:00,0.81195,0.81268,0.81126,0.81246,0,0
2014-12-29,04:00:00,0.81245,0.8133,0.81203,0.81293,0,0
2014-12-29,05:00:00,0.81296,0.81364,0.81266,0.81274,0,0
2014-12-29,06:00:00,0.81273,0.81369,0.8127,0.81364,0,0
2014-12-29,07:00:00,0.81364,0.81482,0.81311,0.8134,0,0
2014-12-29,08:00:00,0.81336,0.81368,0.81327,0.81342,0,0
2014-12-29,09:00:00,0.81342,0.81387,0.81321,0.81358,0,0
2014-12-29,10:00:00,0.81347,0.81463,0.81324,0.81438,0,0
2014-12-29,11:00:00,0.81438,0.81596,0.81433,0.81576,0,0
2014-12-29,12:00:00,0.81591,0.81622,0.81488,0.81522,0,0
2014-12-29,13:00:00,0.81522,0.8157,0.81453,0.81507,0,0
2014-12-29,14:00:00,0.8151,0.81542,0.81482,0.81511,0,0
2014-12-29,15:00:00,0.81511,0.81535,0.81455,0.81457,0,0
2014-12-29,16:00:00,0.81459,0.81471,0.8138,0.81391,0,0
2014-12-29,17:00:00,0.81394,0.81501,0.8139,0.81483,0,0
2014-12-29,18:00:00,0.81487,0.81516,0.81428,0.81479,0,0
2014-12-29,19:00:00,0.81447,0.8145,0.81402,0.81433,0,0
2014-12-29,20:00:00,0.81434,0.81434,0.81354,0.81361,0,0
2014-12-29,21:00:00,0.81362,0.81362,0.81268,0.81292,0,0
2014-12-29,22:00:00,0.8129,0.81361,0.8129,0.81357,0,0
2014-12-29,23:00:00,0.81357,0.8136,0.81308,0.81333,0,0
2014-12-29,23:59:00,0.8131,0.8138,0.813,0.81317,0,0
2014-12-30,01:00:00,0.81315,0.81373,0.81292,0.81348,0,0
2014-12-30,02:00:00,0.81349,0.81427,0.81338,0.81355,0,0
2014-12-30,03:00:00,0.81355,0.81355,0.81251,0.81258,0,0
2014-12-30,04:00:00,0.81257,0.81298,0.81214,0.81259,0,0
2014-12-30,05:00:00,0.81259,0.81314,0.81228,0.81254,0,0
2014-12-30,06:00:00,0.81254,0.8133,0.81254,0.81282,0,0
2014-12-30,07:00:00,0.81282,0.81335,0.81255,0.81318,0,0
2014-12-30,08:00:00,0.8132,0.81326,0.81263,0.81291,0,0
2014-12-30,09:00:00,0.81291,0.81563,0.81283,0.81502,0,0
2014-12-30,10:00:00,0.81502,0.81729,0.81495,0.81613,0,0
2014-12-30,11:00:00,0.81625,0.81775,0.81573,0.81686,0,0
2014-12-30,12:00:00,0.81668,0.81712,0.81581,0.81649,0,0
2014-12-30,13:00:00,0.81649,0.81688,0.81584,0.81631,0,0
2014-12-30,14:00:00,0.81632,0.81701,0.81592,0.81688,0,0
2014-12-30,15:00:00,0.81688,0.81871,0.81662,0.81862,0,0
2014-12-30,16:00:00,0.81858,0.8194,0.81834,0.81932,0,0
2014-12-30,17:00:00,0.81897,0.81982,0.81848,0.81967,0,0
2014-12-30,18:00:00,0.8196,0.82028,0.81935,0.81974,0,0
2014-12-30,19:00:00,0.81974,0.81996,0.81789,0.81791,0,0
2014-12-30,20:00:00,0.81791,0.81865,0.81754,0.81825,0,0
2014-12-30,21:00:00,0.81825,0.81868,0.81774,0.81782,0,0
2014-12-30,22:00:00,0.81784,0.8182,0.81782,0.81801,0,0
2014-12-30,23:00:00,0.81801,0.81852,0.818,0.81835,0,0
2014-12-30,23:59:00,0.81835,0.81835,0.81776,0.81803,0,0
2014-12-31,01:00:00,0.81792,0.81853,0.81777,0.81816,0,0
2014-12-31,02:00:00,0.81824,0.81855,0.81786,0.81819,0,0
2014-12-31,03:00:00,0.81819,0.8214,0.81805,0.82133,0,0
2014-12-31,04:00:00,0.82127,0.82148,0.82056,0.82086,0,0
2014-12-31,05:00:00,0.8209,0.8209,0.81985,0.82011,0,0
2014-12-31,06:00:00,0.82012,0.82076,0.8199,0.82008,0,0
2014-12-31,07:00:00,0.8199,0.81995,0.81821,0.81919,0,0
2014-12-31,08:00:00,0.81922,0.81938,0.81806,0.81815,0,0
2014-12-31,09:00:00,0.81813,0.81861,0.81782,0.81847,0,0
2014-12-31,10:00:00,0.81849,0.81978,0.81846,0.81936,0,0
2014-12-31,11:00:00,0.81937,0.81947,0.8189,0.8193,0,0
2014-12-31,12:00:00,0.81928,0.8202,0.81924,0.81976,0,0
2014-12-31,13:00:00,0.81982,0.82073,0.81942,0.82057,0,0
2014-12-31,14:00:00,0.82061,0.82098,0.81932,0.81932,0,0
2014-12-31,15:00:00,0.81925,0.81927,0.81832,0.81845,0,0
2014-12-31,16:00:00,0.81845,0.8187,0.81703,0.81734,0,0
2014-12-31,17:00:00,0.81735,0.81766,0.81588,0.81752,0,0
2014-12-31,18:00:00,0.81916,0.81916,0.81709,0.81709,0,0
2014-12-31,19:00:00,0.81688,0.81794,0.81646,0.81646,0,0
2014-12-31,20:00:00,0.81638,0.8173,0.8161,0.81622,0,0
2014-12-31,21:00:00,0.81621,0.81661,0.81576,0.8166,0,0
2014-12-31,22:00:00,0.81743,0.8176,0.81616,0.81635,0,0
2014-12-31,23:00:00,0.81635,0.8171,0.8159,0.81637,0,0
2014-12-31,23:59:00,0.81637,0.81741,0.81618,0.81654,0,0
2015-01-02,01:00:00,0.8171,0.8181,0.8168,0.81794,0,0
2015-01-02,02:00:00,0.81794,0.81852,0.81673,0.81674,0,0
2015-01-02,03:00:00,0.81677,0.81678,0.81303,0.81344,0,0
2015-01-02,04:00:00,0.81348,0.8136,0.81275,0.8132,0,0
2015-01-02,05:00:00,0.81285,0.81351,0.8127,0.81314,0,0
2015-01-02,06:00:00,0.81311,0.81344,0.81261,0.81275,0,0
2015-01-02,07:00:00,0.81275,0.81375,0.8127,0.8136,0,0
2015-01-02,08:00:00,0.8136,0.81448,0.81358,0.8142,0,0
2015-01-02,09:00:00,0.81419,0.81419,0.8126,0.81379,0,0
2015-01-02,10:00:00,0.81372,0.81452,0.81372,0.81432,0,0
2015-01-02,11:00:00,0.81431,0.81457,0.81362,0.81422,0,0
2015-01-02,12:00:00,0.81421,0.81426,0.81269,0.81308,0,0
2015-01-02,13:00:00,0.81308,0.81323,0.81155,0.81189,0,0
2015-01-02,14:00:00,0.8119,0.812,0.81079,0.81116,0,0
2015-01-02,15:00:00,0.81117,0.81143,0.81059,0.81084,0,0
2015-01-02,16:00:00,0.81084,0.81098,0.8102,0.81074,0,0
2015-01-02,17:00:00,0.81075,0.81257,0.81075,0.81247,0,0
2015-01-02,18:00:00,0.8125,0.81307,0.81148,0.81166,0,0
2015-01-02,19:00:00,0.81168,0.81192,0.81078,0.81104,0,0
2015-01-02,20:00:00,0.81122,0.81128,0.81067,0.81081,0,0
2015-01-02,21:00:00,0.8108,0.81146,0.81057,0.81132,0,0
2015-01-02,22:00:00,0.81136,0.81136,0.80923,0.80977,0,0
2015-01-02,23:00:00,0.80977,0.80977,0.8097,0.80971,0,0
2015-01-05,01:00:00,0.80742,0.80781,0.80524,0.80662,0,0
2015-01-05,02:00:00,0.80662,0.81054,0.80662,0.80922,0,0
2015-01-05,03:00:00,0.80922,0.81059,0.80762,0.80826,0,0
2015-01-05,04:00:00,0.80825,0.80937,0.8071,0.80711,0,0
2015-01-05,05:00:00,0.80711,0.80717,0.80542,0.80622,0,0
2015-01-05,06:00:00,0.80574,0.80653,0.80541,0.80609,0,0
2015-01-05,07:00:00,0.80601,0.80638,0.80353,0.80492,0,0
2015-01-05,08:00:00,0.80452,0.80504,0.804,0.80466,0,0
2015-01-05,09:00:00,0.80466,0.80646,0.80465,0.80484,0,0
2015-01-05,10:00:00,0.80483,0.80766,0.80478,0.80758,0,0
2015-01-05,11:00:00,0.80758,0.80875,0.80711,0.80861,0,0
2015-01-05,12:00:00,0.80862,0.80883,0.80632,0.80651,0,0
2015-01-05,13:00:00,0.80653,0.80674,0.80565,0.80617,0,0
2015-01-05,14:00:00,0.80614,0.80715,0.80571,0.8065,0,0
2015-01-05,15:00:00,0.80629,0.80873,0.80627,0.80759,0,0
2015-01-05,16:00:00,0.80761,0.80913,0.80738,0.80904,0,0
2015-01-05,17:00:00,0.8093,0.80978,0.80802,0.80972,0,0
2015-01-05,18:00:00,0.80971,0.81067,0.80916,0.8094,0,0
2015-01-05,19:00:00,0.80943,0.80947,0.80845,0.80918,0,0
2015-01-05,20:00:00,0.80902,0.80932,0.80838,0.80918,0,0
2015-01-05,21:00:00,0.80912,0.81,0.80895,0.80923,0,0
2015-01-05,22:00:00,0.80894,0.80981,0.80872,0.8088,0,0
2015-01-05,23:00:00,0.80878,0.80905,0.80828,0.80832,0,0
2015-01-05,23:59:00,0.80834,0.80873,0.80793,0.80841,0,0
2015-01-06,01:00:00,0.80841,0.81026,0.80833,0.8097,0,0
2015-01-06,02:00:00,0.80932,0.81234,0.80864,0.81234,0,0
2015-01-06,03:00:00,0.81222,0.81222,0.81067,0.8116,0,0
2015-01-06,04:00:00,0.81158,0.8149,0.81155,0.81368,0,0
2015-01-06,05:00:00,0.81368,0.81402,0.8129,0.81349,0,0
2015-01-06,06:00:00,0.8135,0.81365,0.81228,0.81257,0,0
2015-01-06,07:00:00,0.81259,0.81436,0.81259,0.81422,0,0
2015-01-06,08:00:00,0.81428,0.81567,0.81397,0.81481,0,0
2015-01-06,09:00:00,0.81468,0.81469,0.81256,0.81257,0,0
2015-01-06,10:00:00,0.81257,0.81389,0.81153,0.81326,0,0
2015-01-06,11:00:00,0.81325,0.81383,0.81284,0.81318,0,0
2015-01-06,12:00:00,0.81311,0.81325,0.81232,0.81299,0,0
2015-01-06,13:00:00,0.81298,0.81413,0.81268,0.8127,0,0
2015-01-06,14:00:00,0.81237,0.81351,0.81207,0.81338,0,0
2015-01-06,15:00:00,0.81302,0.81392,0.81239,0.81247,0,0
2015-01-06,16:00:00,0.81246,0.81268,0.81019,0.81245,0,0
2015-01-06,17:00:00,0.81324,0.8137,0.81114,0.81135,0,0
2015-01-06,18:00:00,0.81135,0.81211,0.81037,0.81168,0,0
2015-01-06,19:00:00,0.81152,0.81245,0.81044,0.81064,0,0
2015-01-06,20:00:00,0.81064,0.8118,0.81064,0.8116,0,0
2015-01-06,21:00:00,0.8116,0.81191,0.81096,0.81096,0,0
2015-01-06,22:00:00,0.81085,0.81109,0.80919,0.80958,0,0
2015-01-06,23:00:00,0.80954,0.80984,0.80833,0.80835,0,0
2015-01-06,23:59:00,0.80839,0.80862,0.80661,0.80721,0,0
2015-01-07,01:00:00,0.8076,0.80813,0.80725,0.80775,0,0
2015-01-07,02:00:00,0.80775,0.80793,0.80552,0.80598,0,0
2015-01-07,03:00:00,0.80598,0.80754,0.80567,0.80741,0,0
2015-01-07,04:00:00,0.80741,0.80778,0.80646,0.80675,0,0
2015-01-07,05:00:00,0.80677,0.80814,0.80641,0.8074,0,0
2015-01-07,06:00:00,0.8074,0.80784,0.80716,0.80727,0,0
2015-01-07,07:00:00,0.80727,0.80801,0.80658,0.80708,0,0
2015-01-07,08:00:00,0.80711,0.8073,0.8053,0.80636,0,0
2015-01-07,09:00:00,0.80636,0.80768,0.8059,0.80699,0,0
2015-01-07,10:00:00,0.80724,0.80773,0.80618,0.80677,0,0
2015-01-07,11:00:00,0.80678,0.80809,0.80617,0.80617,0,0
2015-01-07,12:00:00,0.80614,0.80721,0.80597,0.80629,0,0
2015-01-07,13:00:00,0.80687,0.80778,0.80667,0.80706,0,0
2015-01-07,14:00:00,0.80722,0.80802,0.80721,0.80727,0,0
2015-01-07,15:00:00,0.80727,0.80738,0.80508,0.8055,0,0
2015-01-07,16:00:00,0.8055,0.80553,0.80417,0.80447,0,0
2015-01-07,17:00:00,0.80464,0.80548,0.80329,0.80398,0,0
2015-01-07,18:00:00,0.80393,0.80509,0.80359,0.80486,0,0
2015-01-07,19:00:00,0.80478,0.80556,0.8046,0.80518,0,0
2015-01-07,20:00:00,0.80513,0.8059,0.8051,0.8059,0,0
2015-01-07,21:00:00,0.80584,0.80892,0.80379,0.80827,0,0
2015-01-07,22:00:00,0.80772,0.80801,0.80667,0.80704,0,0
2015-01-07,23:00:00,0.80704,0.80821,0.80674,0.8077,0,0
2015-01-07,23:59:00,0.80759,0.80802,0.80684,0.80757,0,0
2015-01-08,01:00:00,0.80755,0.80806,0.80701,0.80745,0,0
2015-01-08,02:00:00,0.80794,0.81049,0.80767,0.80891,0,0
2015-01-08,03:00:00,0.80931,0.81057,0.80916,0.80933,0,0
2015-01-08,04:00:00,0.80933,0.80976,0.80851,0.80905,0,0
2015-01-08,05:00:00,0.80905,0.81152,0.80856,0.8111,0,0
2015-01-08,06:00:00,0.81105,0.81134,0.81033,0.81092,0,0
2015-01-08,07:00:00,0.81074,0.81135,0.81032,0.81128,0,0
2015-01-08,08:00:00,0.81127,0.81127,0.81031,0.81052,0,0
2015-01-08,09:00:00,0.81038,0.81085,0.80931,0.81048,0,0
2015-01-08,10:00:00,0.81045,0.81166,0.81031,0.81134,0,0
2015-01-08,11:00:00,0.8112,0.81243,0.81106,0.81124,0,0
2015-01-08,12:00:00,0.81134,0.81134,0.80946,0.81014,0,0
2015-01-08,13:00:00,0.80997,0.81121,0.80996,0.81096,0,0
2015-01-08,14:00:00,0.81098,0.8112,0.80986,0.81092,0,0
2015-01-08,15:00:00,0.81075,0.81154,0.81012,0.8108,0,0
2015-01-08,16:00:00,0.8108,0.81158,0.80934,0.81158,0,0
2015-01-08,17:00:00,0.81155,0.81237,0.8108,0.81083,0,0
2015-01-08,18:00:00,0.81081,0.81283,0.8108,0.81283,0,0
2015-01-08,19:00:00,0.8125,0.81307,0.81232,0.8128,0,0
2015-01-08,20:00:00,0.8128,0.81295,0.8116,0.81189,0,0
2015-01-08,21:00:00,0.81189,0.81189,0.81041,0.81067,0,0
2015-01-08,22:00:00,0.811,0.81154,0.81083,0.81143,0,0
2015-01-08,23:00:00,0.81143,0.81242,0.81117,0.81224,0,0
2015-01-08,23:59:00,0.81227,0.81228,0.81082,0.81118,0,0
2015-01-09,01:00:00,0.81131,0.81136,0.81071,0.81126,0,0
2015-01-09,02:00:00,0.81126,0.81316,0.8106,0.8128,0,0
2015-01-09,03:00:00,0.8128,0.81389,0.8128,0.81301,0,0
2015-01-09,04:00:00,0.8131,0.81465,0.81308,0.81413,0,0
2015-01-09,05:00:00,0.81416,0.81455,0.81355,0.81392,0,0
2015-01-09,06:00:00,0.81382,0.81455,0.81371,0.81378,0,0
2015-01-09,07:00:00,0.81376,0.81431,0.81347,0.81394,0,0
2015-01-09,08:00:00,0.81393,0.81393,0.81242,0.81301,0,0
2015-01-09,09:00:00,0.81301,0.81353,0.81211,0.81225,0,0
2015-01-09,10:00:00,0.81225,0.8125,0.81171,0.81188,0,0
2015-01-09,11:00:00,0.81188,0.8126,0.81136,0.81208,0,0
2015-01-09,12:00:00,0.81201,0.81371,0.81198,0.81358,0,0
2015-01-09,13:00:00,0.81359,0.8144,0.81339,0.81426,0,0
2015-01-09,14:00:00,0.81425,0.81426,0.81357,0.81424,0,0
2015-01-09,15:00:00,0.81423,0.81646,0.81295,0.81529,0,0
2015-01-09,16:00:00,0.8153,0.81798,0.81517,0.81711,0,0
2015-01-09,17:00:00,0.81729,0.81957,0.81722,0.81874,0,0
2015-01-09,18:00:00,0.81872,0.82,0.81705,0.81899,0,0
2015-01-09,19:00:00,0.81898,0.82024,0.8188,0.81905,0,0
2015-01-09,20:00:00,0.81905,0.81997,0.81888,0.8198,0,0
2015-01-09,21:00:00,0.8197,0.82032,0.81925,0.81997,0,0
2015-01-09,22:00:00,0.82027,0.8208,0.8197,0.82045,0,0
2015-01-09,23:00:00,0.82045,0.82045,0.82045,0.82045,0,0
