Date,Time,Open,High,Low,Close,Volume,OpenInt
2014-10-13,01:00:00,95.9668,95.9828,95.8013,95.8531,0,0
2014-10-13,02:00:00,95.8531,95.9828,95.8462,95.9488,0,0
2014-10-13,03:00:00,95.9497,95.9605,95.7996,95.8348,0,0
2014-10-13,04:00:00,95.8348,95.8408,95.618,95.6774,0,0
2014-10-13,05:00:00,95.6801,95.767,95.6156,95.6475,0,0
2014-10-13,06:00:00,95.6448,95.7371,95.6302,95.7098,0,0
2014-10-13,07:00:00,95.7071,95.726,95.6509,95.7075,0,0
2014-10-13,08:00:00,95.7075,95.7585,95.6698,95.7355,0,0
2014-10-13,09:00:00,95.7363,95.8664,95.7166,95.7732,0,0
2014-10-13,10:00:00,95.7675,95.808,95.709,95.7153,0,0
2014-10-13,11:00:00,95.7198,96.0024,95.6658,95.9673,0,0
2014-10-13,12:00:00,95.974,95.9802,95.7981,95.8327,0,0
2014-10-13,13:00:00,95.8398,95.8958,95.8173,95.853,0,0
2014-10-13,14:00:00,95.8548,95.8796,95.6838,95.6936,0,0
2014-10-13,15:00:00,95.7008,95.7368,95.5937,95.7071,0,0
2014-10-13,16:00:00,95.719,95.9568,95.6628,95.8319,0,0
2014-10-13,17:00:00,95.8308,95.8882,95.6238,95.7448,0,0
2014-10-13,18:00:00,95.7444,95.9785,95.7349,95.9244,0,0
2014-10-13,19:00:00,95.9244,95.9878,95.8632,95.9045,0,0
2014-10-13,20:00:00,95.9017,95.9695,95.814,95.9224,0,0
2014-10-13,21:00:00,95.9206,95.925,95.7947,95.799,0,0
2014-10-13,22:00:00,95.7981,95.8196,95.5723,95.5759,0,0
2014-10-13,23:00:00,95.575,95.6312,95.4007,95.4007,0,0
2014-10-13,23:59:00,95.4015,95.6024,95.3681,95.6007,0,0
2014-10-14,01:00:00,95.598,95.6682,95.5464,95.5798,0,0
2014-10-14,02:00:00,95.5815,95.6077,95.5254,95.5311,0,0
2014-10-14,03:00:00,95.5284,95.632,95.4901,95.5413,0,0
2014-10-14,04:00:00,95.5413,95.7594,95.5297,95.7478,0,0
2014-10-14,05:00:00,95.7496,95.8462,95.7398,95.7763,0,0
2014-10-14,06:00:00,95.7763,95.7847,95.6414,95.6721,0,0
2014-10-14,07:00:00,95.6748,95.7046,95.582,95.6202,0,0
2014-10-14,08:00:00,95.6229,95.6485,95.5341,95.6108,0,0
2014-10-14,09:00:00,95.6107,95.6123,95.436,95.441,0,0
2014-10-14,10:00:00,95.4313,95.4913,95.3321,95.4445,0,0
2014-10-14,11:00:00,95.4544,95.4544,95.1088,95.1227,0,0
2014-10-14,12:00:00,95.1194,95.1238,94.9647,94.9706,0,0
2014-10-14,13:00:00,94.9752,95.131,94.9209,95.0268,0,0
2014-10-14,14:00:00,95.0215,95.0232,94.8686,94.9984,0,0
2014-10-14,15:00:00,94.9873,95.3875,94.981,95.2924,0,0
2014-10-14,16:00:00,95.2933,95.4474,95.2345,95.2469,0,0
2014-10-14,17:00:00,95.2433,95.4094,95.1598,95.3133,0,0
2014-10-14,18:00:00,95.3176,95.4258,95.2523,95.3725,0,0
2014-10-14,19:00:00,95.3751,95.4054,95.1411,95.143,0,0
2014-10-14,20:00:00,95.1465,95.1618,94.9572,94.9769,0,0
2014-10-14,21:00:00,94.9787,95.0202,94.699,94.7052,0,0
2014-10-14,22:00:00,94.7114,94.7668,94.4813,94.6649,0,0
2014-10-14,23:00:00,94.6572,94.7985,94.6358,94.7696,0,0
2014-10-14,23:59:00,94.7678,94.9194,94.7669,94.8616,0,0
2014-10-15,01:00:00,94.8616,94.9624,94.8417,94.8978,0,0
2014-10-15,02:00:00,94.8978,94.9364,94.8247,94.8389,0,0
2014-10-15,03:00:00,94.8406,94.8509,94.6724,94.6724,0,0
2014-10-15,04:00:00,94.6732,94.6817,94.4473,94.539,0,0
2014-10-15,05:00:00,94.5408,94.6272,94.4574,94.5283,0,0
2014-10-15,06:00:00,94.5316,94.6887,94.5177,94.6358,0,0
2014-10-15,07:00:00,94.6385,94.7371,94.6136,94.6497,0,0
2014-10-15,08:00:00,94.6523,94.7639,94.6352,94.7184,0,0
2014-10-15,09:00:00,94.7256,94.9087,94.7063,94.8279,0,0
2014-10-15,10:00:00,94.8306,94.8338,94.4805,94.4805,0,0
2014-10-15,11:00:00,94.4699,94.4699,94.2511,94.337,0,0
2014-10-15,12:00:00,94.3377,94.4847,94.2299,94.4755,0,0
2014-10-15,13:00:00,94.4755,94.4947,94.3026,94.3408,0,0
2014-10-15,14:00:00,94.3356,94.3438,93.9384,94.0347,0,0
2014-10-15,15:00:00,94.035,94.2218,93.7465,93.7644,0,0
2014-10-15,16:00:00,93.7647,94.355,93.7076,94.2754,0,0
2014-10-15,17:00:00,94.2563,94.3618,93.642,93.7707,0,0
2014-10-15,18:00:00,93.776,93.999,93.7501,93.9628,0,0
2014-10-15,19:00:00,93.9645,93.9645,93.6235,93.7702,0,0
2014-10-15,20:00:00,93.7636,93.87,93.3899,93.5969,0,0
2014-10-15,21:00:00,93.5935,93.983,93.516,93.9272,0,0
2014-10-15,22:00:00,93.9244,94.2755,93.8883,94.2477,0,0
2014-10-15,23:00:00,94.2369,94.3041,94.0425,94.105,0,0
2014-10-15,23:59:00,94.1101,94.2494,94.1047,94.1489,0,0
2014-10-16,01:00:00,94.1471,94.1471,93.9458,94.0956,0,0
2014-10-16,02:00:00,94.0913,94.1396,94.0034,94.0978,0,0
2014-10-16,03:00:00,94.0978,94.3137,94.005,94.2784,0,0
2014-10-16,04:00:00,94.2713,94.2857,94.0601,94.2254,0,0
2014-10-16,05:00:00,94.2215,94.2764,94.1286,94.1542,0,0
2014-10-16,06:00:00,94.1532,94.2036,94.1356,94.1837,0,0
2014-10-16,07:00:00,94.1862,94.2881,94.1696,94.2061,0,0
2014-10-16,08:00:00,94.2061,94.2575,94.1831,94.1831,0,0
2014-10-16,09:00:00,94.1743,94.2825,94.1239,94.2075,0,0
2014-10-16,10:00:00,94.2109,94.2703,93.8813,93.9732,0,0
2014-10-16,11:00:00,93.9704,93.9818,93.7079,93.7445,0,0
2014-10-16,12:00:00,93.7478,93.7531,93.2112,93.2971,0,0
2014-10-16,13:00:00,93.2959,93.3005,92.9197,93.2277,0,0
2014-10-16,14:00:00,93.2288,93.3879,93.0319,93.3871,0,0
2014-10-16,15:00:00,93.3869,93.4609,93.1309,93.2423,0,0
2014-10-16,16:00:00,93.2356,93.845,93.2356,93.8427,0,0
2014-10-16,17:00:00,93.8531,94.2392,93.5851,94.066,0,0
2014-10-16,18:00:00,94.0769,94.2811,93.8543,94.0861,0,0
2014-10-16,19:00:00,94.0823,94.2876,93.9844,94.2762,0,0
2014-10-16,20:00:00,94.279,94.6234,94.2781,94.3046,0,0
2014-10-16,21:00:00,94.3057,94.4554,94.277,94.356,0,0
2014-10-16,22:00:00,94.3458,94.625,94.2807,94.5819,0,0
2014-10-16,23:00:00,94.5778,94.5921,94.4441,94.4505,0,0
2014-10-16,23:59:00,94.4417,94.4933,94.3442,94.3611,0,0
2014-10-17,01:00:00,94.3738,94.4814,94.3657,94.4674,0,0
2014-10-17,02:00:00,94.4648,94.6265,94.4648,94.5242,0,0
2014-10-17,03:00:00,94.5206,94.5268,94.3996,94.4967,0,0
2014-10-17,04:00:00,94.4985,94.6236,94.4688,94.5808,0,0
2014-10-17,05:00:00,94.5799,94.5799,94.4599,94.5011,0,0
2014-10-17,06:00:00,94.4885,94.4885,94.2405,94.2479,0,0
2014-10-17,07:00:00,94.2487,94.4525,94.2407,94.37,0,0
2014-10-17,08:00:00,94.3703,94.3959,94.2823,94.3684,0,0
2014-10-17,09:00:00,94.3703,94.4353,94.2659,94.4353,0,0
2014-10-17,10:00:00,94.4371,94.7164,94.3684,94.6701,0,0
2014-10-17,11:00:00,94.6719,94.8302,94.6231,94.7986,0,0
2014-10-17,12:00:00,94.7907,94.8177,94.6909,94.7569,0,0
2014-10-17,13:00:00,94.7569,94.9352,94.7569,94.7839,0,0
2014-10-17,14:00:00,94.77,94.9115,94.7438,94.7523,0,0
2014-10-17,15:00:00,94.7461,95.0296,94.6011,94.7977,0,0
2014-10-17,16:00:00,94.7832,94.895,94.6604,94.8434,0,0
2014-10-17,17:00:00,94.8284,95.1681,94.7915,94.8733,0,0
2014-10-17,18:00:00,94.8698,95.0261,94.8258,94.8884,0,0
2014-10-17,19:00:00,94.891,94.9164,94.7715,94.8128,0,0
2014-10-17,20:00:00,94.8003,94.8534,94.6729,94.7209,0,0
2014-10-17,21:00:00,94.7218,94.7218,94.5201,94.6668,0,0
2014-10-17,22:00:00,94.6703,94.8423,94.6231,94.807,0,0
2014-10-17,23:00:00,94.8051,94.8077,94.8051,94.8077,0,0
2014-10-20,01:00:00,94.9071,94.9384,94.8407,94.918,0,0
2014-10-20,02:00:00,94.9131,94.9845,94.9082,94.9243,0,0
2014-10-20,03:00:00,94.9225,94.9993,94.8642,94.9878,0,0
2014-10-20,04:00:00,94.9903,95.206,94.9808,95.1583,0,0
2014-10-20,05:00:00,95.1583,95.2084,95.0648,95.1591,0,0
2014-10-20,06:00:00,95.1635,95.3424,95.1582,95.2993,0,0
2014-10-20,07:00:00,95.2984,95.3099,95.1943,95.2538,0,0
2014-10-20,08:00:00,95.2556,95.2592,95.1361,95.1531,0,0
2014-10-20,09:00:00,95.1522,95.2435,95.1511,95.1716,0,0
2014-10-20,10:00:00,95.1733,95.1792,95.0216,95.0467,0,0
2014-10-20,11:00:00,95.0632,95.0861,94.9336,94.9358,0,0
2014-10-20,12:00:00,94.9323,95.1369,94.9234,95.1248,0,0
2014-10-20,13:00:00,95.1191,95.1652,94.9805,95.0008,0,0
2014-10-20,14:00:00,94.9893,94.9927,94.81,94.8357,0,0
2014-10-20,15:00:00,94.8403,95.0638,94.8403,94.96,0,0
2014-10-20,16:00:00,94.9575,94.97,94.7125,94.8081,0,0
2014-10-20,17:00:00,94.8073,94.8973,94.7657,94.8335,0,0
2014-10-20,18:00:00,94.8309,94.8402,94.7271,94.7851,0,0
2014-10-20,19:00:00,94.7842,94.818,94.6531,94.7215,0,0
2014-10-20,20:00:00,94.7103,94.7356,94.6393,94.7187,0,0
2014-10-20,21:00:00,94.7161,94.7933,94.667,94.6955,0,0
2014-10-20,22:00:00,94.6938,94.768,94.6606,94.6994,0,0
2014-10-20,23:00:00,94.7081,94.7822,94.6913,94.7822,0,0
2014-10-20,23:59:00,94.7865,94.8186,94.7238,94.753,0,0
2014-10-21,01:00:00,94.753,94.776,94.7199,94.7428,0,0
2014-10-21,02:00:00,94.747,94.7658,94.639,94.6459,0,0
2014-10-21,03:00:00,94.6477,94.6641,94.5089,94.6317,0,0
2014-10-21,04:00:00,94.6326,94.6431,94.5179,94.6088,0,0
2014-10-21,05:00:00,94.616,94.7161,94.56,94.647,0,0
2014-10-21,06:00:00,94.6487,94.6487,94.4248,94.5057,0,0
2014-10-21,07:00:00,94.5057,94.5621,94.3681,94.4272,0,0
2014-10-21,08:00:00,94.4254,94.473,94.365,94.4471,0,0
2014-10-21,09:00:00,94.4445,94.4947,94.3664,94.4879,0,0
2014-10-21,10:00:00,94.4888,94.7606,94.4487,94.7513,0,0
2014-10-21,11:00:00,94.7513,94.8039,94.6849,94.7836,0,0
2014-10-21,12:00:00,94.7921,94.9458,94.7017,94.9364,0,0
2014-10-21,13:00:00,94.9312,95.0281,94.9153,94.9555,0,0
2014-10-21,14:00:00,94.953,94.9771,94.8764,94.9082,0,0
2014-10-21,15:00:00,94.9083,95.1196,94.8239,95.1196,0,0
2014-10-21,16:00:00,95.118,95.2539,95.0029,95.0365,0,0
2014-10-21,17:00:00,95.0419,95.1629,94.9655,95.0521,0,0
2014-10-21,18:00:00,95.065,95.175,94.9911,95.1124,0,0
2014-10-21,19:00:00,95.1183,95.1782,95.0701,95.0818,0,0
2014-10-21,20:00:00,95.0818,95.1189,95.0347,95.0889,0,0
2014-10-21,21:00:00,95.0862,95.1754,95.0329,95.1692,0,0
2014-10-21,22:00:00,95.1698,95.2574,95.1609,95.222,0,0
2014-10-21,23:00:00,95.2149,95.3659,95.1753,95.3659,0,0
2014-10-21,23:59:00,95.3634,95.4257,95.3406,95.3915,0,0
2014-10-22,01:00:00,95.3825,95.416,95.3241,95.3264,0,0
2014-10-22,02:00:00,95.3151,95.3388,95.2681,95.2995,0,0
2014-10-22,03:00:00,95.3004,95.3648,95.2604,95.3548,0,0
2014-10-22,04:00:00,95.353,95.371,95.246,95.2715,0,0
2014-10-22,05:00:00,95.2696,95.3047,95.2437,95.2792,0,0
2014-10-22,06:00:00,95.2792,95.2958,95.2215,95.2958,0,0
2014-10-22,07:00:00,95.302,95.3547,95.272,95.3416,0,0
2014-10-22,08:00:00,95.3451,95.3971,95.2748,95.2748,0,0
2014-10-22,09:00:00,95.281,95.348,95.2455,95.3027,0,0
2014-10-22,10:00:00,95.2956,95.3062,95.1872,95.2243,0,0
2014-10-22,11:00:00,95.2243,95.2336,95.0545,95.1435,0,0
2014-10-22,12:00:00,95.1454,95.2202,95.1323,95.1441,0,0
2014-10-22,13:00:00,95.1458,95.2263,95.1437,95.2156,0,0
2014-10-22,14:00:00,95.2147,95.2908,95.1871,95.2821,0,0
2014-10-22,15:00:00,95.2812,95.4014,95.0804,95.1178,0,0
2014-10-22,16:00:00,95.122,95.1735,95.0189,95.0257,0,0
2014-10-22,17:00:00,94.9957,95.8815,94.9957,95.6611,0,0
2014-10-22,18:00:00,95.6594,95.7776,95.6014,95.6702,0,0
2014-10-22,19:00:00,95.6712,95.7548,95.6169,95.697,0,0
2014-10-22,20:00:00,95.7006,95.7468,95.5145,95.5347,0,0
2014-10-22,21:00:00,95.533,95.5381,95.3382,95.4125,0,0
2014-10-22,22:00:00,95.4186,95.4494,95.2786,95.2912,0,0
2014-10-22,23:00:00,95.2916,95.4052,95.2665,95.4026,0,0
2014-10-22,23:59:00,95.3795,95.4423,95.3412,95.3737,0,0
2014-10-23,01:00:00,95.376,95.4321,95.3428,95.375,0,0
2014-10-23,02:00:00,95.3741,95.3768,95.2212,95.2283,0,0
2014-10-23,03:00:00,95.2309,95.2818,95.1637,95.2035,0,0
2014-10-23,04:00:00,95.2001,95.3643,95.1851,95.2993,0,0
2014-10-23,05:00:00,95.2968,95.4123,95.2746,95.3246,0,0
2014-10-23,06:00:00,95.3255,95.4062,95.3079,95.3619,0,0
2014-10-23,07:00:00,95.3619,95.3841,95.2617,95.3198,0,0
2014-10-23,08:00:00,95.3206,95.3272,95.2596,95.3083,0,0
2014-10-23,09:00:00,95.3118,95.3357,95.2708,95.2912,0,0
2014-10-23,10:00:00,95.2889,95.4058,95.2228,95.3815,0,0
2014-10-23,11:00:00,95.39,95.6971,95.39,95.5693,0,0
2014-10-23,12:00:00,95.5684,95.7312,95.5375,95.7033,0,0
2014-10-23,13:00:00,95.7032,95.7174,95.5347,95.552,0,0
2014-10-23,14:00:00,95.5528,95.9556,95.5479,95.9556,0,0
2014-10-23,15:00:00,95.9563,96.114,95.8549,95.9561,0,0
2014-10-23,16:00:00,95.9507,96.0845,95.9123,96.0453,0,0
2014-10-23,17:00:00,96.0359,96.2405,96.0359,96.1524,0,0
2014-10-23,18:00:00,96.1602,96.2586,96.0716,96.2586,0,0
2014-10-23,19:00:00,96.2646,96.4014,96.2529,96.3565,0,0
2014-10-23,20:00:00,96.3574,96.4028,96.3101,96.3218,0,0
2014-10-23,21:00:00,96.3218,96.4285,96.2972,96.3164,0,0
2014-10-23,22:00:00,96.3128,96.3539,96.2179,96.27,0,0
2014-10-23,23:00:00,96.2866,96.4373,96.2772,96.3972,0,0
2014-10-23,23:59:00,96.4172,96.4443,96.3362,96.4398,0,0
2014-10-24,01:00:00,96.4355,96.4355,96.3679,96.3967,0,0
2014-10-24,02:00:00,96.3932,96.3932,96.3315,96.3744,0,0
2014-10-24,03:00:00,96.3676,96.3805,96.1028,96.192,0,0
2014-10-24,04:00:00,96.1795,96.275,96.0455,96.275,0,0
2014-10-24,05:00:00,96.2652,96.3057,96.1895,96.2524,0,0
2014-10-24,06:00:00,96.2541,96.3166,96.2541,96.2999,0,0
2014-10-24,07:00:00,96.2991,96.3227,96.2444,96.2444,0,0
2014-10-24,08:00:00,96.2462,96.3443,96.2396,96.2467,0,0
2014-10-24,09:00:00,96.2485,96.3025,96.169,96.2822,0,0
2014-10-24,10:00:00,96.2777,96.5445,96.2648,96.524,0,0
2014-10-24,11:00:00,96.5257,96.5257,96.359,96.4415,0,0
2014-10-24,12:00:00,96.4638,96.4664,96.3822,96.4402,0,0
2014-10-24,13:00:00,96.4375,96.466,96.367,96.466,0,0
2014-10-24,14:00:00,96.466,96.4804,96.2649,96.3256,0,0
2014-10-24,15:00:00,96.3247,96.4279,96.1931,96.4079,0,0
2014-10-24,16:00:00,96.4072,96.5061,96.3302,96.3467,0,0
2014-10-24,17:00:00,96.3371,96.4096,96.1548,96.3678,0,0
2014-10-24,18:00:00,96.3643,96.491,96.3416,96.3969,0,0
2014-10-24,19:00:00,96.3909,96.3909,96.1799,96.2015,0,0
2014-10-24,20:00:00,96.2015,96.2498,96.1301,96.2132,0,0
2014-10-24,21:00:00,96.2132,96.2589,96.1744,96.2456,0,0
2014-10-24,22:00:00,96.2404,96.2747,96.2029,96.258,0,0
2014-10-24,23:00:00,96.2561,96.2579,96.2561,96.2579,0,0
2014-10-27,01:00:00,96.2514,96.3097,96.2296,96.2757,0,0
2014-10-27,02:00:00,96.2695,96.2695,96.1397,96.1668,0,0
2014-10-27,03:00:00,96.165,96.2516,96.1367,96.2285,0,0
2014-10-27,04:00:00,96.2251,96.2636,96.184,96.2157,0,0
2014-10-27,05:00:00,96.2237,96.2607,96.1831,96.2607,0,0
2014-10-27,06:00:00,96.2679,96.2704,96.1951,96.2402,0,0
2014-10-27,07:00:00,96.2393,96.2522,96.1785,96.2162,0,0
2014-10-27,08:00:00,96.2059,96.2376,96.1547,96.1611,0,0
2014-10-27,09:00:00,96.1611,96.2783,96.1611,96.1776,0,0
2014-10-27,10:00:00,96.1854,96.1943,96.024,96.0736,0,0
2014-10-27,11:00:00,96.0736,96.1257,95.98,96.0351,0,0
2014-10-27,12:00:00,96.036,96.0369,95.9392,95.9448,0,0
2014-10-27,13:00:00,95.9405,96.0699,95.9096,95.9954,0,0
2014-10-27,14:00:00,95.9891,96.0521,95.859,95.9355,0,0
2014-10-27,15:00:00,95.9356,95.9431,95.8004,95.8751,0,0
2014-10-27,16:00:00,95.8778,96.0086,95.7726,96.0061,0,0
2014-10-27,17:00:00,96.0001,96.0141,95.767,95.7721,0,0
2014-10-27,18:00:00,95.7712,95.8298,95.7085,95.8286,0,0
2014-10-27,19:00:00,95.8278,95.8926,95.7693,95.8035,0,0
2014-10-27,20:00:00,95.8159,95.8665,95.7919,95.8399,0,0
2014-10-27,21:00:00,95.8314,95.9263,95.8314,95.9141,0,0
2014-10-27,22:00:00,95.9073,95.9145,95.8281,95.8644,0,0
2014-10-27,23:00:00,95.8643,95.8773,95.8188,95.8632,0,0
2014-10-27,23:59:00,95.863,95.8746,95.8276,95.8317,0,0
2014-10-28,01:00:00,95.8317,95.911,95.8246,95.8713,0,0
2014-10-28,02:00:00,95.8714,96.0014,95.8691,96.0014,0,0
2014-10-28,03:00:00,96.0005,96.0348,95.9159,95.9327,0,0
2014-10-28,04:00:00,95.9406,95.9449,95.8488,95.8488,0,0
2014-10-28,05:00:00,95.8514,95.9171,95.8379,95.9,0,0
2014-10-28,06:00:00,95.8974,95.9578,95.8833,95.9427,0,0
2014-10-28,07:00:00,95.9418,95.9653,95.8855,95.9154,0,0
2014-10-28,08:00:00,95.9265,96.0051,95.9211,95.9695,0,0
2014-10-28,09:00:00,95.973,96.066,95.9609,95.9926,0,0
2014-10-28,10:00:00,95.9828,96.1296,95.9602,96.0926,0,0
2014-10-28,11:00:00,96.0964,96.2148,96.087,96.2148,0,0
2014-10-28,12:00:00,96.2211,96.3844,96.2183,96.3245,0,0
2014-10-28,13:00:00,96.3334,96.4168,96.309,96.3648,0,0
2014-10-28,14:00:00,96.3639,96.4046,96.0831,96.1608,0,0
2014-10-28,15:00:00,96.165,96.4664,96.1216,96.4098,0,0
2014-10-28,16:00:00,96.3965,96.715,96.3965,96.6188,0,0
2014-10-28,17:00:00,96.6377,96.7124,96.5535,96.634,0,0
2014-10-28,18:00:00,96.6331,96.6909,96.5491,96.5619,0,0
2014-10-28,19:00:00,96.5628,96.5847,96.519,96.5379,0,0
2014-10-28,20:00:00,96.5379,96.6052,96.5192,96.6027,0,0
2014-10-28,21:00:00,96.6036,96.836,96.5887,96.8216,0,0
2014-10-28,22:00:00,96.8207,96.8773,96.7995,96.8574,0,0
2014-10-28,23:00:00,96.8552,96.8921,96.8112,96.8247,0,0
2014-10-28,23:59:00,96.8247,96.8291,96.7455,96.7884,0,0
2014-10-29,01:00:00,96.791,96.8435,96.7823,96.808,0,0
2014-10-29,02:00:00,96.8071,96.8835,96.7844,96.8692,0,0
2014-10-29,03:00:00,96.8625,96.9314,96.8446,96.8657,0,0
2014-10-29,04:00:00,96.8585,96.8934,96.8448,96.8526,0,0
2014-10-29,05:00:00,96.8562,96.8864,96.8439,96.882,0,0
2014-10-29,06:00:00,96.882,96.8896,96.852,96.8854,0,0
2014-10-29,07:00:00,96.8854,96.8987,96.8086,96.8112,0,0
2014-10-29,08:00:00,96.8138,96.8879,96.7563,96.8017,0,0
2014-10-29,09:00:00,96.8008,96.8908,96.7953,96.8039,0,0
2014-10-29,10:00:00,96.8056,96.8323,96.7013,96.7509,0,0
2014-10-29,11:00:00,96.7509,96.8514,96.7318,96.8074,0,0
2014-10-29,12:00:00,96.8038,96.9118,96.7798,96.8625,0,0
2014-10-29,13:00:00,96.8652,97.0553,96.8372,97.0465,0,0
2014-10-29,14:00:00,97.0474,97.0678,96.9633,97.0408,0,0
2014-10-29,15:00:00,97.0489,97.2136,97.0365,97.1237,0,0
2014-10-29,16:00:00,97.1467,97.1632,96.9723,96.9969,0,0
2014-10-29,17:00:00,96.9986,97.0839,96.9457,97.0839,0,0
2014-10-29,18:00:00,97.0893,97.113,97.0303,97.1032,0,0
2014-10-29,19:00:00,97.1023,97.1548,96.9973,97.11,0,0
2014-10-29,20:00:00,97.0728,97.2065,96.9183,97.1449,0,0
2014-10-29,21:00:00,97.1467,97.2905,97.0516,97.2808,0,0
2014-10-29,22:00:00,97.2833,97.3931,97.2208,97.37,0,0
2014-10-29,23:00:00,97.3857,97.3937,97.2936,97.3149,0,0
2014-10-29,23:59:00,97.2998,97.3188,97.2566,97.2913,0,0
2014-10-30,01:00:00,97.2939,97.2939,97.2284,97.254,0,0
2014-10-30,02:00:00,97.2531,97.4524,97.2386,97.4104,0,0
2014-10-30,03:00:00,97.4095,97.5087,97.3735,97.5078,0,0
2014-10-30,04:00:00,97.5069,97.5206,97.3579,97.3845,0,0
2014-10-30,05:00:00,97.3819,97.4138,97.3611,97.3773,0,0
2014-10-30,06:00:00,97.3773,97.4009,97.3433,97.3557,0,0
2014-10-30,07:00:00,97.3575,97.3877,97.3281,97.3532,0,0
2014-10-30,08:00:00,97.3541,97.4798,97.3402,97.4133,0,0
2014-10-30,09:00:00,97.4097,97.4399,97.3602,97.3994,0,0
2014-10-30,10:00:00,97.4029,97.4888,97.3922,97.443,0,0
2014-10-30,11:00:00,97.4431,97.4455,97.267,97.3562,0,0
2014-10-30,12:00:00,97.3556,97.438,97.3396,97.4012,0,0
2014-10-30,13:00:00,97.3985,97.4896,97.3408,97.3836,0,0
2014-10-30,14:00:00,97.38,97.642,97.38,97.5058,0,0
2014-10-30,15:00:00,97.5104,97.5589,97.3558,97.3558,0,0
2014-10-30,16:00:00,97.3675,97.4306,97.2965,97.4194,0,0
2014-10-30,17:00:00,97.4159,97.4262,97.2753,97.347,0,0
2014-10-30,18:00:00,97.355,97.4465,97.2965,97.4203,0,0
2014-10-30,19:00:00,97.4203,97.7503,97.4031,97.7268,0,0
2014-10-30,20:00:00,97.7242,97.862,97.6767,97.6947,0,0
2014-10-30,21:00:00,97.6937,97.7075,97.5723,97.6053,0,0
2014-10-30,22:00:00,97.6141,97.6396,97.5372,97.6256,0,0
2014-10-30,23:00:00,97.6506,97.7011,97.6024,97.6774,0,0
2014-10-30,23:59:00,97.6774,97.75,97.666,97.6984,0,0
2014-10-31,01:00:00,97.6957,97.721,97.5327,97.572,0,0
2014-10-31,02:00:00,97.5641,97.6434,97.5399,97.6057,0,0
2014-10-31,03:00:00,97.6119,97.7069,97.6119,97.6815,0,0
2014-10-31,04:00:00,97.6815,97.727,97.6689,97.6821,0,0
2014-10-31,05:00:00,97.6803,97.7922,97.6531,97.7684,0,0
2014-10-31,06:00:00,97.7693,98.4371,97.6863,98.3389,0,0
2014-10-31,07:00:00,98.3611,99.0558,98.3611,99.0032,0,0
2014-10-31,08:00:00,98.9212,99.1875,98.7912,99.1338,0,0
2014-10-31,09:00:00,99.1231,99.5419,99.1187,99.2486,0,0
2014-10-31,10:00:00,99.2486,99.5066,99.1055,99.4958,0,0
2014-10-31,11:00:00,99.502,99.7026,99.4969,99.6776,0,0
2014-10-31,12:00:00,99.691,99.8759,99.6402,99.8071,0,0
2014-10-31,13:00:00,99.8053,99.8767,99.6193,99.7506,0,0
2014-10-31,14:00:00,99.7479,99.8642,99.2766,99.3273,0,0
2014-10-31,15:00:00,99.3282,99.4332,99.2298,99.3037,0,0
2014-10-31,16:00:00,99.309,99.428,99.1861,99.2144,0,0
2014-10-31,17:00:00,99.2241,99.5301,99.2022,99.4323,0,0
2014-10-31,18:00:00,99.4331,99.4439,99.2056,99.349,0,0
2014-10-31,19:00:00,99.3499,99.4307,99.2419,99.4307,0,0
2014-10-31,20:00:00,99.4316,99.6106,99.3998,99.6097,0,0
2014-10-31,21:00:00,99.6115,99.6902,99.4819,99.6584,0,0
2014-10-31,22:00:00,99.6637,99.7868,99.5662,99.7026,0,0
2014-10-31,23:00:00,99.6831,99.6831,99.6831,99.6831,0,0
2014-11-03,01:00:00,100.153,100.196,99.9592,99.9628,0,0
2014-11-03,02:00:00,99.9628,100.004,99.8309,99.8566,0,0
2014-11-03,03:00:00,99.8539,99.8539,99.7011,99.7875,0,0
2014-11-03,04:00:00,99.7919,99.868,99.7565,99.8476,0,0
2014-11-03,05:00:00,99.8476,99.9088,99.8237,99.8724,0,0
2014-11-03,06:00:00,99.8724,99.9247,99.8449,99.9016,0,0
2014-11-03,07:00:00,99.8999,99.9132,99.8485,99.8485,0,0
2014-11-03,08:00:00,99.8485,99.9007,99.8121,99.8635,0,0
2014-11-03,09:00:00,99.8635,99.9628,99.8165,99.93,0,0
2014-11-03,10:00:00,99.9371,100.102,99.883,100.068,0,0
2014-11-03,11:00:00,100.069,100.188,100.046,100.152,0,0
2014-11-03,12:00:00,100.153,100.56,100.152,100.476,0,0
2014-11-03,13:00:00,100.472,100.755,100.377,100.688,0,0
2014-11-03,14:00:00,100.703,100.78,100.597,100.745,0,0
2014-11-03,15:00:00,100.744,100.917,100.72,100.82,0,0
2014-11-03,16:00:00,100.82,100.863,100.639,100.7,0,0
2014-11-03,17:00:00,100.707,100.974,100.517,100.974,0,0
2014-11-03,18:00:00,100.958,100.968,100.527,100.647,0,0
2014-11-03,19:00:00,100.646,100.672,100.367,100.496,0,0
2014-11-03,20:00:00,100.49,100.502,100.278,100.278,0,0
2014-11-03,21:00:00,100.278,100.288,99.9393,100.094,0,0
2014-11-03,22:00:00,100.097,100.202,100.097,100.186,0,0
2014-11-03,23:00:00,100.185,100.446,100.179,100.43,0,0
2014-11-03,23:59:00,100.424,100.424,100.184,100.233,0,0
2014-11-04,01:00:00,100.218,100.261,100.055,100.107,0,0
2014-11-04,02:00:00,100.105,100.118,99.8918,100.036,0,0
2014-11-04,03:00:00,100.034,100.035,99.9182,99.9613,0,0
2014-11-04,04:00:00,99.9613,100.109,99.9402,100.1,0,0
2014-11-04,05:00:00,100.102,100.15,100.042,100.094,0,0
2014-11-04,06:00:00,100.093,100.122,100.028,100.045,0,0
2014-11-04,07:00:00,100.049,100.071,99.911,99.926,0,0
2014-11-04,08:00:00,99.9357,100.106,99.8695,100.106,0,0
2014-11-04,09:00:00,100.113,100.15,99.8531,99.8699,0,0
2014-11-04,10:00:00,99.8699,100.036,99.8672,99.9076,0,0
2014-11-04,11:00:00,99.9085,99.9085,99.606,99.6765,0,0
2014-11-04,12:00:00,99.6852,99.7257,99.4876,99.572,0,0
2014-11-04,13:00:00,99.5729,99.6011,99.4619,99.5566,0,0
2014-11-04,14:00:00,99.5645,99.5916,99.4283,99.4283,0,0
2014-11-04,15:00:00,99.43,99.576,99.3225,99.5742,0,0
2014-11-04,16:00:00,99.5812,99.7089,99.4481,99.6022,0,0
2014-11-04,17:00:00,99.5882,99.6588,99.3396,99.3667,0,0
2014-11-04,18:00:00,99.3676,99.6505,99.3002,99.5393,0,0
2014-11-04,19:00:00,99.5367,99.6849,99.5306,99.6121,0,0
2014-11-04,20:00:00,99.6121,99.6647,99.5281,99.655,0,0
2014-11-04,21:00:00,99.655,99.7068,99.5955,99.7068,0,0
2014-11-04,22:00:00,99.7068,99.7112,99.5845,99.6275,0,0
2014-11-04,23:00:00,99.6292,99.6474,99.5599,99.5635,0,0
2014-11-04,23:59:00,99.5618,99.6002,99.4828,99.5026,0,0
2014-11-05,01:00:00,99.5105,99.6647,99.5096,99.6462,0,0
2014-11-05,02:00:00,99.6471,99.8386,99.6225,99.7279,0,0
2014-11-05,03:00:00,99.7192,99.7192,99.5413,99.6062,0,0
2014-11-05,04:00:00,99.608,99.729,99.607,99.6685,0,0
2014-11-05,05:00:00,99.6693,99.8051,99.6456,99.7999,0,0
2014-11-05,06:00:00,99.8034,100.079,99.7911,100.019,0,0
2014-11-05,07:00:00,100.016,100.244,99.9465,100.184,0,0
2014-11-05,08:00:00,100.178,100.183,99.8557,99.9309,0,0
2014-11-05,09:00:00,99.9274,100.13,99.902,100.01,0,0
2014-11-05,10:00:00,100.009,100.119,99.9258,99.9389,0,0
2014-11-05,11:00:00,99.9441,100.033,99.8725,100.015,0,0
2014-11-05,12:00:00,100.009,100.116,99.8657,100.073,0,0
2014-11-05,13:00:00,100.075,100.1,99.9686,100.052,0,0
2014-11-05,14:00:00,100.073,100.359,100.009,100.358,0,0
2014-11-05,15:00:00,100.358,100.42,100.228,100.419,0,0
2014-11-05,16:00:00,100.425,100.494,100.311,100.394,0,0
2014-11-05,17:00:00,100.374,100.578,100.14,100.559,0,0
2014-11-05,18:00:00,100.56,100.759,100.443,100.759,0,0
2014-11-05,19:00:00,100.755,100.777,100.637,100.711,0,0
2014-11-05,20:00:00,100.701,100.734,100.555,100.605,0,0
2014-11-05,21:00:00,100.604,100.636,100.566,100.623,0,0
2014-11-05,22:00:00,100.622,100.764,100.615,100.755,0,0
2014-11-05,23:00:00,100.767,100.767,100.656,100.699,0,0
2014-11-05,23:59:00,100.693,100.729,100.636,100.667,0,0
2014-11-06,01:00:00,100.659,100.696,100.6,100.623,0,0
2014-11-06,02:00:00,100.621,100.678,100.466,100.508,0,0
2014-11-06,03:00:00,100.497,100.802,100.478,100.789,0,0
2014-11-06,04:00:00,100.793,100.923,100.631,100.918,0,0
2014-11-06,05:00:00,100.92,101.203,100.918,101.019,0,0
2014-11-06,06:00:00,101.02,101.024,100.386,100.468,0,0
2014-11-06,07:00:00,100.465,100.602,100.249,100.393,0,0
2014-11-06,08:00:00,100.398,100.62,100.356,100.462,0,0
2014-11-06,09:00:00,100.451,100.551,100.386,100.48,0,0
2014-11-06,10:00:00,100.484,100.614,100.468,100.59,0,0
2014-11-06,11:00:00,100.592,100.606,100.436,100.485,0,0
2014-11-06,12:00:00,100.489,100.583,100.467,100.518,0,0
2014-11-06,13:00:00,100.526,100.627,100.504,100.579,0,0
2014-11-06,14:00:00,100.583,100.603,100.454,100.455,0,0
2014-11-06,15:00:00,100.459,100.712,100.356,100.655,0,0
2014-11-06,16:00:00,100.641,100.685,100.457,100.513,0,0
2014-11-06,17:00:00,100.495,100.518,100.078,100.518,0,0
2014-11-06,18:00:00,100.515,100.572,100.378,100.572,0,0
2014-11-06,19:00:00,100.565,100.565,100.414,100.426,0,0
2014-11-06,20:00:00,100.423,100.657,100.399,100.593,0,0
2014-11-06,21:00:00,100.591,100.651,100.545,100.625,0,0
2014-11-06,22:00:00,100.624,100.828,100.588,100.799,0,0
2014-11-06,23:00:00,100.802,100.864,100.751,100.848,0,0
2014-11-06,23:59:00,100.86,100.914,100.838,100.846,0,0
2014-11-07,01:00:00,100.839,100.957,100.74,100.803,0,0
2014-11-07,02:00:00,100.809,100.858,100.726,100.77,0,0
2014-11-07,03:00:00,100.77,100.903,100.748,100.783,0,0
2014-11-07,04:00:00,100.783,100.786,100.704,100.769,0,0
2014-11-07,05:00:00,100.77,100.792,100.718,100.776,0,0
2014-11-07,06:00:00,100.776,100.905,100.726,100.889,0,0
2014-11-07,07:00:00,100.888,100.92,100.79,100.816,0,0
2014-11-07,08:00:00,100.837,100.932,100.763,100.846,0,0
2014-11-07,09:00:00,100.852,100.854,100.696,100.734,0,0
2014-11-07,10:00:00,100.733,100.76,100.665,100.759,0,0
2014-11-07,11:00:00,100.76,100.805,100.707,100.79,0,0
2014-11-07,12:00:00,100.79,100.835,100.718,100.766,0,0
2014-11-07,13:00:00,100.756,100.822,100.718,100.768,0,0
2014-11-07,14:00:00,100.776,100.818,100.694,100.814,0,0
2014-11-07,15:00:00,100.806,101.497,100.583,101.475,0,0
2014-11-07,16:00:00,101.478,101.483,100.904,100.976,0,0
2014-11-07,17:00:00,100.987,101.314,100.884,101.3,0,0
2014-11-07,18:00:00,101.287,101.293,100.975,100.998,0,0
2014-11-07,19:00:00,100.997,101.068,100.887,101.067,0,0
2014-11-07,20:00:00,101.051,101.087,100.906,100.996,0,0
2014-11-07,21:00:00,100.999,101.169,100.978,101.095,0,0
2014-11-07,22:00:00,101.094,101.135,100.982,101.135,0,0
2014-11-07,23:00:00,101.139,101.139,101.139,101.139,0,0
2014-11-10,01:00:00,101.076,101.216,101.048,101.105,0,0
2014-11-10,02:00:00,101.089,101.104,100.874,100.932,0,0
2014-11-10,03:00:00,100.932,101.022,100.874,100.874,0,0
2014-11-10,04:00:00,100.893,100.924,100.786,100.872,0,0
2014-11-10,05:00:00,100.874,100.949,100.807,100.949,0,0
2014-11-10,06:00:00,100.946,100.979,100.83,100.844,0,0
2014-11-10,07:00:00,100.844,100.891,100.726,100.833,0,0
2014-11-10,08:00:00,100.833,100.862,100.78,100.843,0,0
2014-11-10,09:00:00,100.83,100.904,100.552,100.622,0,0
2014-11-10,10:00:00,100.632,100.761,100.606,100.675,0,0
2014-11-10,11:00:00,100.666,100.768,100.666,100.756,0,0
2014-11-10,12:00:00,100.756,100.925,100.756,100.88,0,0
2014-11-10,13:00:00,100.882,101.048,100.853,101.017,0,0
2014-11-10,14:00:00,101.008,101.027,100.897,100.951,0,0
2014-11-10,15:00:00,100.95,101.069,100.922,101.047,0,0
2014-11-10,16:00:00,101.047,101.269,101.047,101.269,0,0
2014-11-10,17:00:00,101.269,101.335,101.217,101.257,0,0
2014-11-10,18:00:00,101.271,101.324,101.206,101.209,0,0
2014-11-10,19:00:00,101.182,101.193,101.101,101.117,0,0
2014-11-10,20:00:00,101.089,101.133,100.931,100.957,0,0
2014-11-10,21:00:00,100.946,100.984,100.914,100.964,0,0
2014-11-10,22:00:00,100.972,101.003,100.934,100.968,0,0
2014-11-10,23:00:00,100.965,100.99,100.873,100.934,0,0
2014-11-10,23:59:00,100.917,100.966,100.896,100.965,0,0
2014-11-11,01:00:00,100.958,100.975,100.904,100.96,0,0
2014-11-11,02:00:00,100.945,101.077,100.884,100.891,0,0
2014-11-11,03:00:00,100.883,100.918,100.832,100.9,0,0
2014-11-11,04:00:00,100.896,100.972,100.887,100.924,0,0
2014-11-11,05:00:00,100.922,101.027,100.908,101.006,0,0
2014-11-11,06:00:00,101.005,101.286,100.983,101.253,0,0
2014-11-11,07:00:00,101.253,101.319,101.185,101.198,0,0
2014-11-11,08:00:00,101.201,101.418,101.158,101.397,0,0
2014-11-11,09:00:00,101.388,101.766,101.353,101.726,0,0
2014-11-11,10:00:00,101.716,101.747,101.581,101.621,0,0
2014-11-11,11:00:00,101.629,101.878,101.606,101.822,0,0
2014-11-11,12:00:00,101.807,101.854,101.724,101.811,0,0
2014-11-11,13:00:00,101.811,101.823,101.719,101.813,0,0
2014-11-11,14:00:00,101.794,101.831,101.765,101.778,0,0
2014-11-11,15:00:00,101.784,101.797,101.603,101.731,0,0
2014-11-11,16:00:00,101.75,101.898,101.676,101.888,0,0
2014-11-11,17:00:00,101.925,102.173,101.925,102.122,0,0
2014-11-11,18:00:00,102.134,102.216,101.818,101.866,0,0
2014-11-11,19:00:00,101.876,102.146,101.833,102.054,0,0
2014-11-11,20:00:00,102.05,102.053,101.904,101.907,0,0
2014-11-11,21:00:00,101.916,101.916,101.647,101.827,0,0
2014-11-11,22:00:00,101.818,101.954,101.776,101.944,0,0
2014-11-11,23:00:00,101.944,102.206,101.874,102.144,0,0
2014-11-11,23:59:00,102.142,102.287,102.108,102.158,0,0
2014-11-12,01:00:00,102.158,102.219,102.045,102.104,0,0
2014-11-12,02:00:00,102.111,102.126,101.992,102.062,0,0
2014-11-12,03:00:00,102.062,102.102,101.886,101.961,0,0
2014-11-12,04:00:00,101.959,102.025,101.621,101.781,0,0
2014-11-12,05:00:00,101.781,102.019,101.755,102.019,0,0
2014-11-12,06:00:00,102.019,102.115,101.805,101.843,0,0
2014-11-12,07:00:00,101.841,101.882,101.558,101.62,0,0
2014-11-12,08:00:00,101.608,101.723,101.45,101.719,0,0
2014-11-12,09:00:00,101.736,101.847,101.655,101.786,0,0
2014-11-12,10:00:00,101.814,101.896,101.763,101.818,0,0
2014-11-12,11:00:00,101.823,101.89,101.71,101.732,0,0
2014-11-12,12:00:00,101.751,101.889,101.751,101.843,0,0
2014-11-12,13:00:00,101.846,101.879,101.719,101.793,0,0
2014-11-12,14:00:00,101.807,101.973,101.793,101.896,0,0
2014-11-12,15:00:00,101.896,101.949,101.635,101.943,0,0
2014-11-12,16:00:00,101.973,102.054,101.829,101.905,0,0
2014-11-12,17:00:00,101.908,102.066,101.851,101.871,0,0
2014-11-12,18:00:00,101.883,102.303,101.817,102.291,0,0
2014-11-12,19:00:00,102.291,102.329,102.194,102.21,0,0
2014-11-12,20:00:00,102.209,102.334,102.188,102.324,0,0
2014-11-12,21:00:00,102.319,102.336,102.171,102.202,0,0
2014-11-12,22:00:00,102.207,102.216,102.097,102.159,0,0
2014-11-12,23:00:00,102.173,102.18,102.005,102.005,0,0
2014-11-12,23:59:00,102.005,102.145,102.005,102.089,0,0
2014-11-13,01:00:00,102.092,102.147,102.032,102.092,0,0
2014-11-13,02:00:00,102.098,102.138,102.012,102.095,0,0
2014-11-13,03:00:00,102.091,102.264,102.049,102.19,0,0
2014-11-13,04:00:00,102.19,102.198,102.1,102.141,0,0
2014-11-13,05:00:00,102.142,102.351,102.115,102.259,0,0
2014-11-13,06:00:00,102.258,102.296,102.199,102.235,0,0
2014-11-13,07:00:00,102.232,102.263,102.18,102.249,0,0
2014-11-13,08:00:00,102.226,102.293,102.198,102.237,0,0
2014-11-13,09:00:00,102.239,102.339,102.22,102.235,0,0
2014-11-13,10:00:00,102.229,102.264,102.085,102.173,0,0
2014-11-13,11:00:00,102.173,102.173,102.06,102.113,0,0
2014-11-13,12:00:00,102.113,102.218,102.066,102.181,0,0
2014-11-13,13:00:00,102.182,102.291,102.157,102.268,0,0
2014-11-13,14:00:00,102.272,102.279,102.101,102.107,0,0
2014-11-13,15:00:00,102.103,102.106,101.894,102.009,0,0
2014-11-13,16:00:00,102.012,102.132,101.96,102.017,0,0
2014-11-13,17:00:00,102.017,102.118,101.886,102.104,0,0
2014-11-13,18:00:00,102.098,102.098,101.726,101.869,0,0
2014-11-13,19:00:00,101.869,101.916,101.778,101.837,0,0
2014-11-13,20:00:00,101.832,101.912,101.738,101.788,0,0
2014-11-13,21:00:00,101.786,101.88,101.672,101.799,0,0
2014-11-13,22:00:00,101.799,101.875,101.752,101.787,0,0
2014-11-13,23:00:00,101.763,101.859,101.624,101.832,0,0
2014-11-13,23:59:00,101.832,101.866,101.772,101.788,0,0
2014-11-14,01:00:00,101.796,101.83,101.699,101.765,0,0
2014-11-14,02:00:00,101.765,102.052,101.726,102.015,0,0
2014-11-14,03:00:00,102.013,102.013,101.742,101.834,0,0
2014-11-14,04:00:00,101.837,101.932,101.764,101.925,0,0
2014-11-14,05:00:00,101.931,102.032,101.873,101.934,0,0
2014-11-14,06:00:00,101.934,101.963,101.849,101.944,0,0
2014-11-14,07:00:00,101.945,102.089,101.902,102.047,0,0
2014-11-14,08:00:00,102.065,102.118,102.022,102.047,0,0
2014-11-14,09:00:00,102.045,102.225,102.045,102.222,0,0
2014-11-14,10:00:00,102.205,102.291,102.156,102.232,0,0
2014-11-14,11:00:00,102.232,102.373,102.22,102.366,0,0
2014-11-14,12:00:00,102.364,102.459,102.355,102.426,0,0
2014-11-14,13:00:00,102.434,102.556,102.4,102.503,0,0
2014-11-14,14:00:00,102.506,102.52,102.32,102.341,0,0
2014-11-14,15:00:00,102.31,102.767,102.299,102.686,0,0
2014-11-14,16:00:00,102.7,102.863,102.685,102.783,0,0
2014-11-14,17:00:00,102.783,102.986,102.699,102.905,0,0
2014-11-14,18:00:00,102.911,103.232,102.865,103.149,0,0
2014-11-14,19:00:00,103.176,103.22,102.909,103.072,0,0
2014-11-14,20:00:00,103.024,103.059,102.975,103.001,0,0
2014-11-14,21:00:00,102.993,103.116,102.961,103.028,0,0
2014-11-14,22:00:00,103.023,103.19,103.013,103.121,0,0
2014-11-14,23:00:00,103.124,103.124,103.123,103.123,0,0
2014-11-17,01:00:00,103.251,103.669,103.242,103.554,0,0
2014-11-17,02:00:00,103.535,103.535,103.073,103.122,0,0
2014-11-17,03:00:00,103.12,103.12,102.785,102.891,0,0
2014-11-17,04:00:00,102.895,102.906,102.445,102.747,0,0
2014-11-17,05:00:00,102.744,102.849,102.646,102.76,0,0
2014-11-17,06:00:00,102.766,102.766,102.629,102.652,0,0
2014-11-17,07:00:00,102.654,102.668,102.443,102.529,0,0
2014-11-17,08:00:00,102.529,102.626,102.486,102.508,0,0
2014-11-17,09:00:00,102.494,102.773,102.476,102.754,0,0
2014-11-17,10:00:00,102.75,102.884,102.718,102.759,0,0
2014-11-17,11:00:00,102.757,102.799,102.427,102.608,0,0
2014-11-17,12:00:00,102.63,102.782,102.606,102.772,0,0
2014-11-17,13:00:00,102.772,102.892,102.712,102.872,0,0
2014-11-17,14:00:00,102.869,102.876,102.74,102.818,0,0
2014-11-17,15:00:00,102.818,102.859,102.626,102.707,0,0
2014-11-17,16:00:00,102.707,102.923,102.698,102.862,0,0
2014-11-17,17:00:00,102.883,103.02,102.819,102.923,0,0
2014-11-17,18:00:00,102.931,102.982,102.82,102.982,0,0
2014-11-17,19:00:00,102.982,103.107,102.925,103.062,0,0
2014-11-17,20:00:00,103.052,103.171,103.04,103.097,0,0
2014-11-17,21:00:00,103.097,103.117,102.97,103.002,0,0
2014-11-17,22:00:00,103.002,103.101,102.982,103.086,0,0
2014-11-17,23:00:00,103.093,103.169,103.069,103.166,0,0
2014-11-17,23:59:00,103.166,103.288,103.148,103.256,0,0
2014-11-18,01:00:00,103.248,103.351,103.245,103.252,0,0
2014-11-18,02:00:00,103.252,103.381,103.221,103.257,0,0
2014-11-18,03:00:00,103.256,103.326,103.189,103.258,0,0
2014-11-18,04:00:00,103.26,103.284,103.186,103.243,0,0
2014-11-18,05:00:00,103.243,103.409,103.235,103.391,0,0
2014-11-18,06:00:00,103.388,103.416,103.341,103.373,0,0
2014-11-18,07:00:00,103.387,103.432,103.364,103.409,0,0
2014-11-18,08:00:00,103.407,103.537,103.402,103.535,0,0
2014-11-18,09:00:00,103.535,103.578,103.512,103.575,0,0
2014-11-18,10:00:00,103.574,103.625,103.475,103.529,0,0
2014-11-18,11:00:00,103.526,103.761,103.526,103.641,0,0
2014-11-18,12:00:00,103.641,103.776,103.201,103.431,0,0
2014-11-18,13:00:00,103.438,103.482,103.363,103.405,0,0
2014-11-18,14:00:00,103.403,103.407,103.289,103.303,0,0
2014-11-18,15:00:00,103.309,103.319,103.057,103.172,0,0
2014-11-18,16:00:00,103.178,103.241,103.041,103.041,0,0
2014-11-18,17:00:00,103.042,103.27,103,103.25,0,0
2014-11-18,18:00:00,103.179,103.294,103.131,103.284,0,0
2014-11-18,19:00:00,103.288,103.347,103.204,103.334,0,0
2014-11-18,20:00:00,103.333,103.367,103.28,103.314,0,0
2014-11-18,21:00:00,103.316,103.478,103.295,103.451,0,0
2014-11-18,22:00:00,103.474,103.566,103.408,103.492,0,0
2014-11-18,23:00:00,103.492,103.492,103.384,103.447,0,0
2014-11-18,23:59:00,103.447,103.505,103.421,103.445,0,0
2014-11-19,01:00:00,103.438,103.472,103.226,103.251,0,0
2014-11-19,02:00:00,103.246,103.489,103.196,103.333,0,0
2014-11-19,03:00:00,103.36,103.446,103.267,103.418,0,0
2014-11-19,04:00:00,103.419,103.487,103.384,103.436,0,0
2014-11-19,05:00:00,103.436,103.521,103.36,103.455,0,0
2014-11-19,06:00:00,103.455,103.597,103.454,103.553,0,0
2014-11-19,07:00:00,103.549,103.579,103.484,103.536,0,0
2014-11-19,08:00:00,103.541,103.646,103.537,103.574,0,0
2014-11-19,09:00:00,103.589,103.704,103.566,103.588,0,0
2014-11-19,10:00:00,103.588,103.64,103.545,103.595,0,0
2014-11-19,11:00:00,103.616,103.688,103.533,103.66,0,0
2014-11-19,12:00:00,103.66,103.77,103.653,103.702,0,0
2014-11-19,13:00:00,103.712,103.832,103.703,103.728,0,0
2014-11-19,14:00:00,103.734,103.74,103.605,103.637,0,0
2014-11-19,15:00:00,103.636,103.706,103.56,103.658,0,0
2014-11-19,16:00:00,103.658,103.798,103.641,103.708,0,0
2014-11-19,17:00:00,103.708,103.83,103.663,103.757,0,0
2014-11-19,18:00:00,103.817,103.828,103.659,103.717,0,0
2014-11-19,19:00:00,103.713,103.822,103.68,103.822,0,0
2014-11-19,20:00:00,103.829,103.899,103.724,103.898,0,0
2014-11-19,21:00:00,103.81,104.052,103.804,103.954,0,0
2014-11-19,22:00:00,103.954,104.047,103.86,103.962,0,0
2014-11-19,23:00:00,103.959,104.09,103.955,104.023,0,0
2014-11-19,23:59:00,104.023,104.215,103.963,104.185,0,0
2014-11-20,01:00:00,104.185,104.229,104.09,104.093,0,0
2014-11-20,02:00:00,104.102,104.167,104.009,104.114,0,0
2014-11-20,03:00:00,104.115,104.162,104.082,104.088,0,0
2014-11-20,04:00:00,104.083,104.149,104.048,104.121,0,0
2014-11-20,05:00:00,104.121,104.308,104.117,104.308,0,0
2014-11-20,06:00:00,104.307,104.46,104.241,104.429,0,0
2014-11-20,07:00:00,104.417,104.617,104.408,104.571,0,0
2014-11-20,08:00:00,104.571,104.596,104.452,104.528,0,0
2014-11-20,09:00:00,104.528,104.73,104.369,104.401,0,0
2014-11-20,10:00:00,104.379,104.492,104.257,104.457,0,0
2014-11-20,11:00:00,104.458,104.564,104.296,104.413,0,0
2014-11-20,12:00:00,104.417,104.417,104.255,104.258,0,0
2014-11-20,13:00:00,104.258,104.277,104.101,104.235,0,0
2014-11-20,14:00:00,104.228,104.392,104.186,104.333,0,0
2014-11-20,15:00:00,104.333,104.55,104.237,104.302,0,0
2014-11-20,16:00:00,104.302,104.404,104.102,104.392,0,0
2014-11-20,17:00:00,104.392,104.586,104.303,104.516,0,0
2014-11-20,18:00:00,104.516,104.568,104.451,104.485,0,0
2014-11-20,19:00:00,104.458,104.568,104.452,104.535,0,0
2014-11-20,20:00:00,104.52,104.559,104.297,104.371,0,0
2014-11-20,21:00:00,104.371,104.465,104.359,104.373,0,0
2014-11-20,22:00:00,104.373,104.451,104.356,104.391,0,0
2014-11-20,23:00:00,104.384,104.604,104.384,104.587,0,0
2014-11-20,23:59:00,104.58,104.628,104.502,104.56,0,0
2014-11-21,01:00:00,104.566,104.635,104.552,104.557,0,0
2014-11-21,02:00:00,104.551,104.567,104.369,104.428,0,0
2014-11-21,03:00:00,104.423,104.433,103.963,104.041,0,0
2014-11-21,04:00:00,104.067,104.125,103.899,104.091,0,0
2014-11-21,05:00:00,104.088,104.233,104.08,104.102,0,0
2014-11-21,06:00:00,104.092,104.227,104.018,104.205,0,0
2014-11-21,07:00:00,104.205,104.303,104.158,104.225,0,0
2014-11-21,08:00:00,104.214,104.303,104.103,104.17,0,0
2014-11-21,09:00:00,104.164,104.207,103.966,103.973,0,0
2014-11-21,10:00:00,103.973,104.222,103.965,104.217,0,0
2014-11-21,11:00:00,104.218,104.264,103.914,104.03,0,0
2014-11-21,12:00:00,104.022,104.443,103.976,104.428,0,0
2014-11-21,13:00:00,104.428,104.846,104.387,104.625,0,0
2014-11-21,14:00:00,104.617,104.841,104.388,104.832,0,0
2014-11-21,15:00:00,104.832,105.286,104.653,105.062,0,0
2014-11-21,16:00:00,105.145,105.196,104.814,104.899,0,0
2014-11-21,17:00:00,104.889,105.266,104.552,104.719,0,0
2014-11-21,18:00:00,104.721,104.803,104.546,104.774,0,0
2014-11-21,19:00:00,104.777,104.834,104.648,104.787,0,0
2014-11-21,20:00:00,104.79,104.903,104.712,104.775,0,0
2014-11-21,21:00:00,104.778,104.856,104.734,104.786,0,0
2014-11-21,22:00:00,104.773,104.819,104.705,104.745,0,0
2014-11-21,23:00:00,104.752,104.752,104.744,104.744,0,0
2014-11-24,01:00:00,104.888,104.938,104.828,104.869,0,0
2014-11-24,02:00:00,104.869,104.874,104.722,104.791,0,0
2014-11-24,03:00:00,104.792,104.871,104.757,104.854,0,0
2014-11-24,04:00:00,104.863,104.927,104.821,104.908,0,0
2014-11-24,05:00:00,104.903,104.99,104.871,104.945,0,0
2014-11-24,06:00:00,104.945,105.045,104.925,105.021,0,0
2014-11-24,07:00:00,105.021,105.073,104.982,105.059,0,0
2014-11-24,08:00:00,105.058,105.1,104.936,104.942,0,0
2014-11-24,09:00:00,104.945,105.011,104.885,104.911,0,0
2014-11-24,10:00:00,104.915,105.21,104.897,105.133,0,0
2014-11-24,11:00:00,105.151,105.262,105.12,105.165,0,0
2014-11-24,12:00:00,105.179,105.302,105.179,105.192,0,0
2014-11-24,13:00:00,105.189,105.251,105.14,105.192,0,0
2014-11-24,14:00:00,105.192,105.21,105.092,105.125,0,0
2014-11-24,15:00:00,105.125,105.199,105.045,105.186,0,0
2014-11-24,16:00:00,105.186,105.27,105.127,105.15,0,0
2014-11-24,17:00:00,105.158,105.169,104.988,104.988,0,0
2014-11-24,18:00:00,105,105.084,104.905,104.967,0,0
2014-11-24,19:00:00,104.967,104.967,104.702,104.893,0,0
2014-11-24,20:00:00,104.885,104.894,104.742,104.765,0,0
2014-11-24,21:00:00,104.758,104.795,104.683,104.705,0,0
2014-11-24,22:00:00,104.705,104.78,104.661,104.757,0,0
2014-11-24,23:00:00,104.764,104.855,104.719,104.855,0,0
2014-11-24,23:59:00,104.87,104.898,104.783,104.843,0,0
2014-11-25,01:00:00,104.821,104.996,104.821,104.932,0,0
2014-11-25,02:00:00,104.932,104.932,104.564,104.634,0,0
2014-11-25,03:00:00,104.623,104.65,104.388,104.632,0,0
2014-11-25,04:00:00,104.639,104.664,104.439,104.456,0,0
2014-11-25,05:00:00,104.476,104.496,104.301,104.373,0,0
2014-11-25,06:00:00,104.376,104.593,104.359,104.487,0,0
2014-11-25,07:00:00,104.489,104.501,104.402,104.42,0,0
2014-11-25,08:00:00,104.426,104.516,104.381,104.391,0,0
2014-11-25,09:00:00,104.393,104.465,104.271,104.365,0,0
2014-11-25,10:00:00,104.358,104.542,104.32,104.469,0,0
2014-11-25,11:00:00,104.476,104.514,104.354,104.488,0,0
2014-11-25,12:00:00,104.496,104.604,104.459,104.603,0,0
2014-11-25,13:00:00,104.602,104.675,104.573,104.613,0,0
2014-11-25,14:00:00,104.605,104.693,104.57,104.666,0,0
2014-11-25,15:00:00,104.666,104.873,104.607,104.796,0,0
2014-11-25,16:00:00,104.779,104.954,104.762,104.924,0,0
2014-11-25,17:00:00,104.838,104.967,104.744,104.744,0,0
2014-11-25,18:00:00,104.743,104.837,104.61,104.777,0,0
2014-11-25,19:00:00,104.784,104.986,104.78,104.904,0,0
2014-11-25,20:00:00,104.891,104.912,104.723,104.787,0,0
2014-11-25,21:00:00,104.778,104.859,104.754,104.775,0,0
2014-11-25,22:00:00,104.771,104.827,104.665,104.813,0,0
2014-11-25,23:00:00,104.818,104.844,104.778,104.79,0,0
2014-11-25,23:59:00,104.779,104.834,104.719,104.73,0,0
2014-11-26,01:00:00,104.749,104.768,104.669,104.721,0,0
2014-11-26,02:00:00,104.722,104.751,104.582,104.637,0,0
2014-11-26,03:00:00,104.629,104.634,104.493,104.544,0,0
2014-11-26,04:00:00,104.544,104.62,104.505,104.552,0,0
2014-11-26,05:00:00,104.549,104.64,104.539,104.64,0,0
2014-11-26,06:00:00,104.64,104.644,104.564,104.568,0,0
2014-11-26,07:00:00,104.567,104.602,104.548,104.558,0,0
2014-11-26,08:00:00,104.558,104.626,104.532,104.602,0,0
2014-11-26,09:00:00,104.602,104.606,104.479,104.547,0,0
2014-11-26,10:00:00,104.546,104.651,104.476,104.514,0,0
2014-11-26,11:00:00,104.51,104.529,104.366,104.471,0,0
2014-11-26,12:00:00,104.467,104.502,104.249,104.385,0,0
2014-11-26,13:00:00,104.381,104.536,104.361,104.515,0,0
2014-11-26,14:00:00,104.513,104.525,104.44,104.49,0,0
2014-11-26,15:00:00,104.5,104.668,104.441,104.495,0,0
2014-11-26,16:00:00,104.494,104.699,104.493,104.609,0,0
2014-11-26,17:00:00,104.592,104.662,104.474,104.658,0,0
2014-11-26,18:00:00,104.637,104.692,104.571,104.661,0,0
2014-11-26,19:00:00,104.661,104.747,104.619,104.726,0,0
2014-11-26,20:00:00,104.729,104.875,104.688,104.855,0,0
2014-11-26,21:00:00,104.854,104.869,104.813,104.835,0,0
2014-11-26,22:00:00,104.837,104.837,104.764,104.776,0,0
2014-11-26,23:00:00,104.793,104.794,104.636,104.697,0,0
2014-11-26,23:59:00,104.683,104.715,104.489,104.514,0,0
2014-11-27,01:00:00,104.532,104.592,104.494,104.515,0,0
2014-11-27,02:00:00,104.516,104.584,104.361,104.372,0,0
2014-11-27,03:00:00,104.373,104.453,104.373,104.413,0,0
2014-11-27,04:00:00,104.414,104.516,104.412,104.511,0,0
2014-11-27,05:00:00,104.51,104.523,104.211,104.255,0,0
2014-11-27,06:00:00,104.263,104.281,104.161,104.186,0,0
2014-11-27,07:00:00,104.186,104.259,104.175,104.197,0,0
2014-11-27,08:00:00,104.199,104.3,104.151,104.292,0,0
2014-11-27,09:00:00,104.291,104.391,104.267,104.369,0,0
2014-11-27,10:00:00,104.369,104.417,104.224,104.262,0,0
2014-11-27,11:00:00,104.258,104.313,104.112,104.19,0,0
2014-11-27,12:00:00,104.194,104.256,104.14,104.157,0,0
2014-11-27,13:00:00,104.157,104.409,104.121,104.364,0,0
2014-11-27,14:00:00,104.362,104.468,104.317,104.455,0,0
2014-11-27,15:00:00,104.456,104.614,104.437,104.569,0,0
2014-11-27,16:00:00,104.57,104.576,104.209,104.333,0,0
2014-11-27,17:00:00,104.326,104.344,103.89,104.029,0,0
2014-11-27,18:00:00,104.046,104.063,103.757,103.868,0,0
2014-11-27,19:00:00,103.864,103.905,103.787,103.818,0,0
2014-11-27,20:00:00,103.827,103.898,103.799,103.861,0,0
2014-11-27,21:00:00,103.861,103.913,103.857,103.867,0,0
2014-11-27,22:00:00,103.867,103.923,103.778,103.879,0,0
2014-11-27,23:00:00,103.88,103.947,103.87,103.887,0,0
2014-11-27,23:59:00,103.913,104.061,103.892,103.944,0,0
2014-11-28,01:00:00,103.944,104.027,103.911,103.966,0,0
2014-11-28,02:00:00,103.959,104.177,103.936,104.166,0,0
2014-11-28,03:00:00,104.172,104.221,104.123,104.206,0,0
2014-11-28,04:00:00,104.209,104.276,104.19,104.255,0,0
2014-11-28,05:00:00,104.264,104.28,104.227,104.256,0,0
2014-11-28,06:00:00,104.247,104.291,104.176,104.184,0,0
2014-11-28,07:00:00,104.184,104.219,104.153,104.194,0,0
2014-11-28,08:00:00,104.195,104.207,104.061,104.076,0,0
2014-11-28,09:00:00,104.074,104.186,103.946,103.956,0,0
2014-11-28,10:00:00,103.955,103.975,103.774,103.802,0,0
2014-11-28,11:00:00,103.811,103.884,103.721,103.875,0,0
2014-11-28,12:00:00,103.878,103.921,103.735,103.778,0,0
2014-11-28,13:00:00,103.781,103.948,103.748,103.861,0,0
2014-11-28,14:00:00,103.861,103.87,103.693,103.732,0,0
2014-11-28,15:00:00,103.723,104.076,103.652,103.73,0,0
2014-11-28,16:00:00,103.728,103.958,103.64,103.814,0,0
2014-11-28,17:00:00,103.825,104.096,103.584,104.096,0,0
2014-11-28,18:00:00,104.097,104.114,103.881,103.897,0,0
2014-11-28,19:00:00,103.893,103.969,103.78,103.801,0,0
2014-11-28,20:00:00,103.793,103.9,103.694,103.814,0,0
2014-11-28,21:00:00,103.814,103.98,103.781,103.953,0,0
2014-11-28,22:00:00,103.952,103.974,103.744,103.752,0,0
2014-11-28,23:00:00,103.754,103.804,103.729,103.797,0,0
2014-12-01,01:00:00,103.961,103.967,103.72,103.778,0,0
2014-12-01,02:00:00,103.773,103.856,103.742,103.808,0,0
2014-12-01,03:00:00,103.809,103.915,103.802,103.84,0,0
2014-12-01,04:00:00,103.84,104.032,103.833,104,0,0
2014-12-01,05:00:00,104.002,104.013,103.916,104.013,0,0
2014-12-01,06:00:00,104.008,104.04,103.96,104.04,0,0
2014-12-01,07:00:00,104.041,104.041,103.961,103.987,0,0
2014-12-01,08:00:00,103.993,104.006,103.919,103.955,0,0
2014-12-01,09:00:00,103.956,103.975,103.737,103.78,0,0
2014-12-01,10:00:00,103.772,104.244,103.63,103.735,0,0
2014-12-01,11:00:00,103.725,103.739,103.474,103.692,0,0
2014-12-01,12:00:00,103.681,103.85,103.652,103.831,0,0
2014-12-01,13:00:00,103.835,103.861,103.769,103.835,0,0
2014-12-01,14:00:00,103.838,103.989,103.816,103.833,0,0
2014-12-01,15:00:00,103.831,103.995,103.821,103.881,0,0
2014-12-01,16:00:00,103.883,103.946,103.736,103.746,0,0
2014-12-01,17:00:00,103.786,104.022,103.705,103.968,0,0
2014-12-01,18:00:00,103.966,104.223,103.935,104.14,0,0
2014-12-01,19:00:00,104.158,104.341,104.049,104.32,0,0
2014-12-01,20:00:00,104.314,104.451,104.285,104.448,0,0
2014-12-01,21:00:00,104.448,104.558,104.337,104.501,0,0
2014-12-01,22:00:00,104.496,104.54,104.424,104.459,0,0
2014-12-01,23:00:00,104.464,104.553,104.442,104.53,0,0
2014-12-01,23:59:00,104.506,104.544,104.47,104.482,0,0
2014-12-02,01:00:00,104.497,104.532,104.45,104.513,0,0
2014-12-02,02:00:00,104.515,104.586,104.439,104.487,0,0
2014-12-02,03:00:00,104.493,104.576,104.457,104.495,0,0
2014-12-02,04:00:00,104.497,104.596,104.489,104.569,0,0
2014-12-02,05:00:00,104.569,104.622,104.529,104.57,0,0
2014-12-02,06:00:00,104.569,104.617,104.544,104.595,0,0
2014-12-02,07:00:00,104.598,104.637,104.555,104.564,0,0
2014-12-02,08:00:00,104.564,104.617,104.498,104.602,0,0
2014-12-02,09:00:00,104.598,104.868,104.598,104.867,0,0
2014-12-02,10:00:00,104.862,104.869,104.725,104.793,0,0
2014-12-02,11:00:00,104.791,104.858,104.75,104.84,0,0
2014-12-02,12:00:00,104.836,104.858,104.601,104.683,0,0
2014-12-02,13:00:00,104.686,104.782,104.648,104.7,0,0
2014-12-02,14:00:00,104.698,104.821,104.597,104.779,0,0
2014-12-02,15:00:00,104.786,104.939,104.757,104.782,0,0
2014-12-02,16:00:00,104.771,104.85,104.407,104.529,0,0
2014-12-02,17:00:00,104.518,104.66,104.449,104.61,0,0
2014-12-02,18:00:00,104.603,104.618,104.452,104.507,0,0
2014-12-02,19:00:00,104.502,104.662,104.454,104.637,0,0
2014-12-02,20:00:00,104.636,104.644,104.524,104.598,0,0
2014-12-02,21:00:00,104.599,104.663,104.471,104.544,0,0
2014-12-02,22:00:00,104.545,104.652,104.512,104.642,0,0
2014-12-02,23:00:00,104.639,104.639,104.502,104.51,0,0
2014-12-02,23:59:00,104.516,104.587,104.509,104.515,0,0
2014-12-03,01:00:00,104.516,104.569,104.482,104.536,0,0
2014-12-03,02:00:00,104.533,104.584,104.48,104.545,0,0
2014-12-03,03:00:00,104.54,104.767,104.534,104.707,0,0
2014-12-03,04:00:00,104.706,104.759,104.692,104.758,0,0
2014-12-03,05:00:00,104.752,104.773,104.702,104.73,0,0
2014-12-03,06:00:00,104.73,104.755,104.585,104.637,0,0
2014-12-03,07:00:00,104.638,104.655,104.553,104.591,0,0
2014-12-03,08:00:00,104.59,104.741,104.59,104.701,0,0
2014-12-03,09:00:00,104.704,104.771,104.621,104.671,0,0
2014-12-03,10:00:00,104.676,104.773,104.625,104.698,0,0
2014-12-03,11:00:00,104.705,104.988,104.703,104.986,0,0
2014-12-03,12:00:00,104.977,105.03,104.842,104.883,0,0
2014-12-03,13:00:00,104.879,104.956,104.82,104.937,0,0
2014-12-03,14:00:00,104.939,104.954,104.818,104.849,0,0
2014-12-03,15:00:00,104.85,104.973,104.804,104.823,0,0
2014-12-03,16:00:00,104.821,105.14,104.805,105.094,0,0
2014-12-03,17:00:00,105.167,105.479,104.88,105.331,0,0
2014-12-03,18:00:00,105.33,105.483,105.309,105.457,0,0
2014-12-03,19:00:00,105.473,105.503,105.308,105.385,0,0
2014-12-03,20:00:00,105.386,105.477,105.374,105.439,0,0
2014-12-03,21:00:00,105.437,105.485,105.4,105.434,0,0
2014-12-03,22:00:00,105.434,105.451,105.362,105.403,0,0
2014-12-03,23:00:00,105.406,105.419,105.362,105.406,0,0
2014-12-03,23:59:00,105.416,105.456,105.353,105.365,0,0
2014-12-04,01:00:00,105.366,105.494,105.345,105.469,0,0
2014-12-04,02:00:00,105.466,105.55,105.438,105.538,0,0
2014-12-04,03:00:00,105.536,105.562,105.455,105.49,0,0
2014-12-04,04:00:00,105.49,105.51,105.44,105.501,0,0
2014-12-04,05:00:00,105.503,105.518,105.439,105.451,0,0
2014-12-04,06:00:00,105.453,105.559,105.452,105.503,0,0
2014-12-04,07:00:00,105.503,105.533,105.434,105.459,0,0
2014-12-04,08:00:00,105.445,105.506,105.404,105.5,0,0
2014-12-04,09:00:00,105.496,105.712,105.488,105.628,0,0
2014-12-04,10:00:00,105.628,105.653,105.529,105.563,0,0
2014-12-04,11:00:00,105.556,105.59,105.509,105.572,0,0
2014-12-04,12:00:00,105.571,105.614,105.537,105.542,0,0
2014-12-04,13:00:00,105.541,105.645,105.515,105.611,0,0
2014-12-04,14:00:00,105.608,105.678,105.48,105.545,0,0
2014-12-04,15:00:00,105.548,105.57,105.36,105.445,0,0
2014-12-04,16:00:00,105.439,105.495,105.187,105.283,0,0
2014-12-04,17:00:00,105.258,105.599,105.247,105.25,0,0
2014-12-04,18:00:00,105.249,105.299,104.918,105.209,0,0
2014-12-04,19:00:00,105.218,105.374,105.214,105.282,0,0
2014-12-04,20:00:00,105.273,105.376,105.237,105.314,0,0
2014-12-04,21:00:00,105.312,105.322,105.208,105.21,0,0
2014-12-04,22:00:00,105.204,105.306,105.161,105.306,0,0
2014-12-04,23:00:00,105.306,105.306,105.219,105.226,0,0
2014-12-04,23:59:00,105.206,105.269,105.206,105.224,0,0
2014-12-05,01:00:00,105.23,105.292,105.184,105.212,0,0
2014-12-05,02:00:00,105.207,105.251,105.112,105.241,0,0
2014-12-05,03:00:00,105.244,105.259,105.17,105.255,0,0
2014-12-05,04:00:00,105.259,105.263,105.193,105.209,0,0
2014-12-05,05:00:00,105.21,105.267,105.203,105.263,0,0
2014-12-05,06:00:00,105.257,105.389,105.249,105.364,0,0
2014-12-05,07:00:00,105.367,105.393,105.305,105.353,0,0
2014-12-05,08:00:00,105.36,105.43,105.358,105.415,0,0
2014-12-05,09:00:00,105.414,105.446,105.345,105.392,0,0
2014-12-05,10:00:00,105.393,105.471,105.362,105.467,0,0
2014-12-05,11:00:00,105.472,105.553,105.451,105.541,0,0
2014-12-05,12:00:00,105.539,105.614,105.496,105.54,0,0
2014-12-05,13:00:00,105.54,105.778,105.51,105.758,0,0
2014-12-05,14:00:00,105.753,105.848,105.715,105.81,0,0
2014-12-05,15:00:00,105.82,106.202,105.36,106.096,0,0
2014-12-05,16:00:00,106.097,106.181,105.935,106.084,0,0
2014-12-05,17:00:00,106.108,106.349,106.063,106.263,0,0
2014-12-05,18:00:00,106.254,106.366,106.204,106.264,0,0
2014-12-05,19:00:00,106.262,106.423,106.208,106.337,0,0
2014-12-05,20:00:00,106.336,106.343,106.177,106.182,0,0
2014-12-05,21:00:00,106.185,106.222,106.101,106.188,0,0
2014-12-05,22:00:00,106.187,106.268,106.163,106.243,0,0
2014-12-05,23:00:00,106.228,106.228,106.18,106.19,0,0
2014-12-08,01:00:00,106.483,106.489,106.208,106.253,0,0
2014-12-08,02:00:00,106.25,106.312,106.147,106.181,0,0
2014-12-08,03:00:00,106.18,106.271,106.068,106.249,0,0
2014-12-08,04:00:00,106.25,106.306,106.187,106.287,0,0
2014-12-08,05:00:00,106.287,106.292,106.187,106.202,0,0
2014-12-08,06:00:00,106.202,106.247,106.18,106.236,0,0
2014-12-08,07:00:00,106.226,106.245,106.203,106.216,0,0
2014-12-08,08:00:00,106.224,106.225,105.973,106.055,0,0
2014-12-08,09:00:00,106.054,106.091,105.955,105.971,0,0
2014-12-08,10:00:00,105.97,106,105.823,105.852,0,0
2014-12-08,11:00:00,105.849,105.932,105.704,105.872,0,0
2014-12-08,12:00:00,105.871,105.957,105.826,105.913,0,0
2014-12-08,13:00:00,105.913,105.913,105.794,105.831,0,0
2014-12-08,14:00:00,105.83,105.969,105.723,105.911,0,0
2014-12-08,15:00:00,105.909,105.92,105.622,105.653,0,0
2014-12-08,16:00:00,105.649,105.726,105.534,105.708,0,0
2014-12-08,17:00:00,105.707,105.709,105.335,105.533,0,0
2014-12-08,18:00:00,105.545,105.603,105.301,105.384,0,0
2014-12-08,19:00:00,105.379,105.426,105.203,105.217,0,0
2014-12-08,20:00:00,105.205,105.307,105.091,105.093,0,0
2014-12-08,21:00:00,105.088,105.15,104.959,105.026,0,0
2014-12-08,22:00:00,105.023,105.136,104.95,105.098,0,0
2014-12-08,23:00:00,105.09,105.255,105.089,105.148,0,0
2014-12-08,23:59:00,105.142,105.167,104.978,105.011,0,0
2014-12-09,01:00:00,105.015,105.151,104.972,105.071,0,0
2014-12-09,02:00:00,105.072,105.284,105.071,105.254,0,0
2014-12-09,03:00:00,105.259,105.277,105.044,105.088,0,0
2014-12-09,04:00:00,105.099,105.132,105.022,105.045,0,0
2014-12-09,05:00:00,105.05,105.171,104.688,104.726,0,0
2014-12-09,06:00:00,104.715,104.757,104.519,104.631,0,0
2014-12-09,07:00:00,104.629,104.709,104.528,104.551,0,0
2014-12-09,08:00:00,104.559,104.613,104.372,104.476,0,0
2014-12-09,09:00:00,104.484,104.573,104.252,104.298,0,0
2014-12-09,10:00:00,104.287,104.413,104.207,104.345,0,0
2014-12-09,11:00:00,104.344,104.57,104.294,104.537,0,0
2014-12-09,12:00:00,104.536,104.621,104.434,104.47,0,0
2014-12-09,13:00:00,104.47,104.693,104.452,104.693,0,0
2014-12-09,14:00:00,104.691,104.72,104.455,104.508,0,0
2014-12-09,15:00:00,104.512,104.582,104.382,104.523,0,0
2014-12-09,16:00:00,104.517,104.548,104.159,104.2,0,0
2014-12-09,17:00:00,104.193,104.307,103.473,104.149,0,0
2014-12-09,18:00:00,104.174,104.356,104.019,104.076,0,0
2014-12-09,19:00:00,104.081,104.367,104.054,104.319,0,0
2014-12-09,20:00:00,104.332,104.436,104.27,104.365,0,0
2014-12-09,21:00:00,104.371,104.501,104.359,104.447,0,0
2014-12-09,22:00:00,104.444,104.715,104.435,104.575,0,0
2014-12-09,23:00:00,104.556,104.607,104.5,104.579,0,0
2014-12-09,23:59:00,104.576,104.58,104.389,104.482,0,0
2014-12-10,01:00:00,104.479,104.622,104.209,104.323,0,0
2014-12-10,02:00:00,104.317,104.481,104.213,104.344,0,0
2014-12-10,03:00:00,104.344,104.66,104.322,104.603,0,0
2014-12-10,04:00:00,104.603,104.665,104.242,104.343,0,0
2014-12-10,05:00:00,104.335,104.419,104.137,104.19,0,0
2014-12-10,06:00:00,104.189,104.278,103.784,103.899,0,0
2014-12-10,07:00:00,103.9,104.165,103.786,104.092,0,0
2014-12-10,08:00:00,104.08,104.228,103.961,104.103,0,0
2014-12-10,09:00:00,104.105,104.207,103.903,104.041,0,0
2014-12-10,10:00:00,104.031,104.221,103.999,104.023,0,0
2014-12-10,11:00:00,104.025,104.079,103.883,103.927,0,0
2014-12-10,12:00:00,103.927,104.138,103.926,104.123,0,0
2014-12-10,13:00:00,104.113,104.145,103.993,104.135,0,0
2014-12-10,14:00:00,104.13,104.154,103.881,103.955,0,0
2014-12-10,15:00:00,103.959,103.976,103.709,103.774,0,0
2014-12-10,16:00:00,103.776,103.938,103.594,103.607,0,0
2014-12-10,17:00:00,103.623,103.649,102.907,103.571,0,0
2014-12-10,18:00:00,103.567,103.567,103.13,103.228,0,0
2014-12-10,19:00:00,103.221,103.284,102.98,103.27,0,0
2014-12-10,20:00:00,103.27,103.342,102.787,102.801,0,0
2014-12-10,21:00:00,102.798,102.965,102.699,102.819,0,0
2014-12-10,22:00:00,102.801,103.126,102.555,102.792,0,0
2014-12-10,23:00:00,102.804,102.858,102.602,102.609,0,0
2014-12-10,23:59:00,102.617,102.793,102.601,102.754,0,0
2014-12-11,01:00:00,102.758,102.773,102.51,102.56,0,0
2014-12-11,02:00:00,102.569,102.712,102.447,102.673,0,0
2014-12-11,03:00:00,102.666,103.219,102.652,103.132,0,0
2014-12-11,04:00:00,103.133,103.133,102.908,103.053,0,0
2014-12-11,05:00:00,103.052,103.052,102.83,103.006,0,0
2014-12-11,06:00:00,103.005,103.102,102.89,103.08,0,0
2014-12-11,07:00:00,103.087,103.245,103.063,103.177,0,0
2014-12-11,08:00:00,103.177,103.315,103.076,103.117,0,0
2014-12-11,09:00:00,103.117,103.206,102.958,103.008,0,0
2014-12-11,10:00:00,103.002,103.238,102.979,103.163,0,0
2014-12-11,11:00:00,103.165,103.416,102.96,103.375,0,0
2014-12-11,12:00:00,103.374,103.47,103.234,103.406,0,0
2014-12-11,13:00:00,103.4,103.445,103.172,103.222,0,0
2014-12-11,14:00:00,103.221,103.26,103.12,103.201,0,0
2014-12-11,15:00:00,103.2,103.316,102.937,103.025,0,0
2014-12-11,16:00:00,103.034,103.471,103.019,103.428,0,0
2014-12-11,17:00:00,103.442,103.656,103.341,103.603,0,0
2014-12-11,18:00:00,103.586,103.643,103.404,103.512,0,0
2014-12-11,19:00:00,103.515,103.575,103.44,103.535,0,0
2014-12-11,20:00:00,103.521,103.682,103.488,103.534,0,0
2014-12-11,21:00:00,103.533,103.544,103.17,103.175,0,0
2014-12-11,22:00:00,103.185,103.463,103.175,103.296,0,0
2014-12-11,23:00:00,103.29,103.291,102.888,102.992,0,0
2014-12-11,23:59:00,102.988,103.245,102.988,103.146,0,0
2014-12-12,01:00:00,103.147,103.35,103.147,103.208,0,0
2014-12-12,02:00:00,103.203,103.278,102.993,103.069,0,0
2014-12-12,03:00:00,103.063,103.233,103.022,103.124,0,0
2014-12-12,04:00:00,103.134,103.146,102.927,102.942,0,0
2014-12-12,05:00:00,102.95,103.017,102.896,102.974,0,0
2014-12-12,06:00:00,102.974,102.974,102.743,102.885,0,0
2014-12-12,07:00:00,102.897,103.057,102.854,103.057,0,0
2014-12-12,08:00:00,103.043,103.111,102.909,103.05,0,0
2014-12-12,09:00:00,103.045,103.118,102.957,102.962,0,0
2014-12-12,10:00:00,102.963,103,102.617,102.648,0,0
2014-12-12,11:00:00,102.643,102.655,102.315,102.443,0,0
2014-12-12,12:00:00,102.422,102.585,102.283,102.313,0,0
2014-12-12,13:00:00,102.312,102.312,102.061,102.126,0,0
2014-12-12,14:00:00,102.123,102.503,102.102,102.38,0,0
2014-12-12,15:00:00,102.368,102.625,102.226,102.414,0,0
2014-12-12,16:00:00,102.425,102.925,102.387,102.87,0,0
2014-12-12,17:00:00,102.869,102.938,102.605,102.649,0,0
2014-12-12,18:00:00,102.678,102.817,102.454,102.454,0,0
2014-12-12,19:00:00,102.464,102.714,102.418,102.488,0,0
2014-12-12,20:00:00,102.492,102.713,102.416,102.713,0,0
2014-12-12,21:00:00,102.719,102.814,102.545,102.665,0,0
2014-12-12,22:00:00,102.649,102.664,102.461,102.544,0,0
2014-12-12,23:00:00,102.541,102.541,102.525,102.526,0,0
2014-12-15,01:00:00,102.191,102.366,101.838,102.184,0,0
2014-12-15,02:00:00,102.184,102.531,101.998,102.436,0,0
2014-12-15,03:00:00,102.434,102.831,102.346,102.673,0,0
2014-12-15,04:00:00,102.658,102.7,102.423,102.612,0,0
2014-12-15,05:00:00,102.618,102.786,102.478,102.687,0,0
2014-12-15,06:00:00,102.685,102.756,102.635,102.67,0,0
2014-12-15,07:00:00,102.669,102.692,102.574,102.607,0,0
2014-12-15,08:00:00,102.596,102.694,102.262,102.342,0,0
2014-12-15,09:00:00,102.344,102.429,102.214,102.221,0,0
2014-12-15,10:00:00,102.22,102.527,102.22,102.493,0,0
2014-12-15,11:00:00,102.495,102.604,102.344,102.421,0,0
2014-12-15,12:00:00,102.419,102.539,102.392,102.452,0,0
2014-12-15,13:00:00,102.442,102.559,102.367,102.508,0,0
2014-12-15,14:00:00,102.501,102.64,102.488,102.574,0,0
2014-12-15,15:00:00,102.572,102.612,102.274,102.389,0,0
2014-12-15,16:00:00,102.397,102.516,102.266,102.342,0,0
2014-12-15,17:00:00,102.341,102.341,101.622,101.866,0,0
2014-12-15,18:00:00,101.861,101.933,101.115,101.261,0,0
2014-12-15,19:00:00,101.27,101.506,101.2,101.439,0,0
2014-12-15,20:00:00,101.455,101.513,101.062,101.128,0,0
2014-12-15,21:00:00,101.107,101.183,100.925,101.075,0,0
2014-12-15,22:00:00,101.062,101.084,100.921,101.021,0,0
2014-12-15,23:00:00,101.006,101.121,100.949,100.953,0,0
2014-12-15,23:59:00,100.942,101.161,100.94,101.073,0,0
2014-12-16,01:00:00,101.081,101.17,100.95,101.048,0,0
2014-12-16,02:00:00,101.034,101.172,100.944,101.056,0,0
2014-12-16,03:00:00,101.079,101.175,101.019,101.038,0,0
2014-12-16,04:00:00,101.007,101.148,100.988,101.023,0,0
2014-12-16,05:00:00,101.017,101.083,100.805,100.833,0,0
2014-12-16,06:00:00,100.846,100.954,100.792,100.878,0,0
2014-12-16,07:00:00,100.881,100.906,100.627,100.674,0,0
2014-12-16,08:00:00,100.675,100.94,100.66,100.868,0,0
2014-12-16,09:00:00,100.856,100.896,100.714,100.726,0,0
2014-12-16,10:00:00,100.732,100.787,100.092,100.189,0,0
2014-12-16,11:00:00,100.191,100.207,99.7975,100.114,0,0
2014-12-16,12:00:00,100.114,100.382,100.047,100.344,0,0
2014-12-16,13:00:00,100.341,100.341,99.3823,99.4015,0,0
2014-12-16,14:00:00,99.3835,99.7632,99.163,99.4787,0,0
2014-12-16,15:00:00,99.4787,100.056,99.4787,99.8134,0,0
2014-12-16,16:00:00,99.8056,100.26,99.7318,100.142,0,0
2014-12-16,17:00:00,100.137,100.794,100.028,100.752,0,0
2014-12-16,18:00:00,100.757,101.274,100.615,100.899,0,0
2014-12-16,19:00:00,100.904,100.957,100.754,100.892,0,0
2014-12-16,20:00:00,100.904,101.048,100.648,100.788,0,0
2014-12-16,21:00:00,100.802,100.902,100.727,100.744,0,0
2014-12-16,22:00:00,100.74,100.781,100.193,100.239,0,0
2014-12-16,23:00:00,100.237,100.347,99.9776,100.127,0,0
2014-12-16,23:59:00,100.126,100.26,99.9691,100.206,0,0
2014-12-17,01:00:00,100.198,100.392,100.17,100.267,0,0
2014-12-17,02:00:00,100.258,100.637,100.176,100.555,0,0
2014-12-17,03:00:00,100.55,100.596,100.373,100.4,0,0
2014-12-17,04:00:00,100.397,100.438,100.172,100.384,0,0
2014-12-17,05:00:00,100.38,100.59,100.292,100.504,0,0
2014-12-17,06:00:00,100.496,100.627,100.401,100.421,0,0
2014-12-17,07:00:00,100.427,100.565,100.352,100.55,0,0
2014-12-17,08:00:00,100.549,100.706,100.468,100.66,0,0
2014-12-17,09:00:00,100.678,100.828,100.436,100.776,0,0
2014-12-17,10:00:00,100.782,100.903,100.563,100.594,0,0
2014-12-17,11:00:00,100.58,100.591,100.377,100.436,0,0
2014-12-17,12:00:00,100.434,100.667,100.434,100.523,0,0
2014-12-17,13:00:00,100.523,100.645,100.39,100.623,0,0
2014-12-17,14:00:00,100.628,100.766,100.554,100.697,0,0
2014-12-17,15:00:00,100.689,100.757,100.552,100.647,0,0
2014-12-17,16:00:00,100.663,100.705,100.392,100.65,0,0
2014-12-17,17:00:00,100.645,100.842,100.465,100.713,0,0
2014-12-17,18:00:00,100.708,101.248,100.664,101.172,0,0
2014-12-17,19:00:00,101.152,101.475,101.146,101.329,0,0
2014-12-17,20:00:00,101.328,101.428,101.086,101.318,0,0
2014-12-17,21:00:00,101.311,101.83,100.93,101.656,0,0
2014-12-17,22:00:00,101.684,102.065,101.638,101.956,0,0
2014-12-17,23:00:00,101.978,102.012,101.817,102.005,0,0
2014-12-17,23:59:00,102.028,102.095,101.926,102.084,0,0
2014-12-18,01:00:00,102.085,102.193,102.002,102.071,0,0
2014-12-18,02:00:00,102.071,102.122,101.911,101.967,0,0
2014-12-18,03:00:00,101.99,102.062,101.905,102.029,0,0
2014-12-18,04:00:00,102.024,102.089,101.836,101.904,0,0
2014-12-18,05:00:00,101.906,101.93,101.797,101.9,0,0
2014-12-18,06:00:00,101.899,101.958,101.8,101.831,0,0
2014-12-18,07:00:00,101.845,101.865,101.738,101.831,0,0
2014-12-18,08:00:00,101.834,102.035,101.832,101.983,0,0
2014-12-18,09:00:00,101.985,102.16,101.935,102.107,0,0
2014-12-18,10:00:00,102.109,102.137,101.755,101.962,0,0
2014-12-18,11:00:00,101.932,102.308,101.917,102.227,0,0
2014-12-18,12:00:00,102.22,102.408,102.167,102.386,0,0
2014-12-18,13:00:00,102.389,102.509,102.297,102.378,0,0
2014-12-18,14:00:00,102.386,102.503,102.247,102.334,0,0
2014-12-18,15:00:00,102.335,102.79,102.303,102.79,0,0
2014-12-18,16:00:00,102.798,102.798,102.492,102.59,0,0
2014-12-18,17:00:00,102.584,102.651,102.315,102.423,0,0
2014-12-18,18:00:00,102.406,102.51,102.148,102.504,0,0
2014-12-18,19:00:00,102.484,102.675,102.458,102.595,0,0
2014-12-18,20:00:00,102.593,102.612,102.437,102.492,0,0
2014-12-18,21:00:00,102.491,102.491,102.323,102.473,0,0
2014-12-18,22:00:00,102.475,102.538,102.36,102.434,0,0
2014-12-18,23:00:00,102.433,102.665,102.396,102.652,0,0
2014-12-18,23:59:00,102.65,102.734,102.576,102.678,0,0
2014-12-19,01:00:00,102.717,102.793,102.633,102.678,0,0
2014-12-19,02:00:00,102.677,102.757,102.588,102.753,0,0
2014-12-19,03:00:00,102.753,102.77,102.596,102.697,0,0
2014-12-19,04:00:00,102.697,102.828,102.688,102.766,0,0
2014-12-19,05:00:00,102.772,103.073,102.746,103.029,0,0
2014-12-19,06:00:00,103.029,103.068,102.961,102.992,0,0
2014-12-19,07:00:00,102.972,103.182,102.966,103.128,0,0
2014-12-19,08:00:00,103.128,103.223,102.873,102.992,0,0
2014-12-19,09:00:00,102.99,103.081,102.85,102.953,0,0
2014-12-19,10:00:00,102.953,103.165,102.92,102.959,0,0
2014-12-19,11:00:00,102.967,103.022,102.887,102.929,0,0
2014-12-19,12:00:00,102.939,103.044,102.899,103.031,0,0
2014-12-19,13:00:00,103.031,103.078,102.915,102.915,0,0
2014-12-19,14:00:00,102.906,102.945,102.814,102.859,0,0
2014-12-19,15:00:00,102.858,102.877,102.36,102.623,0,0
2014-12-19,16:00:00,102.61,102.836,102.562,102.804,0,0
2014-12-19,17:00:00,102.811,102.974,102.719,102.974,0,0
2014-12-19,18:00:00,102.974,103.044,102.806,102.831,0,0
2014-12-19,19:00:00,102.831,102.903,102.786,102.8,0,0
2014-12-19,20:00:00,102.8,102.965,102.8,102.958,0,0
2014-12-19,21:00:00,102.959,103.025,102.872,103.016,0,0
2014-12-19,22:00:00,103.015,103.072,102.958,102.971,0,0
2014-12-19,23:00:00,102.991,103.009,102.991,103.008,0,0
2014-12-22,01:00:00,102.941,102.986,102.887,102.901,0,0
2014-12-22,02:00:00,102.901,102.943,102.839,102.851,0,0
2014-12-22,03:00:00,102.851,102.947,102.816,102.889,0,0
2014-12-22,04:00:00,102.906,102.969,102.838,102.839,0,0
2014-12-22,05:00:00,102.839,102.914,102.806,102.876,0,0
2014-12-22,06:00:00,102.876,102.954,102.805,102.934,0,0
2014-12-22,07:00:00,102.927,103.128,102.915,103.112,0,0
2014-12-22,08:00:00,103.116,103.131,103.084,103.111,0,0
2014-12-22,09:00:00,103.111,103.302,103.083,103.288,0,0
2014-12-22,10:00:00,103.296,103.504,103.296,103.416,0,0
2014-12-22,11:00:00,103.416,103.431,103.283,103.308,0,0
2014-12-22,12:00:00,103.308,103.413,103.288,103.412,0,0
2014-12-22,13:00:00,103.403,103.438,103.114,103.117,0,0
2014-12-22,14:00:00,103.113,103.22,103.104,103.143,0,0
2014-12-22,15:00:00,103.136,103.175,103.024,103.094,0,0
2014-12-22,16:00:00,103.094,103.222,103.045,103.132,0,0
2014-12-22,17:00:00,103.093,103.211,102.988,103.037,0,0
2014-12-22,18:00:00,103.006,103.038,102.914,102.924,0,0
2014-12-22,19:00:00,102.924,103.038,102.924,103.014,0,0
2014-12-22,20:00:00,103.013,103.075,102.998,103.074,0,0
2014-12-22,21:00:00,103.074,103.088,102.994,103.045,0,0
2014-12-22,22:00:00,103.045,103.17,103.032,103.146,0,0
2014-12-22,23:00:00,103.178,103.252,103.134,103.252,0,0
2014-12-22,23:59:00,103.242,103.263,103.172,103.195,0,0
2014-12-23,01:00:00,103.205,103.261,103.178,103.203,0,0
2014-12-23,02:00:00,103.2,103.278,103.181,103.267,0,0
2014-12-23,03:00:00,103.269,103.354,103.266,103.32,0,0
2014-12-23,04:00:00,103.32,103.434,103.298,103.41,0,0
2014-12-23,05:00:00,103.41,103.437,103.391,103.393,0,0
2014-12-23,06:00:00,103.393,103.455,103.39,103.422,0,0
2014-12-23,07:00:00,103.422,103.429,103.368,103.41,0,0
2014-12-23,08:00:00,103.418,103.438,103.384,103.413,0,0
2014-12-23,09:00:00,103.413,103.437,103.38,103.407,0,0
2014-12-23,10:00:00,103.414,103.449,103.33,103.432,0,0
2014-12-23,11:00:00,103.432,103.438,103.361,103.411,0,0
2014-12-23,12:00:00,103.411,103.42,103.346,103.352,0,0
2014-12-23,13:00:00,103.345,103.407,103.324,103.368,0,0
2014-12-23,14:00:00,103.368,103.392,103.296,103.304,0,0
2014-12-23,15:00:00,103.312,103.496,103.258,103.433,0,0
2014-12-23,16:00:00,103.433,103.632,103.425,103.599,0,0
2014-12-23,17:00:00,103.665,103.966,103.592,103.959,0,0
2014-12-23,18:00:00,103.943,103.959,103.716,103.803,0,0
2014-12-23,19:00:00,103.807,104.002,103.757,103.88,0,0
2014-12-23,20:00:00,103.878,104.006,103.838,103.939,0,0
2014-12-23,21:00:00,103.939,103.979,103.851,103.963,0,0
2014-12-23,22:00:00,103.935,103.968,103.847,103.878,0,0
2014-12-23,23:00:00,103.87,103.953,103.801,103.901,0,0
2014-12-23,23:59:00,103.899,103.963,103.801,103.845,0,0
2014-12-24,01:00:00,103.86,103.917,103.849,103.875,0,0
2014-12-24,02:00:00,103.875,103.892,103.733,103.734,0,0
2014-12-24,03:00:00,103.736,103.766,103.615,103.653,0,0
2014-12-24,04:00:00,103.651,103.663,103.51,103.574,0,0
2014-12-24,05:00:00,103.577,103.681,103.552,103.661,0,0
2014-12-24,06:00:00,103.661,103.661,103.543,103.624,0,0
2014-12-24,07:00:00,103.624,103.632,103.509,103.582,0,0
2014-12-24,08:00:00,103.598,103.662,103.558,103.609,0,0
2014-12-24,09:00:00,103.607,103.729,103.57,103.725,0,0
2014-12-24,10:00:00,103.725,103.795,103.694,103.774,0,0
2014-12-24,11:00:00,103.772,103.777,103.69,103.747,0,0
2014-12-24,12:00:00,103.75,103.823,103.742,103.795,0,0
2014-12-24,13:00:00,103.795,103.816,103.728,103.806,0,0
2014-12-24,14:00:00,103.792,103.841,103.764,103.801,0,0
2014-12-24,15:00:00,103.801,103.897,103.736,103.845,0,0
2014-12-24,16:00:00,103.853,103.853,103.605,103.652,0,0
2014-12-24,17:00:00,103.608,103.82,103.455,103.818,0,0
2014-12-24,18:00:00,103.818,103.845,103.616,103.637,0,0
2014-12-24,19:00:00,103.646,103.664,103.583,103.646,0,0
2014-12-24,20:00:00,103.645,103.761,103.615,103.656,0,0
2014-12-24,21:00:00,103.651,103.679,103.585,103.629,0,0
2014-12-24,22:00:00,103.648,103.648,103.497,103.581,0,0
2014-12-24,23:00:00,103.581,103.608,103.561,103.578,0,0
2014-12-24,23:59:00,103.646,103.65,103.564,103.627,0,0
2014-12-26,01:00:00,103.556,103.639,103.506,103.589,0,0
2014-12-26,02:00:00,103.589,103.601,103.427,103.481,0,0
2014-12-26,03:00:00,103.433,103.489,103.393,103.478,0,0
2014-12-26,04:00:00,103.477,103.5,103.434,103.478,0,0
2014-12-26,05:00:00,103.478,103.535,103.461,103.479,0,0
2014-12-26,06:00:00,103.473,103.535,103.466,103.485,0,0
2014-12-26,07:00:00,103.49,103.515,103.461,103.471,0,0
2014-12-26,08:00:00,103.464,103.539,103.452,103.516,0,0
2014-12-26,09:00:00,103.516,103.617,103.495,103.612,0,0
2014-12-26,10:00:00,103.598,103.664,103.583,103.655,0,0
2014-12-26,11:00:00,103.654,103.658,103.579,103.621,0,0
2014-12-26,12:00:00,103.622,103.635,103.577,103.594,0,0
2014-12-26,13:00:00,103.593,103.644,103.591,103.626,0,0
2014-12-26,14:00:00,103.626,103.651,103.587,103.64,0,0
2014-12-26,15:00:00,103.643,103.757,103.627,103.737,0,0
2014-12-26,16:00:00,103.737,103.773,103.666,103.743,0,0
2014-12-26,17:00:00,103.743,103.762,103.657,103.745,0,0
2014-12-26,18:00:00,103.745,103.747,103.635,103.639,0,0
2014-12-26,19:00:00,103.649,103.662,103.587,103.587,0,0
2014-12-26,20:00:00,103.591,103.615,103.484,103.484,0,0
2014-12-26,21:00:00,103.493,103.562,103.489,103.556,0,0
2014-12-26,22:00:00,103.556,103.594,103.544,103.567,0,0
2014-12-26,23:00:00,103.567,103.567,103.564,103.564,0,0
2014-12-29,01:00:00,103.586,103.586,103.495,103.522,0,0
2014-12-29,02:00:00,103.521,103.608,103.509,103.606,0,0
2014-12-29,03:00:00,103.601,103.718,103.593,103.709,0,0
2014-12-29,04:00:00,103.715,103.722,103.557,103.564,0,0
2014-12-29,05:00:00,103.558,103.662,103.537,103.625,0,0
2014-12-29,06:00:00,103.625,103.629,103.46,103.472,0,0
2014-12-29,07:00:00,103.466,103.568,103.439,103.538,0,0
2014-12-29,08:00:00,103.54,103.559,103.475,103.556,0,0
2014-12-29,09:00:00,103.564,103.589,103.5,103.55,0,0
2014-12-29,10:00:00,103.561,103.672,103.517,103.668,0,0
2014-12-29,11:00:00,103.682,103.709,103.474,103.691,0,0
2014-12-29,12:00:00,103.697,103.726,103.568,103.584,0,0
2014-12-29,13:00:00,103.584,103.637,103.523,103.621,0,0
2014-12-29,14:00:00,103.62,103.658,103.529,103.565,0,0
2014-12-29,15:00:00,103.564,103.656,103.55,103.607,0,0
2014-12-29,16:00:00,103.606,103.818,103.602,103.787,0,0
2014-12-29,17:00:00,103.763,103.866,103.707,103.751,0,0
2014-12-29,18:00:00,103.745,103.763,103.613,103.621,0,0
2014-12-29,19:00:00,103.687,103.703,103.534,103.617,0,0
2014-12-29,20:00:00,103.619,103.771,103.564,103.756,0,0
2014-12-29,21:00:00,103.758,103.83,103.739,103.775,0,0
2014-12-29,22:00:00,103.775,103.814,103.718,103.785,0,0
2014-12-29,23:00:00,103.792,103.802,103.619,103.691,0,0
2014-12-29,23:59:00,103.691,103.715,103.58,103.609,0,0
2014-12-30,01:00:00,103.605,103.675,103.603,103.621,0,0
2014-12-30,02:00:00,103.621,103.687,103.591,103.593,0,0
2014-12-30,03:00:00,103.595,103.614,103.483,103.491,0,0
2014-12-30,04:00:00,103.506,103.509,103.428,103.454,0,0
2014-12-30,05:00:00,103.458,103.481,103.447,103.455,0,0
2014-12-30,06:00:00,103.457,103.463,103.374,103.435,0,0
2014-12-30,07:00:00,103.434,103.461,103.39,103.39,0,0
2014-12-30,08:00:00,103.39,103.395,103.241,103.277,0,0
2014-12-30,09:00:00,103.276,103.288,102.902,102.991,0,0
2014-12-30,10:00:00,102.975,102.975,102.548,102.774,0,0
2014-12-30,11:00:00,102.744,102.969,102.663,102.933,0,0
2014-12-30,12:00:00,102.933,103.09,102.923,102.94,0,0
2014-12-30,13:00:00,102.938,103.028,102.819,102.822,0,0
2014-12-30,14:00:00,102.818,102.903,102.782,102.841,0,0
2014-12-30,15:00:00,102.843,103.011,102.751,102.751,0,0
2014-12-30,16:00:00,102.773,102.815,102.443,102.515,0,0
2014-12-30,17:00:00,102.494,102.883,102.317,102.875,0,0
2014-12-30,18:00:00,102.875,102.957,102.796,102.903,0,0
2014-12-30,19:00:00,102.909,102.976,102.78,102.96,0,0
2014-12-30,20:00:00,102.959,103.108,102.947,103.044,0,0
2014-12-30,21:00:00,103.044,103.081,102.965,103.04,0,0
2014-12-30,22:00:00,103.039,103.047,102.969,103.005,0,0
2014-12-30,23:00:00,102.986,102.992,102.876,102.887,0,0
2014-12-30,23:59:00,102.892,102.968,102.838,102.881,0,0
2014-12-31,01:00:00,102.887,102.949,102.83,102.945,0,0
2014-12-31,02:00:00,102.968,103.059,102.922,103.039,0,0
2014-12-31,03:00:00,103.048,103.065,102.873,102.907,0,0
2014-12-31,04:00:00,102.913,103.015,102.913,102.998,0,0
2014-12-31,05:00:00,102.997,103.026,102.929,102.958,0,0
2014-12-31,06:00:00,102.955,103.02,102.938,103.002,0,0
2014-12-31,07:00:00,103.009,103.197,102.99,103.193,0,0
2014-12-31,08:00:00,103.197,103.24,103.145,103.147,0,0
2014-12-31,09:00:00,103.165,103.178,103.005,103.053,0,0
2014-12-31,10:00:00,103.057,103.186,103.05,103.152,0,0
2014-12-31,11:00:00,103.058,103.157,103.017,103.099,0,0
2014-12-31,12:00:00,103.099,103.197,102.976,103.077,0,0
2014-12-31,13:00:00,103.117,103.171,103.031,103.057,0,0
2014-12-31,14:00:00,103.057,103.297,103.02,103.178,0,0
2014-12-31,15:00:00,103.147,103.304,103.042,103.11,0,0
2014-12-31,16:00:00,103.172,103.18,103.062,103.087,0,0
2014-12-31,17:00:00,103.089,103.441,102.962,103.44,0,0
2014-12-31,18:00:00,103.663,103.675,103.322,103.323,0,0
2014-12-31,19:00:00,103.323,103.323,103.11,103.169,0,0
2014-12-31,20:00:00,103.189,103.269,103.164,103.238,0,0
2014-12-31,21:00:00,103.238,103.238,103.081,103.131,0,0
2014-12-31,22:00:00,103.137,103.371,103.069,103.096,0,0
2014-12-31,23:00:00,103.081,103.185,103.076,103.16,0,0
2014-12-31,23:59:00,103.119,103.275,103.068,103.119,0,0
2015-01-02,01:00:00,103.202,103.303,103.145,103.211,0,0
2015-01-02,02:00:00,103.21,103.304,103.164,103.267,0,0
2015-01-02,03:00:00,103.267,103.491,103.231,103.384,0,0
2015-01-02,04:00:00,103.378,103.485,103.378,103.428,0,0
2015-01-02,05:00:00,103.428,103.45,103.377,103.41,0,0
2015-01-02,06:00:00,103.434,103.457,103.347,103.372,0,0
2015-01-02,07:00:00,103.374,103.418,103.344,103.38,0,0
2015-01-02,08:00:00,103.38,103.399,103.252,103.364,0,0
2015-01-02,09:00:00,103.365,103.421,103.291,103.398,0,0
2015-01-02,10:00:00,103.398,103.403,103.318,103.32,0,0
2015-01-02,11:00:00,103.32,103.397,103.26,103.28,0,0
2015-01-02,12:00:00,103.265,103.341,103.204,103.317,0,0
2015-01-02,13:00:00,103.316,103.373,103.262,103.293,0,0
2015-01-02,14:00:00,103.299,103.356,103.247,103.285,0,0
2015-01-02,15:00:00,103.282,103.306,103.109,103.12,0,0
2015-01-02,16:00:00,103.119,103.222,103.08,103.105,0,0
2015-01-02,17:00:00,103.061,103.072,102.397,102.642,0,0
2015-01-02,18:00:00,102.642,102.643,102.246,102.517,0,0
2015-01-02,19:00:00,102.523,102.57,102.397,102.426,0,0
2015-01-02,20:00:00,102.398,102.465,102.376,102.446,0,0
2015-01-02,21:00:00,102.445,102.536,102.353,102.451,0,0
2015-01-02,22:00:00,102.432,102.483,102.347,102.435,0,0
2015-01-02,23:00:00,102.435,102.435,102.425,102.425,0,0
2015-01-05,01:00:00,102.169,102.169,101.961,102.095,0,0
2015-01-05,02:00:00,102.093,102.136,101.879,102.059,0,0
2015-01-05,03:00:00,102.06,102.137,101.992,102.097,0,0
2015-01-05,04:00:00,102.096,102.144,101.959,102.003,0,0
2015-01-05,05:00:00,102.016,102.135,101.92,102.135,0,0
2015-01-05,06:00:00,102.147,102.147,102.03,102.05,0,0
2015-01-05,07:00:00,102.05,102.133,101.951,101.992,0,0
2015-01-05,08:00:00,101.986,102.077,101.939,101.964,0,0
2015-01-05,09:00:00,101.965,102.1,101.923,102.029,0,0
2015-01-05,10:00:00,102.033,102.2,102.005,102.146,0,0
2015-01-05,11:00:00,102.147,102.163,101.985,102.114,0,0
2015-01-05,12:00:00,102.113,102.177,101.999,102.004,0,0
2015-01-05,13:00:00,102.004,102.097,101.865,101.958,0,0
2015-01-05,14:00:00,101.971,101.983,101.85,101.921,0,0
2015-01-05,15:00:00,101.921,101.93,101.714,101.714,0,0
2015-01-05,16:00:00,101.713,101.775,101.46,101.473,0,0
2015-01-05,17:00:00,101.473,101.549,101.263,101.466,0,0
2015-01-05,18:00:00,101.449,101.608,101.318,101.523,0,0
2015-01-05,19:00:00,101.523,101.608,101.471,101.481,0,0
2015-01-05,20:00:00,101.473,101.74,101.451,101.706,0,0
2015-01-05,21:00:00,101.706,101.804,101.635,101.652,0,0
2015-01-05,22:00:00,101.652,101.861,101.635,101.851,0,0
2015-01-05,23:00:00,101.841,101.841,101.673,101.731,0,0
2015-01-05,23:59:00,101.731,101.736,101.387,101.441,0,0
2015-01-06,01:00:00,101.441,101.656,101.441,101.578,0,0
2015-01-06,02:00:00,101.578,101.638,101.429,101.446,0,0
2015-01-06,03:00:00,101.455,101.69,101.432,101.681,0,0
2015-01-06,04:00:00,101.687,101.708,101.503,101.67,0,0
2015-01-06,05:00:00,101.67,101.67,101.581,101.65,0,0
2015-01-06,06:00:00,101.603,101.603,101.429,101.522,0,0
2015-01-06,07:00:00,101.522,101.525,101.266,101.33,0,0
2015-01-06,08:00:00,101.301,101.358,101.065,101.137,0,0
2015-01-06,09:00:00,101.137,101.293,101.109,101.252,0,0
2015-01-06,10:00:00,101.264,101.323,100.929,101.026,0,0
2015-01-06,11:00:00,101.026,101.125,100.843,100.924,0,0
2015-01-06,12:00:00,100.976,101.021,100.843,101.017,0,0
2015-01-06,13:00:00,101.015,101.416,101.015,101.36,0,0
2015-01-06,14:00:00,101.36,101.402,101.075,101.177,0,0
2015-01-06,15:00:00,101.177,101.23,101.044,101.129,0,0
2015-01-06,16:00:00,101.115,101.219,100.901,100.922,0,0
2015-01-06,17:00:00,100.922,101.198,100.698,100.703,0,0
2015-01-06,18:00:00,100.695,100.724,100.121,100.169,0,0
2015-01-06,19:00:00,100.169,100.38,100.019,100.286,0,0
2015-01-06,20:00:00,100.289,100.289,99.9272,100.196,0,0
2015-01-06,21:00:00,100.195,100.428,100.078,100.35,0,0
2015-01-06,22:00:00,100.365,100.527,100.195,100.195,0,0
2015-01-06,23:00:00,100.19,100.25,100.017,100.03,0,0
2015-01-06,23:59:00,100.03,100.224,100,100.144,0,0
2015-01-07,01:00:00,100.14,100.264,100.115,100.239,0,0
2015-01-07,02:00:00,100.245,100.447,100.242,100.356,0,0
2015-01-07,03:00:00,100.356,100.62,100.356,100.601,0,0
2015-01-07,04:00:00,100.637,100.776,100.625,100.67,0,0
2015-01-07,05:00:00,100.671,100.693,100.508,100.61,0,0
2015-01-07,06:00:00,100.614,100.691,100.584,100.627,0,0
2015-01-07,07:00:00,100.626,100.651,100.362,100.44,0,0
2015-01-07,08:00:00,100.439,100.544,100.375,100.514,0,0
2015-01-07,09:00:00,100.52,100.745,100.461,100.612,0,0
2015-01-07,10:00:00,100.612,100.643,100.411,100.423,0,0
2015-01-07,11:00:00,100.423,100.441,100.083,100.143,0,0
2015-01-07,12:00:00,100.136,100.769,100.114,100.769,0,0
2015-01-07,13:00:00,100.753,100.78,100.625,100.625,0,0
2015-01-07,14:00:00,100.625,100.879,100.617,100.814,0,0
2015-01-07,15:00:00,100.817,101.045,100.733,100.77,0,0
2015-01-07,16:00:00,100.778,100.945,100.664,100.914,0,0
2015-01-07,17:00:00,101.022,101.183,100.636,100.678,0,0
2015-01-07,18:00:00,100.684,100.9,100.599,100.864,0,0
2015-01-07,19:00:00,100.864,100.912,100.783,100.835,0,0
2015-01-07,20:00:00,100.835,100.87,100.563,100.623,0,0
2015-01-07,21:00:00,100.634,100.776,100.53,100.619,0,0
2015-01-07,22:00:00,100.651,100.817,100.629,100.807,0,0
2015-01-07,23:00:00,100.797,100.944,100.7,100.942,0,0
2015-01-07,23:59:00,100.942,101.015,100.849,100.983,0,0
2015-01-08,01:00:00,100.988,101.02,100.897,100.943,0,0
2015-01-08,02:00:00,100.953,101.109,100.913,101.097,0,0
2015-01-08,03:00:00,101.062,101.303,101.014,101.244,0,0
2015-01-08,04:00:00,101.235,101.274,101.178,101.236,0,0
2015-01-08,05:00:00,101.236,101.307,101.184,101.22,0,0
2015-01-08,06:00:00,101.22,101.322,101.188,101.245,0,0
2015-01-08,07:00:00,101.215,101.245,101.162,101.217,0,0
2015-01-08,08:00:00,101.217,101.38,101.217,101.371,0,0
2015-01-08,09:00:00,101.394,101.422,101.221,101.239,0,0
2015-01-08,10:00:00,101.25,101.357,101.175,101.223,0,0
2015-01-08,11:00:00,101.249,101.414,101.233,101.388,0,0
2015-01-08,12:00:00,101.408,101.508,101.391,101.468,0,0
2015-01-08,13:00:00,101.488,101.6,101.462,101.493,0,0
2015-01-08,14:00:00,101.481,101.572,101.371,101.371,0,0
2015-01-08,15:00:00,101.344,101.451,101.03,101.06,0,0
2015-01-08,16:00:00,101.064,101.173,100.986,101.167,0,0
2015-01-08,17:00:00,101.173,101.35,101.089,101.251,0,0
2015-01-08,18:00:00,101.236,101.313,101.182,101.19,0,0
2015-01-08,19:00:00,101.197,101.257,101.131,101.154,0,0
2015-01-08,20:00:00,101.153,101.3,101.06,101.06,0,0
2015-01-08,21:00:00,101.062,101.238,101.041,101.086,0,0
2015-01-08,22:00:00,101.114,101.149,101.059,101.092,0,0
2015-01-08,23:00:00,101.095,101.165,101.056,101.155,0,0
2015-01-08,23:59:00,101.148,101.234,101.139,101.193,0,0
2015-01-09,01:00:00,101.193,101.34,101.142,101.295,0,0
2015-01-09,02:00:00,101.295,101.366,101.238,101.349,0,0
2015-01-09,03:00:00,101.341,101.345,101.103,101.154,0,0
2015-01-09,04:00:00,101.152,101.238,101.095,101.154,0,0
2015-01-09,05:00:00,101.13,101.184,101.119,101.149,0,0
2015-01-09,06:00:00,101.149,101.149,100.947,100.977,0,0
2015-01-09,07:00:00,100.979,100.986,100.857,100.928,0,0
2015-01-09,08:00:00,100.928,100.994,100.912,100.942,0,0
2015-01-09,09:00:00,100.958,100.966,100.852,100.889,0,0
2015-01-09,10:00:00,100.889,100.903,100.779,100.89,0,0
2015-01-09,11:00:00,100.89,100.914,100.698,100.705,0,0
2015-01-09,12:00:00,100.709,100.774,100.696,100.731,0,0
2015-01-09,13:00:00,100.731,100.908,100.728,100.864,0,0
2015-01-09,14:00:00,100.857,100.859,100.751,100.802,0,0
2015-01-09,15:00:00,100.814,100.953,100.573,100.676,0,0
2015-01-09,16:00:00,100.67,100.8,100.345,100.399,0,0
2015-01-09,17:00:00,100.399,100.436,100.203,100.282,0,0
2015-01-09,18:00:00,100.282,100.514,99.8264,100.066,0,0
2015-01-09,19:00:00,100.067,100.118,99.9663,99.9916,0,0
2015-01-09,20:00:00,99.9916,100.077,99.9621,100.014,0,0
2015-01-09,21:00:00,99.9823,100.042,99.9149,99.9798,0,0
2015-01-09,22:00:00,99.9798,100.032,99.8938,99.8989,0,0
2015-01-09,23:00:00,99.9098,99.9098,99.9098,99.9098,0,0
