Date,Time,Open,High,Low,Close,Volume,OpenInt
2014-10-13,01:00:00,1.4549,1.46072,1.45444,1.46063,0,0
2014-10-13,02:00:00,1.46077,1.46137,1.45617,1.45665,0,0
2014-10-13,03:00:00,1.45663,1.46034,1.45448,1.45486,0,0
2014-10-13,04:00:00,1.45488,1.45619,1.45285,1.45374,0,0
2014-10-13,05:00:00,1.45379,1.45474,1.45109,1.45364,0,0
2014-10-13,06:00:00,1.45381,1.45484,1.45284,1.45331,0,0
2014-10-13,07:00:00,1.45333,1.45334,1.45141,1.45193,0,0
2014-10-13,08:00:00,1.45195,1.45258,1.45125,1.45169,0,0
2014-10-13,09:00:00,1.45162,1.45476,1.45119,1.45253,0,0
2014-10-13,10:00:00,1.45246,1.4531,1.45157,1.45205,0,0
2014-10-13,11:00:00,1.45211,1.45301,1.45116,1.45172,0,0
2014-10-13,12:00:00,1.45175,1.45198,1.44924,1.45003,0,0
2014-10-13,13:00:00,1.44999,1.45049,1.44764,1.44908,0,0
2014-10-13,14:00:00,1.44898,1.4493,1.44751,1.44919,0,0
2014-10-13,15:00:00,1.44914,1.44924,1.44592,1.44657,0,0
2014-10-13,16:00:00,1.44659,1.44778,1.44496,1.44521,0,0
2014-10-13,17:00:00,1.44511,1.44953,1.44474,1.44896,0,0
2014-10-13,18:00:00,1.44861,1.44984,1.44701,1.44815,0,0
2014-10-13,19:00:00,1.448,1.44854,1.44629,1.4467,0,0
2014-10-13,20:00:00,1.44666,1.44709,1.44533,1.44682,0,0
2014-10-13,21:00:00,1.44674,1.44782,1.44591,1.44754,0,0
2014-10-13,22:00:00,1.4475,1.44971,1.44631,1.44965,0,0
2014-10-13,23:00:00,1.44965,1.45449,1.44896,1.45389,0,0
2014-10-13,23:59:00,1.45389,1.45584,1.45304,1.45487,0,0
2014-10-14,01:00:00,1.45487,1.45512,1.45348,1.45456,0,0
2014-10-14,02:00:00,1.45447,1.45566,1.45314,1.45339,0,0
2014-10-14,03:00:00,1.45341,1.45549,1.45306,1.45423,0,0
2014-10-14,04:00:00,1.45426,1.45475,1.44872,1.44918,0,0
2014-10-14,05:00:00,1.4492,1.44931,1.44454,1.44562,0,0
2014-10-14,06:00:00,1.44562,1.44662,1.44441,1.44656,0,0
2014-10-14,07:00:00,1.4466,1.4474,1.44594,1.44651,0,0
2014-10-14,08:00:00,1.44651,1.44865,1.44594,1.44717,0,0
2014-10-14,09:00:00,1.44729,1.44932,1.4468,1.44773,0,0
2014-10-14,10:00:00,1.44775,1.45034,1.44696,1.45024,0,0
2014-10-14,11:00:00,1.45031,1.45269,1.44932,1.4495,0,0
2014-10-14,12:00:00,1.44953,1.45022,1.44702,1.44902,0,0
2014-10-14,13:00:00,1.4489,1.45038,1.44776,1.44802,0,0
2014-10-14,14:00:00,1.44793,1.45042,1.44785,1.44805,0,0
2014-10-14,15:00:00,1.44817,1.44867,1.44601,1.44637,0,0
2014-10-14,16:00:00,1.44623,1.45063,1.44619,1.45063,0,0
2014-10-14,17:00:00,1.45057,1.45293,1.4499,1.45174,0,0
2014-10-14,18:00:00,1.45145,1.45237,1.4506,1.45087,0,0
2014-10-14,19:00:00,1.4509,1.45183,1.44964,1.45053,0,0
2014-10-14,20:00:00,1.45044,1.45104,1.44995,1.45044,0,0
2014-10-14,21:00:00,1.45046,1.45302,1.44916,1.45254,0,0
2014-10-14,22:00:00,1.45242,1.45438,1.45176,1.45368,0,0
2014-10-14,23:00:00,1.4535,1.45408,1.45252,1.4526,0,0
2014-10-14,23:59:00,1.45265,1.45303,1.45137,1.45192,0,0
2014-10-15,01:00:00,1.45184,1.45285,1.45106,1.45196,0,0
2014-10-15,02:00:00,1.45195,1.45321,1.45107,1.45153,0,0
2014-10-15,03:00:00,1.45159,1.45532,1.45155,1.45494,0,0
2014-10-15,04:00:00,1.45493,1.45556,1.45052,1.45155,0,0
2014-10-15,05:00:00,1.45154,1.45288,1.45082,1.45185,0,0
2014-10-15,06:00:00,1.45186,1.45191,1.45004,1.45071,0,0
2014-10-15,07:00:00,1.45067,1.45164,1.44949,1.4497,0,0
2014-10-15,08:00:00,1.44953,1.45028,1.44753,1.44787,0,0
2014-10-15,09:00:00,1.44772,1.44886,1.44598,1.44736,0,0
2014-10-15,10:00:00,1.4475,1.44939,1.4471,1.44893,0,0
2014-10-15,11:00:00,1.44914,1.45253,1.44888,1.45029,0,0
2014-10-15,12:00:00,1.45029,1.45359,1.44854,1.45145,0,0
2014-10-15,13:00:00,1.45142,1.45142,1.4488,1.44928,0,0
2014-10-15,14:00:00,1.44917,1.45349,1.44878,1.45256,0,0
2014-10-15,15:00:00,1.45254,1.45378,1.45107,1.45314,0,0
2014-10-15,16:00:00,1.45304,1.45578,1.45017,1.4522,0,0
2014-10-15,17:00:00,1.45189,1.45396,1.45041,1.45243,0,0
2014-10-15,18:00:00,1.45241,1.45523,1.44995,1.45325,0,0
2014-10-15,19:00:00,1.45337,1.45656,1.45333,1.45585,0,0
2014-10-15,20:00:00,1.45597,1.46635,1.45597,1.46297,0,0
2014-10-15,21:00:00,1.46307,1.46428,1.45633,1.45663,0,0
2014-10-15,22:00:00,1.45653,1.45725,1.45245,1.45285,0,0
2014-10-15,23:00:00,1.45314,1.45493,1.4521,1.45413,0,0
2014-10-15,23:59:00,1.45419,1.45597,1.45365,1.45478,0,0
2014-10-16,01:00:00,1.45495,1.4574,1.45447,1.4574,0,0
2014-10-16,02:00:00,1.45734,1.45995,1.45663,1.45816,0,0
2014-10-16,03:00:00,1.45814,1.45951,1.4564,1.45851,0,0
2014-10-16,04:00:00,1.45841,1.45962,1.45679,1.45719,0,0
2014-10-16,05:00:00,1.45713,1.4601,1.45708,1.45832,0,0
2014-10-16,06:00:00,1.45827,1.45942,1.45766,1.45869,0,0
2014-10-16,07:00:00,1.45872,1.45939,1.45839,1.45915,0,0
2014-10-16,08:00:00,1.45921,1.45923,1.45691,1.45762,0,0
2014-10-16,09:00:00,1.45761,1.46063,1.45699,1.45923,0,0
2014-10-16,10:00:00,1.45921,1.46182,1.45804,1.46028,0,0
2014-10-16,11:00:00,1.46015,1.46603,1.46005,1.46582,0,0
2014-10-16,12:00:00,1.46571,1.47059,1.46455,1.46646,0,0
2014-10-16,13:00:00,1.46634,1.46646,1.46044,1.46243,0,0
2014-10-16,14:00:00,1.46231,1.46447,1.46195,1.46278,0,0
2014-10-16,15:00:00,1.46259,1.46797,1.46256,1.46469,0,0
2014-10-16,16:00:00,1.46466,1.46526,1.45947,1.4604,0,0
2014-10-16,17:00:00,1.46088,1.46224,1.45714,1.45804,0,0
2014-10-16,18:00:00,1.45791,1.46252,1.45737,1.46137,0,0
2014-10-16,19:00:00,1.46142,1.46268,1.45999,1.46154,0,0
2014-10-16,20:00:00,1.46148,1.46214,1.45984,1.46163,0,0
2014-10-16,21:00:00,1.46155,1.46197,1.45984,1.46049,0,0
2014-10-16,22:00:00,1.4606,1.46241,1.45945,1.46238,0,0
2014-10-16,23:00:00,1.46243,1.46328,1.46172,1.46277,0,0
2014-10-16,23:59:00,1.46294,1.46389,1.46228,1.4634,0,0
2014-10-17,01:00:00,1.46318,1.46509,1.46198,1.46271,0,0
2014-10-17,02:00:00,1.46281,1.46286,1.45983,1.45988,0,0
2014-10-17,03:00:00,1.45995,1.46041,1.45808,1.46013,0,0
2014-10-17,04:00:00,1.4601,1.46048,1.457,1.45712,0,0
2014-10-17,05:00:00,1.45706,1.4602,1.45698,1.46007,0,0
2014-10-17,06:00:00,1.46015,1.46342,1.4595,1.46314,0,0
2014-10-17,07:00:00,1.46314,1.46412,1.46058,1.46293,0,0
2014-10-17,08:00:00,1.46278,1.46539,1.46261,1.46448,0,0
2014-10-17,09:00:00,1.46446,1.46551,1.46242,1.46242,0,0
2014-10-17,10:00:00,1.46239,1.46374,1.45681,1.45731,0,0
2014-10-17,11:00:00,1.45731,1.46126,1.45721,1.46005,0,0
2014-10-17,12:00:00,1.46009,1.4611,1.45876,1.46004,0,0
2014-10-17,13:00:00,1.46004,1.46032,1.45719,1.45867,0,0
2014-10-17,14:00:00,1.45872,1.4602,1.45849,1.4602,0,0
2014-10-17,15:00:00,1.4602,1.46057,1.45609,1.45845,0,0
2014-10-17,16:00:00,1.45864,1.46061,1.4576,1.45801,0,0
2014-10-17,17:00:00,1.45806,1.4591,1.45619,1.45838,0,0
2014-10-17,18:00:00,1.45827,1.45874,1.45517,1.45584,0,0
2014-10-17,19:00:00,1.45599,1.45688,1.45574,1.45653,0,0
2014-10-17,20:00:00,1.45658,1.45818,1.45613,1.45674,0,0
2014-10-17,21:00:00,1.45659,1.45846,1.45657,1.45805,0,0
2014-10-17,22:00:00,1.45785,1.45828,1.45601,1.45607,0,0
2014-10-17,23:00:00,1.45607,1.45607,1.45607,1.45607,0,0
2014-10-20,01:00:00,1.45555,1.4567,1.45497,1.4567,0,0
2014-10-20,02:00:00,1.45678,1.45678,1.45388,1.45602,0,0
2014-10-20,03:00:00,1.45602,1.45611,1.45342,1.45423,0,0
2014-10-20,04:00:00,1.45425,1.45504,1.45316,1.45369,0,0
2014-10-20,05:00:00,1.45358,1.45488,1.45282,1.45348,0,0
2014-10-20,06:00:00,1.45356,1.45488,1.45314,1.45418,0,0
2014-10-20,07:00:00,1.45415,1.45439,1.45361,1.45393,0,0
2014-10-20,08:00:00,1.45393,1.45448,1.45371,1.45381,0,0
2014-10-20,09:00:00,1.45375,1.45629,1.45361,1.45405,0,0
2014-10-20,10:00:00,1.45406,1.45763,1.45406,1.45763,0,0
2014-10-20,11:00:00,1.45738,1.45801,1.45559,1.45649,0,0
2014-10-20,12:00:00,1.45658,1.45681,1.45471,1.45645,0,0
2014-10-20,13:00:00,1.45646,1.45765,1.45449,1.45754,0,0
2014-10-20,14:00:00,1.45733,1.45953,1.45694,1.45694,0,0
2014-10-20,15:00:00,1.45698,1.45714,1.45496,1.45503,0,0
2014-10-20,16:00:00,1.45505,1.45551,1.45273,1.45382,0,0
2014-10-20,17:00:00,1.4539,1.45524,1.45163,1.45515,0,0
2014-10-20,18:00:00,1.45508,1.45617,1.45485,1.45515,0,0
2014-10-20,19:00:00,1.45513,1.45608,1.45459,1.45608,0,0
2014-10-20,20:00:00,1.45606,1.45669,1.45533,1.45603,0,0
2014-10-20,21:00:00,1.45599,1.4573,1.45521,1.45701,0,0
2014-10-20,22:00:00,1.45702,1.45709,1.45538,1.4559,0,0
2014-10-20,23:00:00,1.45584,1.45764,1.45575,1.45741,0,0
2014-10-20,23:59:00,1.4578,1.4582,1.45649,1.45738,0,0
2014-10-21,01:00:00,1.45749,1.45751,1.45521,1.45577,0,0
2014-10-21,02:00:00,1.45584,1.45803,1.45535,1.4577,0,0
2014-10-21,03:00:00,1.45772,1.4581,1.45509,1.45637,0,0
2014-10-21,04:00:00,1.45637,1.45954,1.45628,1.45954,0,0
2014-10-21,05:00:00,1.45759,1.4579,1.45218,1.45451,0,0
2014-10-21,06:00:00,1.45453,1.45505,1.45363,1.45391,0,0
2014-10-21,07:00:00,1.4539,1.45416,1.45218,1.45393,0,0
2014-10-21,08:00:00,1.45407,1.45613,1.45356,1.45363,0,0
2014-10-21,09:00:00,1.45368,1.45695,1.45336,1.45655,0,0
2014-10-21,10:00:00,1.45653,1.45785,1.45533,1.45631,0,0
2014-10-21,11:00:00,1.45623,1.45702,1.45495,1.45676,0,0
2014-10-21,12:00:00,1.45684,1.45701,1.44833,1.44853,0,0
2014-10-21,13:00:00,1.44853,1.45041,1.44812,1.44969,0,0
2014-10-21,14:00:00,1.44984,1.45036,1.44612,1.45029,0,0
2014-10-21,15:00:00,1.45014,1.4504,1.44566,1.44586,0,0
2014-10-21,16:00:00,1.44583,1.44666,1.44476,1.44521,0,0
2014-10-21,17:00:00,1.44516,1.44723,1.44243,1.44549,0,0
2014-10-21,18:00:00,1.44529,1.44968,1.44488,1.44662,0,0
2014-10-21,19:00:00,1.44665,1.44784,1.44566,1.44784,0,0
2014-10-21,20:00:00,1.44784,1.44856,1.44681,1.44856,0,0
2014-10-21,21:00:00,1.44865,1.45042,1.4485,1.44932,0,0
2014-10-21,22:00:00,1.44959,1.44993,1.44782,1.4481,0,0
2014-10-21,23:00:00,1.44821,1.44858,1.4478,1.44821,0,0
2014-10-21,23:59:00,1.44855,1.44916,1.44758,1.4479,0,0
2014-10-22,01:00:00,1.44792,1.45047,1.44792,1.45035,0,0
2014-10-22,02:00:00,1.45038,1.45047,1.44925,1.44995,0,0
2014-10-22,03:00:00,1.44994,1.45362,1.44711,1.44852,0,0
2014-10-22,04:00:00,1.4485,1.45055,1.44838,1.44924,0,0
2014-10-22,05:00:00,1.44922,1.44929,1.44723,1.44748,0,0
2014-10-22,06:00:00,1.44749,1.44792,1.44685,1.44764,0,0
2014-10-22,07:00:00,1.44756,1.44802,1.44696,1.44748,0,0
2014-10-22,08:00:00,1.44751,1.44876,1.44748,1.44787,0,0
2014-10-22,09:00:00,1.44817,1.44959,1.44744,1.44911,0,0
2014-10-22,10:00:00,1.44909,1.44933,1.44719,1.44827,0,0
2014-10-22,11:00:00,1.44828,1.44833,1.44402,1.4441,0,0
2014-10-22,12:00:00,1.44415,1.44532,1.44378,1.44392,0,0
2014-10-22,13:00:00,1.44377,1.44534,1.44371,1.44436,0,0
2014-10-22,14:00:00,1.44429,1.44569,1.4429,1.44392,0,0
2014-10-22,15:00:00,1.44403,1.44428,1.4416,1.44374,0,0
2014-10-22,16:00:00,1.44368,1.44469,1.44183,1.44195,0,0
2014-10-22,17:00:00,1.44196,1.44196,1.43887,1.43899,0,0
2014-10-22,18:00:00,1.43881,1.43979,1.43641,1.43963,0,0
2014-10-22,19:00:00,1.4396,1.44166,1.4396,1.4413,0,0
2014-10-22,20:00:00,1.44128,1.44164,1.43967,1.44021,0,0
2014-10-22,21:00:00,1.44024,1.44065,1.43949,1.44004,0,0
2014-10-22,22:00:00,1.44006,1.4413,1.43962,1.44105,0,0
2014-10-22,23:00:00,1.44091,1.44165,1.43943,1.44095,0,0
2014-10-22,23:59:00,1.44069,1.44413,1.44022,1.443,0,0
2014-10-23,01:00:00,1.44306,1.44323,1.44087,1.44235,0,0
2014-10-23,02:00:00,1.44247,1.44298,1.44153,1.44212,0,0
2014-10-23,03:00:00,1.44209,1.44414,1.44158,1.44387,0,0
2014-10-23,04:00:00,1.44385,1.44394,1.44075,1.4431,0,0
2014-10-23,05:00:00,1.44302,1.44315,1.44109,1.44241,0,0
2014-10-23,06:00:00,1.44241,1.4434,1.44207,1.4434,0,0
2014-10-23,07:00:00,1.44341,1.44356,1.44242,1.44243,0,0
2014-10-23,08:00:00,1.44246,1.4438,1.44243,1.4438,0,0
2014-10-23,09:00:00,1.44369,1.44395,1.44064,1.44122,0,0
2014-10-23,10:00:00,1.44041,1.44057,1.43792,1.43859,0,0
2014-10-23,11:00:00,1.43841,1.44255,1.43841,1.44186,0,0
2014-10-23,12:00:00,1.44186,1.44203,1.44056,1.44132,0,0
2014-10-23,13:00:00,1.44118,1.44325,1.44098,1.44236,0,0
2014-10-23,14:00:00,1.44238,1.44291,1.4383,1.4398,0,0
2014-10-23,15:00:00,1.43989,1.44183,1.43932,1.44177,0,0
2014-10-23,16:00:00,1.4416,1.44363,1.44119,1.44154,0,0
2014-10-23,17:00:00,1.44157,1.44425,1.44111,1.44325,0,0
2014-10-23,18:00:00,1.44318,1.44374,1.44192,1.44281,0,0
2014-10-23,19:00:00,1.44269,1.44407,1.44234,1.44336,0,0
2014-10-23,20:00:00,1.44338,1.44487,1.44306,1.44363,0,0
2014-10-23,21:00:00,1.44363,1.44487,1.44322,1.44463,0,0
2014-10-23,22:00:00,1.44431,1.44571,1.44412,1.44519,0,0
2014-10-23,23:00:00,1.44504,1.44508,1.44322,1.44355,0,0
2014-10-23,23:59:00,1.44364,1.44463,1.44281,1.44365,0,0
2014-10-24,01:00:00,1.44365,1.44454,1.44345,1.4441,0,0
2014-10-24,02:00:00,1.44419,1.44529,1.44402,1.4448,0,0
2014-10-24,03:00:00,1.44495,1.45133,1.44473,1.4498,0,0
2014-10-24,04:00:00,1.44984,1.45033,1.44773,1.4478,0,0
2014-10-24,05:00:00,1.44773,1.44794,1.44707,1.44753,0,0
2014-10-24,06:00:00,1.44752,1.44798,1.44442,1.44558,0,0
2014-10-24,07:00:00,1.44557,1.44591,1.44402,1.44497,0,0
2014-10-24,08:00:00,1.44504,1.44536,1.44275,1.44374,0,0
2014-10-24,09:00:00,1.44376,1.44497,1.44376,1.44459,0,0
2014-10-24,10:00:00,1.44454,1.44483,1.44142,1.44206,0,0
2014-10-24,11:00:00,1.44202,1.44265,1.43995,1.44237,0,0
2014-10-24,12:00:00,1.44241,1.44241,1.44035,1.44108,0,0
2014-10-24,13:00:00,1.4411,1.4418,1.44011,1.4413,0,0
2014-10-24,14:00:00,1.4413,1.44236,1.44059,1.44106,0,0
2014-10-24,15:00:00,1.44109,1.44175,1.43714,1.43926,0,0
2014-10-24,16:00:00,1.4391,1.43952,1.43774,1.43797,0,0
2014-10-24,17:00:00,1.43779,1.43988,1.43739,1.43988,0,0
2014-10-24,18:00:00,1.44006,1.44006,1.43788,1.43846,0,0
2014-10-24,19:00:00,1.43853,1.4389,1.43756,1.43881,0,0
2014-10-24,20:00:00,1.43878,1.43921,1.43824,1.43885,0,0
2014-10-24,21:00:00,1.43887,1.44018,1.43769,1.43983,0,0
2014-10-24,22:00:00,1.43982,1.44013,1.43872,1.44001,0,0
2014-10-24,23:00:00,1.4399,1.4399,1.4399,1.4399,0,0
2014-10-27,01:00:00,1.44025,1.44124,1.43979,1.4399,0,0
2014-10-27,02:00:00,1.4398,1.43987,1.43836,1.43918,0,0
2014-10-27,03:00:00,1.43922,1.44187,1.43864,1.44112,0,0
2014-10-27,04:00:00,1.44112,1.44191,1.43995,1.44073,0,0
2014-10-27,05:00:00,1.44065,1.44224,1.44057,1.44171,0,0
2014-10-27,06:00:00,1.44173,1.4419,1.44086,1.44123,0,0
2014-10-27,07:00:00,1.44118,1.44182,1.44094,1.44118,0,0
2014-10-27,08:00:00,1.44119,1.44243,1.44081,1.44227,0,0
2014-10-27,09:00:00,1.44232,1.44319,1.44113,1.44313,0,0
2014-10-27,10:00:00,1.44316,1.44372,1.44252,1.44257,0,0
2014-10-27,11:00:00,1.4424,1.44244,1.43845,1.43975,0,0
2014-10-27,12:00:00,1.43973,1.44071,1.43846,1.44012,0,0
2014-10-27,13:00:00,1.4401,1.44153,1.43953,1.44071,0,0
2014-10-27,14:00:00,1.4407,1.44257,1.44061,1.44224,0,0
2014-10-27,15:00:00,1.44222,1.44261,1.44147,1.44231,0,0
2014-10-27,16:00:00,1.44237,1.44493,1.44225,1.44312,0,0
2014-10-27,17:00:00,1.44316,1.44466,1.44282,1.44466,0,0
2014-10-27,18:00:00,1.44475,1.44495,1.44284,1.44317,0,0
2014-10-27,19:00:00,1.44315,1.44315,1.44208,1.44296,0,0
2014-10-27,20:00:00,1.44305,1.44336,1.44284,1.44284,0,0
2014-10-27,21:00:00,1.44276,1.44372,1.44276,1.44312,0,0
2014-10-27,22:00:00,1.44312,1.44327,1.44249,1.4427,0,0
2014-10-27,23:00:00,1.44265,1.44344,1.44243,1.44268,0,0
2014-10-27,23:59:00,1.44272,1.44351,1.44272,1.44343,0,0
2014-10-28,01:00:00,1.44328,1.44374,1.44262,1.44274,0,0
2014-10-28,02:00:00,1.44254,1.44323,1.44186,1.44208,0,0
2014-10-28,03:00:00,1.44208,1.44222,1.44106,1.44155,0,0
2014-10-28,04:00:00,1.44157,1.44226,1.44134,1.4417,0,0
2014-10-28,05:00:00,1.4417,1.4421,1.4399,1.44089,0,0
2014-10-28,06:00:00,1.44086,1.44128,1.44051,1.44099,0,0
2014-10-28,07:00:00,1.44099,1.44132,1.4405,1.44101,0,0
2014-10-28,08:00:00,1.44121,1.44123,1.43987,1.44045,0,0
2014-10-28,09:00:00,1.44036,1.44047,1.43843,1.44022,0,0
2014-10-28,10:00:00,1.4402,1.44031,1.4389,1.43896,0,0
2014-10-28,11:00:00,1.43877,1.43926,1.4372,1.43806,0,0
2014-10-28,12:00:00,1.43808,1.43918,1.43633,1.43712,0,0
2014-10-28,13:00:00,1.43712,1.43865,1.43658,1.43716,0,0
2014-10-28,14:00:00,1.43716,1.43856,1.43579,1.43821,0,0
2014-10-28,15:00:00,1.43812,1.43985,1.43662,1.43875,0,0
2014-10-28,16:00:00,1.43877,1.44082,1.43712,1.44047,0,0
2014-10-28,17:00:00,1.44054,1.44082,1.43918,1.44073,0,0
2014-10-28,18:00:00,1.44076,1.44084,1.43909,1.43939,0,0
2014-10-28,19:00:00,1.43944,1.43978,1.43798,1.43813,0,0
2014-10-28,20:00:00,1.43816,1.43929,1.43798,1.43828,0,0
2014-10-28,21:00:00,1.43809,1.43852,1.43708,1.43787,0,0
2014-10-28,22:00:00,1.43781,1.43822,1.43743,1.43822,0,0
2014-10-28,23:00:00,1.43837,1.43909,1.4377,1.43866,0,0
2014-10-28,23:59:00,1.43866,1.43914,1.438,1.43883,0,0
2014-10-29,01:00:00,1.43883,1.43884,1.43733,1.43772,0,0
2014-10-29,02:00:00,1.43754,1.43796,1.43627,1.43703,0,0
2014-10-29,03:00:00,1.43714,1.43796,1.43652,1.43738,0,0
2014-10-29,04:00:00,1.43741,1.43754,1.43661,1.43704,0,0
2014-10-29,05:00:00,1.43709,1.43743,1.43654,1.43668,0,0
2014-10-29,06:00:00,1.43678,1.43704,1.43621,1.43622,0,0
2014-10-29,07:00:00,1.43623,1.43721,1.43606,1.43721,0,0
2014-10-29,08:00:00,1.43719,1.43764,1.4365,1.43764,0,0
2014-10-29,09:00:00,1.43755,1.4377,1.43513,1.43554,0,0
2014-10-29,10:00:00,1.43547,1.43559,1.43307,1.43399,0,0
2014-10-29,11:00:00,1.43402,1.43491,1.43302,1.43364,0,0
2014-10-29,12:00:00,1.43363,1.43517,1.43358,1.43455,0,0
2014-10-29,13:00:00,1.4345,1.43525,1.43242,1.43252,0,0
2014-10-29,14:00:00,1.43251,1.43359,1.43225,1.43272,0,0
2014-10-29,15:00:00,1.43276,1.43366,1.43215,1.4332,0,0
2014-10-29,16:00:00,1.43293,1.43406,1.43189,1.43369,0,0
2014-10-29,17:00:00,1.43369,1.43504,1.4332,1.43325,0,0
2014-10-29,18:00:00,1.43345,1.43491,1.43345,1.43415,0,0
2014-10-29,19:00:00,1.43412,1.43517,1.43244,1.43396,0,0
2014-10-29,20:00:00,1.43401,1.43985,1.43369,1.43647,0,0
2014-10-29,21:00:00,1.43646,1.43914,1.436,1.43655,0,0
2014-10-29,22:00:00,1.43645,1.43984,1.43578,1.43578,0,0
2014-10-29,23:00:00,1.43607,1.43778,1.43604,1.43726,0,0
2014-10-29,23:59:00,1.4371,1.43818,1.43593,1.4381,0,0
2014-10-30,01:00:00,1.43808,1.44127,1.43736,1.44056,0,0
2014-10-30,02:00:00,1.44054,1.44119,1.43768,1.43846,0,0
2014-10-30,03:00:00,1.43853,1.44016,1.43831,1.43884,0,0
2014-10-30,04:00:00,1.43882,1.43886,1.43775,1.43832,0,0
2014-10-30,05:00:00,1.43823,1.43972,1.43806,1.43928,0,0
2014-10-30,06:00:00,1.43928,1.43939,1.43777,1.43815,0,0
2014-10-30,07:00:00,1.43802,1.43816,1.43633,1.43721,0,0
2014-10-30,08:00:00,1.43715,1.43789,1.4362,1.43636,0,0
2014-10-30,09:00:00,1.43608,1.43645,1.43478,1.43601,0,0
2014-10-30,10:00:00,1.43598,1.43598,1.43111,1.43113,0,0
2014-10-30,11:00:00,1.43103,1.43152,1.42916,1.43087,0,0
2014-10-30,12:00:00,1.4311,1.43318,1.43045,1.43139,0,0
2014-10-30,13:00:00,1.43136,1.43345,1.43106,1.43255,0,0
2014-10-30,14:00:00,1.43252,1.43439,1.43004,1.43016,0,0
2014-10-30,15:00:00,1.43039,1.43257,1.43016,1.43245,0,0
2014-10-30,16:00:00,1.43246,1.43322,1.43033,1.43091,0,0
2014-10-30,17:00:00,1.43091,1.43209,1.42967,1.43023,0,0
2014-10-30,18:00:00,1.43037,1.43047,1.42845,1.4285,0,0
2014-10-30,19:00:00,1.42851,1.42952,1.42766,1.42896,0,0
2014-10-30,20:00:00,1.42895,1.42914,1.42698,1.4284,0,0
2014-10-30,21:00:00,1.42841,1.42857,1.42714,1.42724,0,0
2014-10-30,22:00:00,1.42729,1.4282,1.42701,1.42782,0,0
2014-10-30,23:00:00,1.42809,1.42836,1.42553,1.4269,0,0
2014-10-30,23:59:00,1.42694,1.42879,1.42694,1.42802,0,0
2014-10-31,01:00:00,1.42792,1.42938,1.42761,1.42849,0,0
2014-10-31,02:00:00,1.42846,1.42968,1.42794,1.42927,0,0
2014-10-31,03:00:00,1.42927,1.42953,1.42712,1.42735,0,0
2014-10-31,04:00:00,1.42735,1.42858,1.42712,1.4283,0,0
2014-10-31,05:00:00,1.42832,1.42866,1.42716,1.42831,0,0
2014-10-31,06:00:00,1.42825,1.43141,1.4274,1.42959,0,0
2014-10-31,07:00:00,1.42954,1.43146,1.42809,1.42985,0,0
2014-10-31,08:00:00,1.42913,1.43018,1.427,1.42738,0,0
2014-10-31,09:00:00,1.42756,1.42978,1.42483,1.42655,0,0
2014-10-31,10:00:00,1.42655,1.42713,1.42472,1.42627,0,0
2014-10-31,11:00:00,1.4262,1.42659,1.42516,1.42535,0,0
2014-10-31,12:00:00,1.42585,1.42763,1.42409,1.42509,0,0
2014-10-31,13:00:00,1.42499,1.4263,1.42322,1.42494,0,0
2014-10-31,14:00:00,1.42478,1.42658,1.42243,1.42463,0,0
2014-10-31,15:00:00,1.42491,1.42669,1.42326,1.42407,0,0
2014-10-31,16:00:00,1.42414,1.42645,1.42375,1.42537,0,0
2014-10-31,17:00:00,1.42542,1.42615,1.42368,1.4254,0,0
2014-10-31,18:00:00,1.42527,1.42593,1.423,1.42324,0,0
2014-10-31,19:00:00,1.42329,1.42527,1.42329,1.42512,0,0
2014-10-31,20:00:00,1.4251,1.42549,1.42394,1.42424,0,0
2014-10-31,21:00:00,1.42428,1.42483,1.42345,1.42418,0,0
2014-10-31,22:00:00,1.42409,1.42487,1.42301,1.42405,0,0
2014-10-31,23:00:00,1.42402,1.42402,1.42391,1.42391,0,0
2014-11-03,01:00:00,1.4283,1.42996,1.42778,1.42864,0,0
2014-11-03,02:00:00,1.4286,1.43307,1.42749,1.43071,0,0
2014-11-03,03:00:00,1.43082,1.43235,1.42947,1.43025,0,0
2014-11-03,04:00:00,1.4302,1.43154,1.42989,1.43061,0,0
2014-11-03,05:00:00,1.43059,1.43113,1.42948,1.43029,0,0
2014-11-03,06:00:00,1.4304,1.43063,1.42835,1.42904,0,0
2014-11-03,07:00:00,1.42907,1.42948,1.42846,1.42871,0,0
2014-11-03,08:00:00,1.42879,1.4289,1.42763,1.42798,0,0
2014-11-03,09:00:00,1.42795,1.43,1.42781,1.42925,0,0
2014-11-03,10:00:00,1.4293,1.4296,1.4273,1.4296,0,0
2014-11-03,11:00:00,1.42967,1.43013,1.42803,1.42915,0,0
2014-11-03,12:00:00,1.4291,1.43168,1.42853,1.43096,0,0
2014-11-03,13:00:00,1.43098,1.43474,1.43043,1.43323,0,0
2014-11-03,14:00:00,1.43321,1.43428,1.43305,1.43354,0,0
2014-11-03,15:00:00,1.43392,1.43539,1.43347,1.43505,0,0
2014-11-03,16:00:00,1.43511,1.43686,1.43443,1.4363,0,0
2014-11-03,17:00:00,1.4363,1.43633,1.43386,1.43439,0,0
2014-11-03,18:00:00,1.43442,1.43584,1.43368,1.43537,0,0
2014-11-03,19:00:00,1.43532,1.43731,1.43522,1.4359,0,0
2014-11-03,20:00:00,1.43606,1.43668,1.43545,1.43571,0,0
2014-11-03,21:00:00,1.43567,1.43833,1.4354,1.43806,0,0
2014-11-03,22:00:00,1.43795,1.43846,1.43691,1.43746,0,0
2014-11-03,23:00:00,1.43746,1.43894,1.43701,1.43799,0,0
2014-11-03,23:59:00,1.438,1.43891,1.43691,1.43758,0,0
2014-11-04,01:00:00,1.43758,1.43815,1.43641,1.43762,0,0
2014-11-04,02:00:00,1.43752,1.4451,1.43577,1.44099,0,0
2014-11-04,03:00:00,1.44099,1.44099,1.43727,1.43847,0,0
2014-11-04,04:00:00,1.43844,1.44,1.43701,1.43958,0,0
2014-11-04,05:00:00,1.43954,1.44051,1.43395,1.43534,0,0
2014-11-04,06:00:00,1.43535,1.43583,1.43433,1.4355,0,0
2014-11-04,07:00:00,1.4355,1.43672,1.43493,1.43516,0,0
2014-11-04,08:00:00,1.43516,1.43533,1.43347,1.43348,0,0
2014-11-04,09:00:00,1.4334,1.43515,1.43318,1.43492,0,0
2014-11-04,10:00:00,1.43489,1.43563,1.43359,1.43377,0,0
2014-11-04,11:00:00,1.43365,1.43445,1.43114,1.43184,0,0
2014-11-04,12:00:00,1.43187,1.43319,1.43104,1.43278,0,0
2014-11-04,13:00:00,1.43276,1.43285,1.43124,1.43156,0,0
2014-11-04,14:00:00,1.43149,1.43455,1.43145,1.4337,0,0
2014-11-04,15:00:00,1.43368,1.4362,1.4331,1.4339,0,0
2014-11-04,16:00:00,1.43389,1.43565,1.4334,1.43499,0,0
2014-11-04,17:00:00,1.43547,1.44142,1.43529,1.44057,0,0
2014-11-04,18:00:00,1.44052,1.44066,1.43764,1.4384,0,0
2014-11-04,19:00:00,1.43845,1.43877,1.43681,1.43686,0,0
2014-11-04,20:00:00,1.43685,1.43783,1.43628,1.43689,0,0
2014-11-04,21:00:00,1.43687,1.43792,1.43625,1.43631,0,0
2014-11-04,22:00:00,1.43631,1.43643,1.43548,1.4359,0,0
2014-11-04,23:00:00,1.43591,1.4371,1.43548,1.43582,0,0
2014-11-04,23:59:00,1.43587,1.43659,1.43311,1.43405,0,0
2014-11-05,01:00:00,1.43402,1.43536,1.43323,1.43536,0,0
2014-11-05,02:00:00,1.43528,1.43708,1.43514,1.43635,0,0
2014-11-05,03:00:00,1.43641,1.43804,1.43601,1.43619,0,0
2014-11-05,04:00:00,1.43621,1.4366,1.43427,1.43538,0,0
2014-11-05,05:00:00,1.43542,1.43636,1.43512,1.43575,0,0
2014-11-05,06:00:00,1.43575,1.43845,1.4357,1.43794,0,0
2014-11-05,07:00:00,1.43797,1.4391,1.43697,1.43797,0,0
2014-11-05,08:00:00,1.43795,1.44249,1.43794,1.44144,0,0
2014-11-05,09:00:00,1.44155,1.44187,1.4399,1.4399,0,0
2014-11-05,10:00:00,1.43981,1.44213,1.43955,1.44189,0,0
2014-11-05,11:00:00,1.44186,1.44257,1.43999,1.44123,0,0
2014-11-05,12:00:00,1.44122,1.4486,1.44094,1.44649,0,0
2014-11-05,13:00:00,1.44644,1.44826,1.44596,1.44826,0,0
2014-11-05,14:00:00,1.4482,1.44897,1.44727,1.44885,0,0
2014-11-05,15:00:00,1.44888,1.45113,1.44836,1.45033,0,0
2014-11-05,16:00:00,1.45044,1.4543,1.4503,1.45262,0,0
2014-11-05,17:00:00,1.45307,1.4553,1.4526,1.45347,0,0
2014-11-05,18:00:00,1.45354,1.45447,1.45289,1.45369,0,0
2014-11-05,19:00:00,1.45377,1.4562,1.45377,1.45583,0,0
2014-11-05,20:00:00,1.4558,1.45625,1.45493,1.45616,0,0
2014-11-05,21:00:00,1.45619,1.45632,1.45369,1.45454,0,0
2014-11-05,22:00:00,1.45452,1.45452,1.4522,1.4527,0,0
2014-11-05,23:00:00,1.45267,1.45336,1.45219,1.45269,0,0
2014-11-05,23:59:00,1.45272,1.4559,1.45238,1.45529,0,0
2014-11-06,01:00:00,1.45519,1.45677,1.45386,1.4546,0,0
2014-11-06,02:00:00,1.45458,1.4583,1.45129,1.45708,0,0
2014-11-06,03:00:00,1.457,1.45707,1.45463,1.45546,0,0
2014-11-06,04:00:00,1.45546,1.45676,1.45253,1.45666,0,0
2014-11-06,05:00:00,1.45662,1.45927,1.45648,1.4571,0,0
2014-11-06,06:00:00,1.4571,1.45777,1.45362,1.45362,0,0
2014-11-06,07:00:00,1.45375,1.45524,1.45336,1.45348,0,0
2014-11-06,08:00:00,1.45333,1.45514,1.45293,1.4546,0,0
2014-11-06,09:00:00,1.45469,1.45492,1.45061,1.45186,0,0
2014-11-06,10:00:00,1.45185,1.45339,1.45121,1.45135,0,0
2014-11-06,11:00:00,1.45121,1.45263,1.45053,1.4519,0,0
2014-11-06,12:00:00,1.45184,1.45419,1.45155,1.45282,0,0
2014-11-06,13:00:00,1.4527,1.4556,1.45269,1.45405,0,0
2014-11-06,14:00:00,1.45392,1.45443,1.45285,1.45351,0,0
2014-11-06,15:00:00,1.45342,1.45434,1.4433,1.44592,0,0
2014-11-06,16:00:00,1.44588,1.44721,1.44387,1.4451,0,0
2014-11-06,17:00:00,1.44505,1.44883,1.44472,1.44765,0,0
2014-11-06,18:00:00,1.4476,1.44798,1.44543,1.44676,0,0
2014-11-06,19:00:00,1.4468,1.44802,1.4461,1.44771,0,0
2014-11-06,20:00:00,1.44773,1.44799,1.44442,1.44472,0,0
2014-11-06,21:00:00,1.44472,1.44557,1.44446,1.44503,0,0
2014-11-06,22:00:00,1.44506,1.44577,1.44463,1.44518,0,0
2014-11-06,23:00:00,1.44514,1.44619,1.44452,1.44574,0,0
2014-11-06,23:59:00,1.44583,1.44651,1.44499,1.44643,0,0
2014-11-07,01:00:00,1.44625,1.44701,1.4456,1.44592,0,0
2014-11-07,02:00:00,1.44591,1.44811,1.44406,1.44545,0,0
2014-11-07,03:00:00,1.44537,1.44775,1.44443,1.4462,0,0
2014-11-07,04:00:00,1.44622,1.44662,1.44496,1.44593,0,0
2014-11-07,05:00:00,1.44574,1.44774,1.4457,1.44663,0,0
2014-11-07,06:00:00,1.44667,1.44845,1.44622,1.44788,0,0
2014-11-07,07:00:00,1.44789,1.44874,1.44604,1.44725,0,0
2014-11-07,08:00:00,1.4472,1.44776,1.44637,1.4466,0,0
2014-11-07,09:00:00,1.44659,1.44683,1.44374,1.44436,0,0
2014-11-07,10:00:00,1.44436,1.44454,1.44231,1.44266,0,0
2014-11-07,11:00:00,1.44251,1.44403,1.44189,1.44213,0,0
2014-11-07,12:00:00,1.44212,1.44248,1.44152,1.44199,0,0
2014-11-07,13:00:00,1.44179,1.44301,1.44166,1.44172,0,0
2014-11-07,14:00:00,1.44156,1.44407,1.44156,1.44218,0,0
2014-11-07,15:00:00,1.44217,1.44307,1.43902,1.44053,0,0
2014-11-07,16:00:00,1.44054,1.44115,1.43761,1.44087,0,0
2014-11-07,17:00:00,1.44098,1.44281,1.44059,1.4417,0,0
2014-11-07,18:00:00,1.4417,1.44266,1.44081,1.44111,0,0
2014-11-07,19:00:00,1.44116,1.44195,1.44036,1.44119,0,0
2014-11-07,20:00:00,1.44138,1.44198,1.43981,1.44079,0,0
2014-11-07,21:00:00,1.44072,1.44156,1.43961,1.44059,0,0
2014-11-07,22:00:00,1.44057,1.44271,1.4401,1.44257,0,0
2014-11-07,23:00:00,1.44259,1.44259,1.44259,1.44259,0,0
2014-11-10,01:00:00,1.44237,1.44264,1.44111,1.44173,0,0
2014-11-10,02:00:00,1.44182,1.44199,1.44004,1.44074,0,0
2014-11-10,03:00:00,1.44074,1.44074,1.43828,1.4386,0,0
2014-11-10,04:00:00,1.43848,1.43989,1.43788,1.43952,0,0
2014-11-10,05:00:00,1.43952,1.43989,1.43881,1.43936,0,0
2014-11-10,06:00:00,1.43936,1.43977,1.43901,1.43936,0,0
2014-11-10,07:00:00,1.43936,1.43957,1.43828,1.43872,0,0
2014-11-10,08:00:00,1.43872,1.43957,1.43774,1.43954,0,0
2014-11-10,09:00:00,1.43943,1.43997,1.43809,1.43825,0,0
2014-11-10,10:00:00,1.43831,1.43938,1.43792,1.43896,0,0
2014-11-10,11:00:00,1.43892,1.43987,1.4385,1.43879,0,0
2014-11-10,12:00:00,1.43879,1.4416,1.43866,1.44117,0,0
2014-11-10,13:00:00,1.44116,1.44213,1.44066,1.44149,0,0
2014-11-10,14:00:00,1.44146,1.44168,1.44056,1.44092,0,0
2014-11-10,15:00:00,1.44076,1.44144,1.44047,1.44113,0,0
2014-11-10,16:00:00,1.44113,1.4415,1.43931,1.43931,0,0
2014-11-10,17:00:00,1.43931,1.4411,1.43872,1.4404,0,0
2014-11-10,18:00:00,1.43999,1.44098,1.43982,1.44069,0,0
2014-11-10,19:00:00,1.44089,1.44097,1.44012,1.44046,0,0
2014-11-10,20:00:00,1.44054,1.44187,1.44014,1.44177,0,0
2014-11-10,21:00:00,1.44165,1.44316,1.44153,1.44212,0,0
2014-11-10,22:00:00,1.44189,1.4425,1.44151,1.44156,0,0
2014-11-10,23:00:00,1.44147,1.4417,1.44067,1.44068,0,0
2014-11-10,23:59:00,1.44049,1.4415,1.44049,1.44119,0,0
2014-11-11,01:00:00,1.44117,1.44117,1.43958,1.44085,0,0
2014-11-11,02:00:00,1.44089,1.44202,1.43904,1.43913,0,0
2014-11-11,03:00:00,1.43913,1.43958,1.43784,1.43894,0,0
2014-11-11,04:00:00,1.43868,1.43991,1.43811,1.43868,0,0
2014-11-11,05:00:00,1.43874,1.43941,1.43772,1.43905,0,0
2014-11-11,06:00:00,1.43901,1.44122,1.438,1.44067,0,0
2014-11-11,07:00:00,1.44067,1.44133,1.43946,1.43951,0,0
2014-11-11,08:00:00,1.43917,1.44234,1.43917,1.44222,0,0
2014-11-11,09:00:00,1.44195,1.44273,1.4408,1.4421,0,0
2014-11-11,10:00:00,1.44195,1.44374,1.44151,1.44341,0,0
2014-11-11,11:00:00,1.44384,1.44405,1.44158,1.4418,0,0
2014-11-11,12:00:00,1.44155,1.44191,1.44005,1.44057,0,0
2014-11-11,13:00:00,1.44058,1.44058,1.4381,1.43821,0,0
2014-11-11,14:00:00,1.43816,1.43914,1.43764,1.43857,0,0
2014-11-11,15:00:00,1.4387,1.43911,1.43676,1.43714,0,0
2014-11-11,16:00:00,1.43727,1.43761,1.43638,1.43666,0,0
2014-11-11,17:00:00,1.4367,1.43731,1.4352,1.4352,0,0
2014-11-11,18:00:00,1.43511,1.43624,1.43403,1.43525,0,0
2014-11-11,19:00:00,1.4353,1.43723,1.43516,1.43714,0,0
2014-11-11,20:00:00,1.43689,1.43742,1.43581,1.43642,0,0
2014-11-11,21:00:00,1.43658,1.43668,1.43322,1.43388,0,0
2014-11-11,22:00:00,1.43382,1.43473,1.43372,1.43453,0,0
2014-11-11,23:00:00,1.43453,1.43683,1.43441,1.43633,0,0
2014-11-11,23:59:00,1.43623,1.43644,1.43465,1.43527,0,0
2014-11-12,01:00:00,1.43527,1.4357,1.43296,1.43334,0,0
2014-11-12,02:00:00,1.43334,1.43551,1.43288,1.43487,0,0
2014-11-12,03:00:00,1.43487,1.43522,1.43346,1.43458,0,0
2014-11-12,04:00:00,1.43478,1.43503,1.43363,1.43441,0,0
2014-11-12,05:00:00,1.43441,1.43579,1.43389,1.43579,0,0
2014-11-12,06:00:00,1.43574,1.43791,1.4355,1.43718,0,0
2014-11-12,07:00:00,1.43721,1.43764,1.43537,1.43673,0,0
2014-11-12,08:00:00,1.4369,1.43752,1.43561,1.43635,0,0
2014-11-12,09:00:00,1.43639,1.437,1.43316,1.4336,0,0
2014-11-12,10:00:00,1.43397,1.43442,1.43205,1.4325,0,0
2014-11-12,11:00:00,1.43323,1.43325,1.42932,1.42989,0,0
2014-11-12,12:00:00,1.42939,1.43032,1.42744,1.4294,0,0
2014-11-12,13:00:00,1.42983,1.43176,1.42942,1.42999,0,0
2014-11-12,14:00:00,1.43004,1.43202,1.4296,1.43129,0,0
2014-11-12,15:00:00,1.43131,1.43373,1.431,1.43131,0,0
2014-11-12,16:00:00,1.43105,1.43111,1.42787,1.42817,0,0
2014-11-12,17:00:00,1.42817,1.42889,1.42694,1.42863,0,0
2014-11-12,18:00:00,1.4286,1.42899,1.42613,1.42618,0,0
2014-11-12,19:00:00,1.42618,1.42648,1.42485,1.42623,0,0
2014-11-12,20:00:00,1.42635,1.4268,1.42568,1.42628,0,0
2014-11-12,21:00:00,1.42634,1.42729,1.42625,1.42641,0,0
2014-11-12,22:00:00,1.42631,1.42689,1.42577,1.42654,0,0
2014-11-12,23:00:00,1.42638,1.42696,1.42602,1.42675,0,0
2014-11-12,23:59:00,1.42675,1.42806,1.42628,1.4265,0,0
2014-11-13,01:00:00,1.42689,1.42789,1.42625,1.42721,0,0
2014-11-13,02:00:00,1.42719,1.42754,1.42637,1.4273,0,0
2014-11-13,03:00:00,1.42732,1.42748,1.426,1.42609,0,0
2014-11-13,04:00:00,1.42609,1.43373,1.42521,1.4305,0,0
2014-11-13,05:00:00,1.43054,1.4314,1.42931,1.4303,0,0
2014-11-13,06:00:00,1.43021,1.43118,1.42966,1.43021,0,0
2014-11-13,07:00:00,1.43038,1.43115,1.42966,1.42989,0,0
2014-11-13,08:00:00,1.4304,1.43094,1.42816,1.42968,0,0
2014-11-13,09:00:00,1.42968,1.43102,1.42866,1.43008,0,0
2014-11-13,10:00:00,1.43012,1.43013,1.42577,1.42633,0,0
2014-11-13,11:00:00,1.42633,1.42667,1.42505,1.42532,0,0
2014-11-13,12:00:00,1.42541,1.42568,1.42261,1.42373,0,0
2014-11-13,13:00:00,1.42357,1.42606,1.42342,1.42583,0,0
2014-11-13,14:00:00,1.4257,1.42601,1.42369,1.42404,0,0
2014-11-13,15:00:00,1.42405,1.42592,1.42373,1.42553,0,0
2014-11-13,16:00:00,1.42544,1.4261,1.42519,1.42597,0,0
2014-11-13,17:00:00,1.42597,1.42939,1.42597,1.42763,0,0
2014-11-13,18:00:00,1.42748,1.42967,1.42679,1.42936,0,0
2014-11-13,19:00:00,1.42936,1.43015,1.42848,1.43009,0,0
2014-11-13,20:00:00,1.42997,1.43169,1.42997,1.4311,0,0
2014-11-13,21:00:00,1.43107,1.43228,1.43085,1.43156,0,0
2014-11-13,22:00:00,1.43156,1.43199,1.43131,1.43165,0,0
2014-11-13,23:00:00,1.43138,1.43187,1.43079,1.43094,0,0
2014-11-13,23:59:00,1.43094,1.43281,1.43094,1.43228,0,0
2014-11-14,01:00:00,1.43233,1.43297,1.43177,1.43291,0,0
2014-11-14,02:00:00,1.43291,1.43435,1.43171,1.43318,0,0
2014-11-14,03:00:00,1.43318,1.4332,1.43148,1.43195,0,0
2014-11-14,04:00:00,1.43195,1.43282,1.43087,1.43276,0,0
2014-11-14,05:00:00,1.43267,1.4335,1.4321,1.43316,0,0
2014-11-14,06:00:00,1.43316,1.43316,1.43024,1.43144,0,0
2014-11-14,07:00:00,1.43146,1.43264,1.43129,1.43215,0,0
2014-11-14,08:00:00,1.43148,1.43211,1.4311,1.4319,0,0
2014-11-14,09:00:00,1.4323,1.43271,1.43116,1.4318,0,0
2014-11-14,10:00:00,1.43197,1.43458,1.43193,1.43419,0,0
2014-11-14,11:00:00,1.43419,1.4344,1.43094,1.4315,0,0
2014-11-14,12:00:00,1.43148,1.43203,1.42986,1.4307,0,0
2014-11-14,13:00:00,1.43071,1.43336,1.43067,1.43157,0,0
2014-11-14,14:00:00,1.43158,1.43289,1.4311,1.43286,0,0
2014-11-14,15:00:00,1.4326,1.43395,1.432,1.433,0,0
2014-11-14,16:00:00,1.43292,1.43321,1.43143,1.43254,0,0
2014-11-14,17:00:00,1.43254,1.43254,1.42921,1.4297,0,0
2014-11-14,18:00:00,1.42951,1.43055,1.42895,1.42998,0,0
2014-11-14,19:00:00,1.42968,1.43203,1.42947,1.43104,0,0
2014-11-14,20:00:00,1.43168,1.4319,1.43108,1.43151,0,0
2014-11-14,21:00:00,1.43168,1.43183,1.43042,1.4305,0,0
2014-11-14,22:00:00,1.43043,1.43103,1.42994,1.4302,0,0
2014-11-14,23:00:00,1.43024,1.43024,1.43024,1.43024,0,0
2014-11-17,01:00:00,1.42977,1.43113,1.42857,1.43068,0,0
2014-11-17,02:00:00,1.43074,1.43197,1.42971,1.42971,0,0
2014-11-17,03:00:00,1.42971,1.43074,1.42824,1.42847,0,0
2014-11-17,04:00:00,1.42876,1.43099,1.42861,1.4297,0,0
2014-11-17,05:00:00,1.42988,1.43059,1.4289,1.42908,0,0
2014-11-17,06:00:00,1.42915,1.42964,1.42751,1.42796,0,0
2014-11-17,07:00:00,1.42793,1.42838,1.42717,1.42784,0,0
2014-11-17,08:00:00,1.42784,1.4285,1.42754,1.42806,0,0
2014-11-17,09:00:00,1.42815,1.42941,1.4281,1.4289,0,0
2014-11-17,10:00:00,1.42891,1.42983,1.42871,1.42983,0,0
2014-11-17,11:00:00,1.42985,1.4314,1.42764,1.43133,0,0
2014-11-17,12:00:00,1.43134,1.43195,1.43085,1.4315,0,0
2014-11-17,13:00:00,1.4315,1.43173,1.4303,1.43048,0,0
2014-11-17,14:00:00,1.43063,1.4317,1.43059,1.4311,0,0
2014-11-17,15:00:00,1.4311,1.43306,1.43083,1.43243,0,0
2014-11-17,16:00:00,1.43243,1.4347,1.43086,1.43234,0,0
2014-11-17,17:00:00,1.43174,1.43262,1.43006,1.43006,0,0
2014-11-17,18:00:00,1.4298,1.43002,1.42786,1.42811,0,0
2014-11-17,19:00:00,1.42811,1.42904,1.42788,1.42904,0,0
2014-11-17,20:00:00,1.42917,1.42925,1.42858,1.42923,0,0
2014-11-17,21:00:00,1.42923,1.42991,1.42897,1.42981,0,0
2014-11-17,22:00:00,1.42981,1.42997,1.42878,1.42947,0,0
2014-11-17,23:00:00,1.42949,1.42963,1.42889,1.42958,0,0
2014-11-17,23:59:00,1.42958,1.43112,1.42915,1.43109,0,0
2014-11-18,01:00:00,1.43119,1.43119,1.4294,1.42977,0,0
2014-11-18,02:00:00,1.42977,1.4311,1.42859,1.42878,0,0
2014-11-18,03:00:00,1.42875,1.43098,1.42875,1.43015,0,0
2014-11-18,04:00:00,1.4301,1.43012,1.42868,1.42915,0,0
2014-11-18,05:00:00,1.42915,1.43037,1.42907,1.43016,0,0
2014-11-18,06:00:00,1.43019,1.43045,1.42976,1.43,0,0
2014-11-18,07:00:00,1.43008,1.4307,1.42972,1.43041,0,0
2014-11-18,08:00:00,1.43045,1.43152,1.43042,1.43053,0,0
2014-11-18,09:00:00,1.43053,1.43175,1.42878,1.43158,0,0
2014-11-18,10:00:00,1.43154,1.43252,1.42839,1.42839,0,0
2014-11-18,11:00:00,1.42838,1.43729,1.42838,1.43698,0,0
2014-11-18,12:00:00,1.43698,1.44123,1.43697,1.43697,0,0
2014-11-18,13:00:00,1.43711,1.43733,1.43555,1.43555,0,0
2014-11-18,14:00:00,1.43565,1.43707,1.43546,1.43559,0,0
2014-11-18,15:00:00,1.43567,1.43665,1.43472,1.43537,0,0
2014-11-18,16:00:00,1.4354,1.43648,1.43405,1.43489,0,0
2014-11-18,17:00:00,1.43485,1.43571,1.43402,1.43506,0,0
2014-11-18,18:00:00,1.43531,1.43713,1.43514,1.43669,0,0
2014-11-18,19:00:00,1.43657,1.4368,1.43553,1.4356,0,0
2014-11-18,20:00:00,1.43563,1.43646,1.43563,1.43603,0,0
2014-11-18,21:00:00,1.43598,1.43615,1.43556,1.43604,0,0
2014-11-18,22:00:00,1.43586,1.43679,1.43573,1.43658,0,0
2014-11-18,23:00:00,1.43658,1.43776,1.43652,1.43758,0,0
2014-11-18,23:59:00,1.43758,1.43846,1.43706,1.43792,0,0
2014-11-19,01:00:00,1.43778,1.43935,1.43664,1.4391,0,0
2014-11-19,02:00:00,1.439,1.44131,1.43898,1.44011,0,0
2014-11-19,03:00:00,1.44039,1.44315,1.44039,1.44175,0,0
2014-11-19,04:00:00,1.44175,1.44406,1.44144,1.44383,0,0
2014-11-19,05:00:00,1.44379,1.44529,1.44317,1.44394,0,0
2014-11-19,06:00:00,1.44402,1.44579,1.4433,1.44526,0,0
2014-11-19,07:00:00,1.44506,1.44605,1.44438,1.4454,0,0
2014-11-19,08:00:00,1.44562,1.44577,1.44385,1.44395,0,0
2014-11-19,09:00:00,1.4442,1.44707,1.44332,1.44703,0,0
2014-11-19,10:00:00,1.44719,1.45005,1.44641,1.44976,0,0
2014-11-19,11:00:00,1.45022,1.45315,1.45013,1.45166,0,0
2014-11-19,12:00:00,1.45165,1.45225,1.45041,1.45078,0,0
2014-11-19,13:00:00,1.45071,1.45211,1.4504,1.45046,0,0
2014-11-19,14:00:00,1.45042,1.45255,1.44993,1.45162,0,0
2014-11-19,15:00:00,1.45178,1.453,1.45107,1.45224,0,0
2014-11-19,16:00:00,1.45224,1.45287,1.45154,1.45226,0,0
2014-11-19,17:00:00,1.45223,1.45477,1.45218,1.45345,0,0
2014-11-19,18:00:00,1.45374,1.45544,1.45283,1.45537,0,0
2014-11-19,19:00:00,1.45533,1.456,1.45452,1.45546,0,0
2014-11-19,20:00:00,1.45537,1.45632,1.45495,1.45581,0,0
2014-11-19,21:00:00,1.45779,1.45892,1.45372,1.45611,0,0
2014-11-19,22:00:00,1.45602,1.45668,1.45492,1.45601,0,0
2014-11-19,23:00:00,1.45603,1.45674,1.45587,1.45659,0,0
2014-11-19,23:59:00,1.45702,1.45896,1.45596,1.4586,0,0
2014-11-20,01:00:00,1.45824,1.45907,1.45742,1.45757,0,0
2014-11-20,02:00:00,1.45763,1.45803,1.45622,1.45695,0,0
2014-11-20,03:00:00,1.45697,1.45937,1.45505,1.45647,0,0
2014-11-20,04:00:00,1.45624,1.45703,1.45533,1.45673,0,0
2014-11-20,05:00:00,1.45673,1.45891,1.45673,1.45872,0,0
2014-11-20,06:00:00,1.45873,1.46087,1.45856,1.46003,0,0
2014-11-20,07:00:00,1.46009,1.4613,1.45987,1.4601,0,0
2014-11-20,08:00:00,1.4601,1.46051,1.45905,1.45947,0,0
2014-11-20,09:00:00,1.45954,1.46308,1.45942,1.46172,0,0
2014-11-20,10:00:00,1.46147,1.4625,1.4554,1.45695,0,0
2014-11-20,11:00:00,1.45697,1.45857,1.45583,1.45606,0,0
2014-11-20,12:00:00,1.45604,1.45646,1.45403,1.45446,0,0
2014-11-20,13:00:00,1.45446,1.45637,1.45379,1.45511,0,0
2014-11-20,14:00:00,1.45495,1.45614,1.45495,1.45599,0,0
2014-11-20,15:00:00,1.45604,1.45733,1.4556,1.45695,0,0
2014-11-20,16:00:00,1.45695,1.45924,1.45645,1.45663,0,0
2014-11-20,17:00:00,1.45663,1.4567,1.45382,1.45431,0,0
2014-11-20,18:00:00,1.45431,1.45559,1.45416,1.45475,0,0
2014-11-20,19:00:00,1.45478,1.45537,1.45407,1.45507,0,0
2014-11-20,20:00:00,1.45497,1.45515,1.45271,1.45282,0,0
2014-11-20,21:00:00,1.45294,1.45369,1.45291,1.45337,0,0
2014-11-20,22:00:00,1.45337,1.45378,1.45294,1.45378,0,0
2014-11-20,23:00:00,1.45373,1.45458,1.45338,1.45443,0,0
2014-11-20,23:59:00,1.45521,1.45608,1.45425,1.45562,0,0
2014-11-21,01:00:00,1.45562,1.45562,1.45467,1.45498,0,0
2014-11-21,02:00:00,1.45498,1.45532,1.45375,1.45526,0,0
2014-11-21,03:00:00,1.45525,1.45525,1.45253,1.45278,0,0
2014-11-21,04:00:00,1.45289,1.45462,1.45253,1.45435,0,0
2014-11-21,05:00:00,1.45431,1.45503,1.45339,1.45419,0,0
2014-11-21,06:00:00,1.45433,1.45434,1.45216,1.45369,0,0
2014-11-21,07:00:00,1.45407,1.4545,1.45217,1.45357,0,0
2014-11-21,08:00:00,1.45362,1.45499,1.45315,1.45394,0,0
2014-11-21,09:00:00,1.45389,1.45432,1.45256,1.45257,0,0
2014-11-21,10:00:00,1.45257,1.45408,1.44856,1.4486,0,0
2014-11-21,11:00:00,1.44845,1.44845,1.44118,1.44139,0,0
2014-11-21,12:00:00,1.44139,1.44162,1.42819,1.43126,0,0
2014-11-21,13:00:00,1.43126,1.43136,1.42648,1.42792,0,0
2014-11-21,14:00:00,1.42792,1.43114,1.42703,1.42703,0,0
2014-11-21,15:00:00,1.42703,1.42859,1.42486,1.42827,0,0
2014-11-21,16:00:00,1.42827,1.43037,1.42511,1.43013,0,0
2014-11-21,17:00:00,1.43054,1.43054,1.42705,1.42955,0,0
2014-11-21,18:00:00,1.42967,1.43062,1.42876,1.42905,0,0
2014-11-21,19:00:00,1.429,1.42935,1.42721,1.42738,0,0
2014-11-21,20:00:00,1.42738,1.42817,1.42659,1.42815,0,0
2014-11-21,21:00:00,1.4282,1.4308,1.42818,1.43036,0,0
2014-11-21,22:00:00,1.43034,1.43034,1.42925,1.42965,0,0
2014-11-21,23:00:00,1.42971,1.42971,1.42927,1.42929,0,0
2014-11-24,01:00:00,1.42748,1.4277,1.42476,1.42557,0,0
2014-11-24,02:00:00,1.42551,1.42609,1.42441,1.42509,0,0
2014-11-24,03:00:00,1.42499,1.42619,1.4247,1.42477,0,0
2014-11-24,04:00:00,1.42477,1.42573,1.42381,1.42483,0,0
2014-11-24,05:00:00,1.42485,1.42728,1.42462,1.42718,0,0
2014-11-24,06:00:00,1.42718,1.4279,1.42687,1.42731,0,0
2014-11-24,07:00:00,1.42729,1.4281,1.42664,1.42787,0,0
2014-11-24,08:00:00,1.42787,1.42844,1.42727,1.42744,0,0
2014-11-24,09:00:00,1.42748,1.431,1.42748,1.43008,0,0
2014-11-24,10:00:00,1.43008,1.43232,1.42933,1.43196,0,0
2014-11-24,11:00:00,1.43196,1.43523,1.43196,1.43477,0,0
2014-11-24,12:00:00,1.43465,1.43597,1.43419,1.43501,0,0
2014-11-24,13:00:00,1.43499,1.43731,1.43487,1.43677,0,0
2014-11-24,14:00:00,1.43676,1.43937,1.43577,1.43896,0,0
2014-11-24,15:00:00,1.43892,1.43963,1.43798,1.43916,0,0
2014-11-24,16:00:00,1.43916,1.44187,1.43842,1.44067,0,0
2014-11-24,17:00:00,1.44056,1.44374,1.44051,1.44374,0,0
2014-11-24,18:00:00,1.44368,1.44399,1.4421,1.44262,0,0
2014-11-24,19:00:00,1.44267,1.44521,1.44267,1.44313,0,0
2014-11-24,20:00:00,1.44311,1.44489,1.44288,1.44489,0,0
2014-11-24,21:00:00,1.44489,1.44501,1.44404,1.44457,0,0
2014-11-24,22:00:00,1.44454,1.44489,1.44375,1.44472,0,0
2014-11-24,23:00:00,1.44472,1.44503,1.44351,1.44384,0,0
2014-11-24,23:59:00,1.44397,1.44463,1.44345,1.44447,0,0
2014-11-25,01:00:00,1.44433,1.44726,1.44374,1.44569,0,0
2014-11-25,02:00:00,1.44574,1.44578,1.44299,1.44397,0,0
2014-11-25,03:00:00,1.44382,1.4475,1.44294,1.44606,0,0
2014-11-25,04:00:00,1.44614,1.44945,1.44459,1.44877,0,0
2014-11-25,05:00:00,1.44896,1.44982,1.44758,1.4483,0,0
2014-11-25,06:00:00,1.4483,1.4486,1.44469,1.44564,0,0
2014-11-25,07:00:00,1.44571,1.446,1.44379,1.44458,0,0
2014-11-25,08:00:00,1.44448,1.44612,1.44448,1.44542,0,0
2014-11-25,09:00:00,1.44545,1.45001,1.44501,1.44837,0,0
2014-11-25,10:00:00,1.44847,1.455,1.4482,1.45294,0,0
2014-11-25,11:00:00,1.45294,1.45876,1.45294,1.45632,0,0
2014-11-25,12:00:00,1.45629,1.45663,1.45512,1.4552,0,0
2014-11-25,13:00:00,1.45513,1.45702,1.45467,1.45675,0,0
2014-11-25,14:00:00,1.45685,1.45704,1.45529,1.45608,0,0
2014-11-25,15:00:00,1.4561,1.45733,1.45575,1.45621,0,0
2014-11-25,16:00:00,1.4562,1.45954,1.45615,1.45915,0,0
2014-11-25,17:00:00,1.45972,1.46279,1.45945,1.46229,0,0
2014-11-25,18:00:00,1.46247,1.46432,1.46124,1.46396,0,0
2014-11-25,19:00:00,1.46399,1.46404,1.46203,1.46203,0,0
2014-11-25,20:00:00,1.46203,1.463,1.46194,1.46259,0,0
2014-11-25,21:00:00,1.46247,1.464,1.46241,1.46368,0,0
2014-11-25,22:00:00,1.46369,1.46372,1.46227,1.46276,0,0
2014-11-25,23:00:00,1.46274,1.46328,1.46242,1.46246,0,0
2014-11-25,23:59:00,1.46248,1.46349,1.46201,1.46208,0,0
2014-11-26,01:00:00,1.46205,1.46226,1.45768,1.45836,0,0
2014-11-26,02:00:00,1.45842,1.46095,1.45842,1.4603,0,0
2014-11-26,03:00:00,1.46031,1.4616,1.45965,1.46019,0,0
2014-11-26,04:00:00,1.46019,1.46184,1.45995,1.46089,0,0
2014-11-26,05:00:00,1.46089,1.46115,1.45966,1.4608,0,0
2014-11-26,06:00:00,1.46077,1.46193,1.46028,1.46151,0,0
2014-11-26,07:00:00,1.46136,1.46166,1.45973,1.46074,0,0
2014-11-26,08:00:00,1.4608,1.46105,1.45854,1.45965,0,0
2014-11-26,09:00:00,1.45958,1.45997,1.45603,1.45859,0,0
2014-11-26,10:00:00,1.45857,1.46822,1.45833,1.46669,0,0
2014-11-26,11:00:00,1.46661,1.47042,1.46511,1.46669,0,0
2014-11-26,12:00:00,1.46665,1.46801,1.46498,1.46582,0,0
2014-11-26,13:00:00,1.46573,1.46641,1.46352,1.46418,0,0
2014-11-26,14:00:00,1.46419,1.46822,1.46412,1.46689,0,0
2014-11-26,15:00:00,1.46677,1.46808,1.46602,1.46805,0,0
2014-11-26,16:00:00,1.46798,1.46946,1.46742,1.46773,0,0
2014-11-26,17:00:00,1.4676,1.46974,1.46655,1.46743,0,0
2014-11-26,18:00:00,1.46741,1.4677,1.46486,1.46522,0,0
2014-11-26,19:00:00,1.46523,1.46628,1.46495,1.46526,0,0
2014-11-26,20:00:00,1.46504,1.46544,1.46346,1.46459,0,0
2014-11-26,21:00:00,1.46457,1.46496,1.46314,1.46314,0,0
2014-11-26,22:00:00,1.46312,1.4633,1.46223,1.46307,0,0
2014-11-26,23:00:00,1.46311,1.46357,1.46258,1.46317,0,0
2014-11-26,23:59:00,1.46319,1.46472,1.46288,1.4647,0,0
2014-11-27,01:00:00,1.46484,1.46621,1.46444,1.46585,0,0
2014-11-27,02:00:00,1.46587,1.46617,1.46071,1.46204,0,0
2014-11-27,03:00:00,1.46216,1.46266,1.46036,1.46069,0,0
2014-11-27,04:00:00,1.46068,1.46068,1.45681,1.45982,0,0
2014-11-27,05:00:00,1.45988,1.46013,1.45688,1.45703,0,0
2014-11-27,06:00:00,1.45713,1.4577,1.45441,1.45499,0,0
2014-11-27,07:00:00,1.45499,1.45745,1.45496,1.45683,0,0
2014-11-27,08:00:00,1.45682,1.45774,1.45606,1.45627,0,0
2014-11-27,09:00:00,1.45624,1.45639,1.45297,1.45361,0,0
2014-11-27,10:00:00,1.45361,1.45584,1.45267,1.4553,0,0
2014-11-27,11:00:00,1.45524,1.45524,1.45305,1.45366,0,0
2014-11-27,12:00:00,1.45353,1.45709,1.45353,1.45665,0,0
2014-11-27,13:00:00,1.45661,1.45755,1.4562,1.45663,0,0
2014-11-27,14:00:00,1.4566,1.45723,1.45626,1.45661,0,0
2014-11-27,15:00:00,1.45666,1.45776,1.45581,1.45765,0,0
2014-11-27,16:00:00,1.45767,1.45975,1.45753,1.45975,0,0
2014-11-27,17:00:00,1.4598,1.46263,1.45936,1.45999,0,0
2014-11-27,18:00:00,1.46,1.46183,1.45929,1.45976,0,0
2014-11-27,19:00:00,1.45985,1.46009,1.45894,1.45942,0,0
2014-11-27,20:00:00,1.45944,1.45977,1.45796,1.45882,0,0
2014-11-27,21:00:00,1.45879,1.45959,1.45865,1.45955,0,0
2014-11-27,22:00:00,1.45953,1.4599,1.45808,1.45813,0,0
2014-11-27,23:00:00,1.45809,1.45931,1.4577,1.45931,0,0
2014-11-27,23:59:00,1.45924,1.46413,1.45863,1.46192,0,0
2014-11-28,01:00:00,1.46198,1.46337,1.46142,1.46173,0,0
2014-11-28,02:00:00,1.46148,1.46333,1.461,1.46284,0,0
2014-11-28,03:00:00,1.46286,1.46447,1.46228,1.46307,0,0
2014-11-28,04:00:00,1.46304,1.46433,1.46218,1.46394,0,0
2014-11-28,05:00:00,1.46394,1.46558,1.46342,1.46549,0,0
2014-11-28,06:00:00,1.46547,1.467,1.46462,1.46614,0,0
2014-11-28,07:00:00,1.46609,1.46655,1.4648,1.4648,0,0
2014-11-28,08:00:00,1.46466,1.46507,1.46296,1.46377,0,0
2014-11-28,09:00:00,1.46357,1.46527,1.46291,1.46494,0,0
2014-11-28,10:00:00,1.46522,1.46522,1.46208,1.4637,0,0
2014-11-28,11:00:00,1.46375,1.46415,1.45926,1.45944,0,0
2014-11-28,12:00:00,1.45942,1.46229,1.45942,1.46131,0,0
2014-11-28,13:00:00,1.46129,1.46569,1.46101,1.46393,0,0
2014-11-28,14:00:00,1.46397,1.46576,1.46397,1.46526,0,0
2014-11-28,15:00:00,1.46533,1.4681,1.46453,1.46734,0,0
2014-11-28,16:00:00,1.46736,1.46851,1.46535,1.46593,0,0
2014-11-28,17:00:00,1.46596,1.46672,1.46071,1.4609,0,0
2014-11-28,18:00:00,1.46058,1.46156,1.45684,1.45962,0,0
2014-11-28,19:00:00,1.45962,1.46177,1.45916,1.46176,0,0
2014-11-28,20:00:00,1.46172,1.46333,1.46109,1.46298,0,0
2014-11-28,21:00:00,1.46297,1.46396,1.46259,1.46333,0,0
2014-11-28,22:00:00,1.46333,1.46377,1.46147,1.46147,0,0
2014-11-28,23:00:00,1.46171,1.46216,1.46171,1.46208,0,0
2014-12-01,01:00:00,1.4685,1.47569,1.46774,1.47375,0,0
2014-12-01,02:00:00,1.47361,1.4744,1.47065,1.47312,0,0
2014-12-01,03:00:00,1.47281,1.47797,1.47207,1.47535,0,0
2014-12-01,04:00:00,1.47529,1.47556,1.47224,1.47258,0,0
2014-12-01,05:00:00,1.47262,1.47588,1.47262,1.47451,0,0
2014-12-01,06:00:00,1.47455,1.47462,1.47287,1.47354,0,0
2014-12-01,07:00:00,1.47364,1.47596,1.47253,1.47531,0,0
2014-12-01,08:00:00,1.4754,1.47681,1.4746,1.47516,0,0
2014-12-01,09:00:00,1.47495,1.47651,1.47134,1.47153,0,0
2014-12-01,10:00:00,1.47146,1.47314,1.46793,1.47001,0,0
2014-12-01,11:00:00,1.47001,1.47299,1.46884,1.46939,0,0
2014-12-01,12:00:00,1.46962,1.47056,1.46784,1.46882,0,0
2014-12-01,13:00:00,1.46882,1.47043,1.46868,1.46908,0,0
2014-12-01,14:00:00,1.46919,1.46946,1.46792,1.46839,0,0
2014-12-01,15:00:00,1.46845,1.46877,1.46666,1.46778,0,0
2014-12-01,16:00:00,1.46778,1.46781,1.46569,1.46724,0,0
2014-12-01,17:00:00,1.46685,1.47161,1.46681,1.46922,0,0
2014-12-01,18:00:00,1.46921,1.47039,1.4657,1.46595,0,0
2014-12-01,19:00:00,1.46598,1.46711,1.46472,1.46598,0,0
2014-12-01,20:00:00,1.46609,1.46667,1.46551,1.46568,0,0
2014-12-01,21:00:00,1.46566,1.46638,1.4653,1.46618,0,0
2014-12-01,22:00:00,1.46635,1.4673,1.46627,1.46697,0,0
2014-12-01,23:00:00,1.467,1.46941,1.46666,1.46875,0,0
2014-12-01,23:59:00,1.46854,1.46932,1.46788,1.46867,0,0
2014-12-02,01:00:00,1.46868,1.47148,1.4679,1.47084,0,0
2014-12-02,02:00:00,1.47084,1.47117,1.46735,1.47028,0,0
2014-12-02,03:00:00,1.4703,1.47087,1.46876,1.46984,0,0
2014-12-02,04:00:00,1.46984,1.47003,1.46863,1.46952,0,0
2014-12-02,05:00:00,1.46952,1.4717,1.46408,1.46479,0,0
2014-12-02,06:00:00,1.46484,1.46666,1.46258,1.46616,0,0
2014-12-02,07:00:00,1.46616,1.46649,1.46374,1.46374,0,0
2014-12-02,08:00:00,1.46386,1.46386,1.45941,1.46216,0,0
2014-12-02,09:00:00,1.46212,1.46433,1.46195,1.46414,0,0
2014-12-02,10:00:00,1.46414,1.46648,1.46332,1.4648,0,0
2014-12-02,11:00:00,1.46478,1.46781,1.46475,1.46689,0,0
2014-12-02,12:00:00,1.46693,1.47152,1.46682,1.47019,0,0
2014-12-02,13:00:00,1.47025,1.47367,1.47011,1.47275,0,0
2014-12-02,14:00:00,1.47265,1.47319,1.47198,1.47277,0,0
2014-12-02,15:00:00,1.47266,1.47302,1.4688,1.46922,0,0
2014-12-02,16:00:00,1.46907,1.47088,1.46847,1.46967,0,0
2014-12-02,17:00:00,1.4697,1.47029,1.46582,1.46644,0,0
2014-12-02,18:00:00,1.46648,1.46735,1.46525,1.46544,0,0
2014-12-02,19:00:00,1.46541,1.46741,1.46536,1.4667,0,0
2014-12-02,20:00:00,1.46673,1.46741,1.46594,1.46634,0,0
2014-12-02,21:00:00,1.4663,1.4667,1.46517,1.46589,0,0
2014-12-02,22:00:00,1.46574,1.46636,1.46547,1.46591,0,0
2014-12-02,23:00:00,1.46588,1.46674,1.46549,1.46653,0,0
2014-12-02,23:59:00,1.46642,1.46642,1.46441,1.46628,0,0
2014-12-03,01:00:00,1.46634,1.4664,1.464,1.46464,0,0
2014-12-03,02:00:00,1.46471,1.4757,1.46342,1.47441,0,0
2014-12-03,03:00:00,1.47435,1.47505,1.47204,1.4726,0,0
2014-12-03,04:00:00,1.47255,1.47485,1.47144,1.4748,0,0
2014-12-03,05:00:00,1.47481,1.47656,1.47456,1.47566,0,0
2014-12-03,06:00:00,1.47566,1.47589,1.4722,1.47331,0,0
2014-12-03,07:00:00,1.47331,1.4755,1.47234,1.47475,0,0
2014-12-03,08:00:00,1.47333,1.47475,1.47192,1.472,0,0
2014-12-03,09:00:00,1.47213,1.47332,1.47101,1.47188,0,0
2014-12-03,10:00:00,1.47186,1.47265,1.46639,1.46679,0,0
2014-12-03,11:00:00,1.4667,1.46798,1.46536,1.46562,0,0
2014-12-03,12:00:00,1.46568,1.46728,1.46362,1.46428,0,0
2014-12-03,13:00:00,1.46411,1.46584,1.46355,1.46355,0,0
2014-12-03,14:00:00,1.46365,1.46406,1.46223,1.46309,0,0
2014-12-03,15:00:00,1.46313,1.4648,1.46102,1.46352,0,0
2014-12-03,16:00:00,1.46359,1.46389,1.46119,1.46378,0,0
2014-12-03,17:00:00,1.46368,1.46457,1.46142,1.46272,0,0
2014-12-03,18:00:00,1.46266,1.46294,1.46087,1.46231,0,0
2014-12-03,19:00:00,1.46229,1.46368,1.46118,1.46225,0,0
2014-12-03,20:00:00,1.46229,1.4647,1.4619,1.46452,0,0
2014-12-03,21:00:00,1.46454,1.46529,1.46331,1.46527,0,0
2014-12-03,22:00:00,1.46529,1.466,1.46466,1.46489,0,0
2014-12-03,23:00:00,1.46493,1.4653,1.46417,1.46481,0,0
2014-12-03,23:59:00,1.46482,1.46791,1.46407,1.46775,0,0
2014-12-04,01:00:00,1.46751,1.46751,1.46629,1.46662,0,0
2014-12-04,02:00:00,1.46662,1.46742,1.46156,1.46383,0,0
2014-12-04,03:00:00,1.46377,1.46606,1.46356,1.46584,0,0
2014-12-04,04:00:00,1.46569,1.46876,1.46569,1.46799,0,0
2014-12-04,05:00:00,1.4681,1.46899,1.46685,1.46694,0,0
2014-12-04,06:00:00,1.46704,1.46845,1.4652,1.46557,0,0
2014-12-04,07:00:00,1.46557,1.46903,1.46444,1.46875,0,0
2014-12-04,08:00:00,1.46874,1.472,1.46785,1.47029,0,0
2014-12-04,09:00:00,1.47029,1.47189,1.46801,1.46903,0,0
2014-12-04,10:00:00,1.469,1.47274,1.46884,1.47252,0,0
2014-12-04,11:00:00,1.47244,1.47391,1.47085,1.47188,0,0
2014-12-04,12:00:00,1.47195,1.47221,1.4706,1.47083,0,0
2014-12-04,13:00:00,1.47073,1.47164,1.46928,1.4702,0,0
2014-12-04,14:00:00,1.4702,1.47039,1.46821,1.46876,0,0
2014-12-04,15:00:00,1.46861,1.4785,1.46629,1.4779,0,0
2014-12-04,16:00:00,1.4778,1.48041,1.47594,1.47983,0,0
2014-12-04,17:00:00,1.48009,1.48173,1.47824,1.48078,0,0
2014-12-04,18:00:00,1.48094,1.48328,1.47814,1.47926,0,0
2014-12-04,19:00:00,1.47929,1.47929,1.47298,1.47482,0,0
2014-12-04,20:00:00,1.47488,1.47611,1.47463,1.47529,0,0
2014-12-04,21:00:00,1.47516,1.47604,1.47488,1.47572,0,0
2014-12-04,22:00:00,1.47576,1.47746,1.47575,1.4767,0,0
2014-12-04,23:00:00,1.4767,1.4778,1.47621,1.47677,0,0
2014-12-04,23:59:00,1.47663,1.47793,1.47636,1.47717,0,0
2014-12-05,01:00:00,1.47713,1.47768,1.47624,1.47675,0,0
2014-12-05,02:00:00,1.47695,1.47803,1.47651,1.47667,0,0
2014-12-05,03:00:00,1.47674,1.47728,1.47536,1.47705,0,0
2014-12-05,04:00:00,1.47701,1.47708,1.47587,1.47664,0,0
2014-12-05,05:00:00,1.47672,1.47737,1.47633,1.47692,0,0
2014-12-05,06:00:00,1.47692,1.47916,1.47686,1.4786,0,0
2014-12-05,07:00:00,1.47862,1.47904,1.47771,1.47783,0,0
2014-12-05,08:00:00,1.47783,1.47826,1.4772,1.47783,0,0
2014-12-05,09:00:00,1.47764,1.47901,1.47602,1.47873,0,0
2014-12-05,10:00:00,1.47866,1.47878,1.47628,1.47726,0,0
2014-12-05,11:00:00,1.47712,1.4785,1.47664,1.4774,0,0
2014-12-05,12:00:00,1.47744,1.4779,1.47578,1.47637,0,0
2014-12-05,13:00:00,1.47628,1.47737,1.47609,1.47688,0,0
2014-12-05,14:00:00,1.47664,1.47797,1.47569,1.47693,0,0
2014-12-05,15:00:00,1.47701,1.47877,1.475,1.47708,0,0
2014-12-05,16:00:00,1.47698,1.47757,1.47447,1.47555,0,0
2014-12-05,17:00:00,1.47551,1.47644,1.47453,1.47599,0,0
2014-12-05,18:00:00,1.4762,1.47817,1.4749,1.47743,0,0
2014-12-05,19:00:00,1.47728,1.47825,1.47708,1.47762,0,0
2014-12-05,20:00:00,1.47759,1.47786,1.47624,1.47677,0,0
2014-12-05,21:00:00,1.47677,1.47708,1.47604,1.4763,0,0
2014-12-05,22:00:00,1.47636,1.47658,1.47561,1.47611,0,0
2014-12-05,23:00:00,1.47614,1.47627,1.47606,1.47608,0,0
2014-12-08,01:00:00,1.48069,1.48201,1.4798,1.48001,0,0
2014-12-08,02:00:00,1.48002,1.48104,1.47926,1.47973,0,0
2014-12-08,03:00:00,1.47957,1.47971,1.47746,1.47792,0,0
2014-12-08,04:00:00,1.47768,1.48199,1.47749,1.48034,0,0
2014-12-08,05:00:00,1.48029,1.48316,1.47969,1.4827,0,0
2014-12-08,06:00:00,1.48267,1.48488,1.48198,1.48473,0,0
2014-12-08,07:00:00,1.48455,1.48487,1.48318,1.48338,0,0
2014-12-08,08:00:00,1.48351,1.4855,1.48214,1.48432,0,0
2014-12-08,09:00:00,1.4845,1.48608,1.48344,1.48397,0,0
2014-12-08,10:00:00,1.48401,1.48467,1.4812,1.48251,0,0
2014-12-08,11:00:00,1.48243,1.48246,1.478,1.47896,0,0
2014-12-08,12:00:00,1.47906,1.4795,1.47623,1.47625,0,0
2014-12-08,13:00:00,1.47621,1.47786,1.47527,1.47767,0,0
2014-12-08,14:00:00,1.47756,1.47872,1.47656,1.47781,0,0
2014-12-08,15:00:00,1.47779,1.47924,1.47738,1.47797,0,0
2014-12-08,16:00:00,1.47799,1.48042,1.47701,1.48017,0,0
2014-12-08,17:00:00,1.48017,1.48144,1.47856,1.47876,0,0
2014-12-08,18:00:00,1.47888,1.4824,1.47843,1.48181,0,0
2014-12-08,19:00:00,1.48186,1.48541,1.4818,1.48534,0,0
2014-12-08,20:00:00,1.48539,1.48625,1.48445,1.48493,0,0
2014-12-08,21:00:00,1.48492,1.48604,1.48374,1.48552,0,0
2014-12-08,22:00:00,1.48559,1.48576,1.48465,1.48495,0,0
2014-12-08,23:00:00,1.48526,1.48558,1.4843,1.48529,0,0
2014-12-08,23:59:00,1.48536,1.48547,1.48368,1.48441,0,0
2014-12-09,01:00:00,1.48432,1.48462,1.48375,1.48398,0,0
2014-12-09,02:00:00,1.48396,1.49079,1.48396,1.48855,0,0
2014-12-09,03:00:00,1.48857,1.49251,1.48814,1.4907,0,0
2014-12-09,04:00:00,1.49071,1.49271,1.49045,1.4927,0,0
2014-12-09,05:00:00,1.49273,1.49514,1.49231,1.49309,0,0
2014-12-09,06:00:00,1.49302,1.49522,1.49248,1.49407,0,0
2014-12-09,07:00:00,1.4941,1.49705,1.49351,1.49559,0,0
2014-12-09,08:00:00,1.49555,1.49723,1.49443,1.49568,0,0
2014-12-09,09:00:00,1.49555,1.49754,1.49475,1.49485,0,0
2014-12-09,10:00:00,1.4949,1.49544,1.49299,1.49354,0,0
2014-12-09,11:00:00,1.49345,1.49351,1.49005,1.49102,0,0
2014-12-09,12:00:00,1.491,1.4912,1.48915,1.49016,0,0
2014-12-09,13:00:00,1.49018,1.49252,1.49017,1.49168,0,0
2014-12-09,14:00:00,1.49167,1.49195,1.48996,1.49107,0,0
2014-12-09,15:00:00,1.49102,1.49258,1.48973,1.49214,0,0
2014-12-09,16:00:00,1.49219,1.49406,1.49084,1.49133,0,0
2014-12-09,17:00:00,1.49135,1.49198,1.48679,1.48781,0,0
2014-12-09,18:00:00,1.48774,1.48926,1.48701,1.48877,0,0
2014-12-09,19:00:00,1.48891,1.49051,1.48849,1.49015,0,0
2014-12-09,20:00:00,1.49045,1.49085,1.48949,1.49057,0,0
2014-12-09,21:00:00,1.49052,1.49069,1.48943,1.49063,0,0
2014-12-09,22:00:00,1.49062,1.49192,1.49028,1.49122,0,0
2014-12-09,23:00:00,1.49118,1.49305,1.49089,1.49223,0,0
2014-12-09,23:59:00,1.49238,1.49318,1.49195,1.49313,0,0
2014-12-10,01:00:00,1.49324,1.49424,1.49162,1.49312,0,0
2014-12-10,02:00:00,1.49313,1.49431,1.49173,1.49276,0,0
2014-12-10,03:00:00,1.49279,1.49618,1.49253,1.49541,0,0
2014-12-10,04:00:00,1.49529,1.49585,1.49355,1.49414,0,0
2014-12-10,05:00:00,1.49408,1.49459,1.49214,1.49284,0,0
2014-12-10,06:00:00,1.49284,1.49327,1.48912,1.48975,0,0
2014-12-10,07:00:00,1.48975,1.491,1.48697,1.48861,0,0
2014-12-10,08:00:00,1.48859,1.48985,1.48737,1.48864,0,0
2014-12-10,09:00:00,1.48878,1.4901,1.48854,1.48898,0,0
2014-12-10,10:00:00,1.48906,1.48971,1.48697,1.48942,0,0
2014-12-10,11:00:00,1.48945,1.4907,1.4884,1.48942,0,0
2014-12-10,12:00:00,1.48939,1.48954,1.4865,1.48655,0,0
2014-12-10,13:00:00,1.4867,1.48697,1.48457,1.48612,0,0
2014-12-10,14:00:00,1.48615,1.48615,1.48457,1.48476,0,0
2014-12-10,15:00:00,1.48476,1.48866,1.4841,1.48864,0,0
2014-12-10,16:00:00,1.48867,1.49221,1.48862,1.49216,0,0
2014-12-10,17:00:00,1.49216,1.49653,1.49136,1.49486,0,0
2014-12-10,18:00:00,1.49485,1.49639,1.49337,1.49634,0,0
2014-12-10,19:00:00,1.49624,1.49904,1.4962,1.49762,0,0
2014-12-10,20:00:00,1.49769,1.50024,1.49769,1.49972,0,0
2014-12-10,21:00:00,1.49974,1.5009,1.49899,1.50044,0,0
2014-12-10,22:00:00,1.50039,1.50185,1.49349,1.49505,0,0
2014-12-10,23:00:00,1.4951,1.49671,1.4947,1.4965,0,0
2014-12-10,23:59:00,1.49675,1.49741,1.49476,1.49654,0,0
2014-12-11,01:00:00,1.4965,1.49845,1.49402,1.49797,0,0
2014-12-11,02:00:00,1.49798,1.49904,1.49122,1.49215,0,0
2014-12-11,03:00:00,1.49206,1.49455,1.49157,1.493,0,0
2014-12-11,04:00:00,1.49284,1.49435,1.49177,1.49403,0,0
2014-12-11,05:00:00,1.49393,1.4955,1.4938,1.49458,0,0
2014-12-11,06:00:00,1.49467,1.49604,1.49385,1.49577,0,0
2014-12-11,07:00:00,1.49579,1.49595,1.494,1.49403,0,0
2014-12-11,08:00:00,1.49403,1.49569,1.49365,1.49419,0,0
2014-12-11,09:00:00,1.4942,1.49866,1.49387,1.49848,0,0
2014-12-11,10:00:00,1.49844,1.49997,1.49703,1.49881,0,0
2014-12-11,11:00:00,1.49854,1.50789,1.49769,1.50507,0,0
2014-12-11,12:00:00,1.5051,1.50683,1.50225,1.50417,0,0
2014-12-11,13:00:00,1.50385,1.50507,1.50221,1.50371,0,0
2014-12-11,14:00:00,1.5038,1.5053,1.50235,1.50235,0,0
2014-12-11,15:00:00,1.50238,1.51245,1.50093,1.50193,0,0
2014-12-11,16:00:00,1.50156,1.50177,1.49769,1.49842,0,0
2014-12-11,17:00:00,1.49843,1.50066,1.49559,1.50066,0,0
2014-12-11,18:00:00,1.50028,1.50279,1.50012,1.50036,0,0
2014-12-11,19:00:00,1.50031,1.50107,1.49735,1.49794,0,0
2014-12-11,20:00:00,1.49794,1.49948,1.49751,1.49881,0,0
2014-12-11,21:00:00,1.49883,1.50138,1.49839,1.50063,0,0
2014-12-11,22:00:00,1.50046,1.50053,1.49918,1.4998,0,0
2014-12-11,23:00:00,1.49978,1.50072,1.49914,1.50072,0,0
2014-12-11,23:59:00,1.50099,1.50153,1.4994,1.50116,0,0
2014-12-12,01:00:00,1.50117,1.5033,1.50005,1.50317,0,0
2014-12-12,02:00:00,1.50321,1.50344,1.49975,1.50266,0,0
2014-12-12,03:00:00,1.5025,1.50427,1.5012,1.50343,0,0
2014-12-12,04:00:00,1.50347,1.50347,1.50045,1.50074,0,0
2014-12-12,05:00:00,1.50074,1.50136,1.49952,1.49976,0,0
2014-12-12,06:00:00,1.49985,1.50011,1.49759,1.4984,0,0
2014-12-12,07:00:00,1.49859,1.499,1.49718,1.49813,0,0
2014-12-12,08:00:00,1.49809,1.4996,1.49773,1.49792,0,0
2014-12-12,09:00:00,1.49797,1.49996,1.49702,1.49934,0,0
2014-12-12,10:00:00,1.49939,1.50055,1.4987,1.4998,0,0
2014-12-12,11:00:00,1.50007,1.50224,1.49935,1.50191,0,0
2014-12-12,12:00:00,1.50201,1.5035,1.50134,1.50311,0,0
2014-12-12,13:00:00,1.50315,1.50599,1.50211,1.50587,0,0
2014-12-12,14:00:00,1.50587,1.50714,1.50318,1.50477,0,0
2014-12-12,15:00:00,1.50477,1.50889,1.50435,1.50875,0,0
2014-12-12,16:00:00,1.50873,1.5117,1.5083,1.50892,0,0
2014-12-12,17:00:00,1.50882,1.51478,1.50868,1.51128,0,0
2014-12-12,18:00:00,1.51124,1.51132,1.50639,1.51027,0,0
2014-12-12,19:00:00,1.51017,1.51073,1.50803,1.50917,0,0
2014-12-12,20:00:00,1.50914,1.5097,1.50832,1.50839,0,0
2014-12-12,21:00:00,1.50837,1.51035,1.50837,1.50972,0,0
2014-12-12,22:00:00,1.5096,1.5107,1.50901,1.50914,0,0
2014-12-12,23:00:00,1.5092,1.50921,1.50901,1.5092,0,0
2014-12-15,01:00:00,1.51206,1.51924,1.51119,1.51843,0,0
2014-12-15,02:00:00,1.51843,1.51843,1.5152,1.51715,0,0
2014-12-15,03:00:00,1.51725,1.51793,1.51481,1.51516,0,0
2014-12-15,04:00:00,1.51514,1.51624,1.51362,1.51624,0,0
2014-12-15,05:00:00,1.51605,1.51679,1.51242,1.51242,0,0
2014-12-15,06:00:00,1.5124,1.51361,1.50933,1.51073,0,0
2014-12-15,07:00:00,1.51049,1.51098,1.50846,1.50862,0,0
2014-12-15,08:00:00,1.50859,1.51028,1.50827,1.50892,0,0
2014-12-15,09:00:00,1.50894,1.51277,1.50885,1.51131,0,0
2014-12-15,10:00:00,1.51127,1.51127,1.5069,1.50797,0,0
2014-12-15,11:00:00,1.50799,1.50892,1.50298,1.50327,0,0
2014-12-15,12:00:00,1.50322,1.50687,1.50316,1.50664,0,0
2014-12-15,13:00:00,1.50662,1.51182,1.50589,1.51077,0,0
2014-12-15,14:00:00,1.51071,1.51407,1.51061,1.51314,0,0
2014-12-15,15:00:00,1.51319,1.51429,1.51226,1.51294,0,0
2014-12-15,16:00:00,1.51296,1.51626,1.51278,1.51566,0,0
2014-12-15,17:00:00,1.51562,1.51602,1.51192,1.51324,0,0
2014-12-15,18:00:00,1.51311,1.51771,1.51169,1.51508,0,0
2014-12-15,19:00:00,1.51507,1.51592,1.51382,1.51457,0,0
2014-12-15,20:00:00,1.51457,1.51511,1.51311,1.51372,0,0
2014-12-15,21:00:00,1.51372,1.5146,1.51246,1.51285,0,0
2014-12-15,22:00:00,1.51275,1.51495,1.51248,1.51495,0,0
2014-12-15,23:00:00,1.51481,1.51499,1.5134,1.51497,0,0
2014-12-15,23:59:00,1.51446,1.51608,1.51374,1.51595,0,0
2014-12-16,01:00:00,1.5159,1.51597,1.51475,1.51491,0,0
2014-12-16,02:00:00,1.51487,1.51595,1.51318,1.51318,0,0
2014-12-16,03:00:00,1.51331,1.51678,1.51215,1.51338,0,0
2014-12-16,04:00:00,1.51331,1.51427,1.51273,1.51391,0,0
2014-12-16,05:00:00,1.51394,1.51522,1.51272,1.51276,0,0
2014-12-16,06:00:00,1.51304,1.5154,1.51275,1.5148,0,0
2014-12-16,07:00:00,1.51478,1.5153,1.5136,1.51444,0,0
2014-12-16,08:00:00,1.5143,1.51432,1.51233,1.51233,0,0
2014-12-16,09:00:00,1.51238,1.51436,1.51058,1.513,0,0
2014-12-16,10:00:00,1.51292,1.51751,1.51227,1.51312,0,0
2014-12-16,11:00:00,1.51342,1.51712,1.5132,1.51643,0,0
2014-12-16,12:00:00,1.51649,1.51756,1.5115,1.51466,0,0
2014-12-16,13:00:00,1.51473,1.52237,1.51428,1.52207,0,0
2014-12-16,14:00:00,1.52204,1.52364,1.51779,1.52084,0,0
2014-12-16,15:00:00,1.52084,1.52182,1.51859,1.52091,0,0
2014-12-16,16:00:00,1.52087,1.52301,1.52013,1.52274,0,0
2014-12-16,17:00:00,1.52282,1.52456,1.52108,1.52276,0,0
2014-12-16,18:00:00,1.52275,1.5243,1.51913,1.5214,0,0
2014-12-16,19:00:00,1.52135,1.5229,1.52033,1.52258,0,0
2014-12-16,20:00:00,1.52248,1.52374,1.52077,1.52151,0,0
2014-12-16,21:00:00,1.52148,1.52184,1.51984,1.52078,0,0
2014-12-16,22:00:00,1.521,1.52299,1.52086,1.5229,0,0
2014-12-16,23:00:00,1.52281,1.52352,1.52139,1.52247,0,0
2014-12-16,23:59:00,1.52251,1.52297,1.52179,1.52262,0,0
2014-12-17,01:00:00,1.52255,1.52275,1.52151,1.5216,0,0
2014-12-17,02:00:00,1.52162,1.5223,1.52084,1.52097,0,0
2014-12-17,03:00:00,1.52088,1.52297,1.51941,1.52232,0,0
2014-12-17,04:00:00,1.52238,1.52937,1.52229,1.52781,0,0
2014-12-17,05:00:00,1.52787,1.53166,1.52787,1.5314,0,0
2014-12-17,06:00:00,1.53144,1.53346,1.53126,1.53126,0,0
2014-12-17,07:00:00,1.53109,1.53347,1.53075,1.53244,0,0
2014-12-17,08:00:00,1.53244,1.53273,1.53053,1.53221,0,0
2014-12-17,09:00:00,1.53226,1.53288,1.52802,1.52802,0,0
2014-12-17,10:00:00,1.5282,1.52897,1.52415,1.52488,0,0
2014-12-17,11:00:00,1.52496,1.52585,1.52315,1.52431,0,0
2014-12-17,12:00:00,1.52417,1.52426,1.52206,1.52343,0,0
2014-12-17,13:00:00,1.52348,1.52394,1.52152,1.52203,0,0
2014-12-17,14:00:00,1.52205,1.52362,1.52121,1.52182,0,0
2014-12-17,15:00:00,1.52179,1.52265,1.51954,1.52151,0,0
2014-12-17,16:00:00,1.52138,1.52384,1.52014,1.52141,0,0
2014-12-17,17:00:00,1.52143,1.52163,1.51587,1.518,0,0
2014-12-17,18:00:00,1.51785,1.52052,1.51741,1.51869,0,0
2014-12-17,19:00:00,1.51894,1.52026,1.51692,1.51745,0,0
2014-12-17,20:00:00,1.51769,1.5191,1.51593,1.51624,0,0
2014-12-17,21:00:00,1.51598,1.52146,1.51288,1.52035,0,0
2014-12-17,22:00:00,1.5202,1.52123,1.51695,1.51952,0,0
2014-12-17,23:00:00,1.52008,1.52106,1.51735,1.51957,0,0
2014-12-17,23:59:00,1.5195,1.51973,1.51635,1.5166,0,0
2014-12-18,01:00:00,1.51663,1.51968,1.51663,1.51839,0,0
2014-12-18,02:00:00,1.51847,1.51926,1.51725,1.51912,0,0
2014-12-18,03:00:00,1.51915,1.52021,1.51734,1.51812,0,0
2014-12-18,04:00:00,1.51804,1.51821,1.51456,1.51677,0,0
2014-12-18,05:00:00,1.51681,1.51705,1.51324,1.51637,0,0
2014-12-18,06:00:00,1.51635,1.51788,1.51581,1.51672,0,0
2014-12-18,07:00:00,1.51671,1.51872,1.51671,1.51756,0,0
2014-12-18,08:00:00,1.51761,1.51887,1.51578,1.51597,0,0
2014-12-18,09:00:00,1.51575,1.51633,1.50406,1.50849,0,0
2014-12-18,10:00:00,1.50835,1.5108,1.50402,1.50505,0,0
2014-12-18,11:00:00,1.505,1.50605,1.50263,1.50501,0,0
2014-12-18,12:00:00,1.50507,1.50678,1.50362,1.50678,0,0
2014-12-18,13:00:00,1.50699,1.50727,1.50297,1.50495,0,0
2014-12-18,14:00:00,1.50469,1.50478,1.50135,1.50234,0,0
2014-12-18,15:00:00,1.50234,1.50243,1.49811,1.49998,0,0
2014-12-18,16:00:00,1.49992,1.50237,1.49902,1.50069,0,0
2014-12-18,17:00:00,1.50058,1.50559,1.49986,1.50537,0,0
2014-12-18,18:00:00,1.50518,1.50565,1.50373,1.50479,0,0
2014-12-18,19:00:00,1.50495,1.50692,1.5043,1.50664,0,0
2014-12-18,20:00:00,1.50668,1.5076,1.5059,1.50595,0,0
2014-12-18,21:00:00,1.50605,1.50671,1.50555,1.50609,0,0
2014-12-18,22:00:00,1.5059,1.50642,1.50372,1.50378,0,0
2014-12-18,23:00:00,1.50381,1.50616,1.5038,1.50479,0,0
2014-12-18,23:59:00,1.50494,1.50611,1.50257,1.50358,0,0
2014-12-19,01:00:00,1.50361,1.50543,1.50312,1.50457,0,0
2014-12-19,02:00:00,1.50448,1.50579,1.50302,1.50506,0,0
2014-12-19,03:00:00,1.50511,1.50544,1.5008,1.50099,0,0
2014-12-19,04:00:00,1.50099,1.50387,1.50057,1.50343,0,0
2014-12-19,05:00:00,1.50343,1.50386,1.50126,1.50187,0,0
2014-12-19,06:00:00,1.50187,1.50217,1.5002,1.50042,0,0
2014-12-19,07:00:00,1.50048,1.50095,1.49941,1.5002,0,0
2014-12-19,08:00:00,1.50016,1.50339,1.49945,1.50327,0,0
2014-12-19,09:00:00,1.50331,1.50554,1.50327,1.50527,0,0
2014-12-19,10:00:00,1.5053,1.50648,1.50311,1.50611,0,0
2014-12-19,11:00:00,1.50609,1.50762,1.50503,1.50539,0,0
2014-12-19,12:00:00,1.50522,1.50618,1.50253,1.50299,0,0
2014-12-19,13:00:00,1.50297,1.50297,1.50028,1.50028,0,0
2014-12-19,14:00:00,1.5003,1.50344,1.49968,1.50296,0,0
2014-12-19,15:00:00,1.50287,1.50341,1.5013,1.50291,0,0
2014-12-19,16:00:00,1.50291,1.50657,1.502,1.50542,0,0
2014-12-19,17:00:00,1.50539,1.50605,1.50364,1.50492,0,0
2014-12-19,18:00:00,1.50509,1.50667,1.50354,1.50512,0,0
2014-12-19,19:00:00,1.50509,1.50622,1.50438,1.50604,0,0
2014-12-19,20:00:00,1.50604,1.5063,1.50292,1.504,0,0
2014-12-19,21:00:00,1.50402,1.50461,1.50086,1.50155,0,0
2014-12-19,22:00:00,1.50148,1.50219,1.50051,1.50197,0,0
2014-12-19,23:00:00,1.50193,1.50206,1.50189,1.50189,0,0
2014-12-22,01:00:00,1.50196,1.50196,1.49973,1.50051,0,0
2014-12-22,02:00:00,1.50051,1.50154,1.50003,1.50154,0,0
2014-12-22,03:00:00,1.50154,1.50234,1.50108,1.50119,0,0
2014-12-22,04:00:00,1.5011,1.50397,1.50097,1.50349,0,0
2014-12-22,05:00:00,1.50349,1.50362,1.50207,1.50217,0,0
2014-12-22,06:00:00,1.50217,1.50222,1.50054,1.50096,0,0
2014-12-22,07:00:00,1.5008,1.50155,1.49857,1.49905,0,0
2014-12-22,08:00:00,1.49894,1.50188,1.49894,1.50139,0,0
2014-12-22,09:00:00,1.50145,1.50293,1.49925,1.50286,0,0
2014-12-22,10:00:00,1.50301,1.50592,1.50238,1.50543,0,0
2014-12-22,11:00:00,1.50543,1.50698,1.50431,1.50444,0,0
2014-12-22,12:00:00,1.50444,1.50514,1.50299,1.50394,0,0
2014-12-22,13:00:00,1.50424,1.50546,1.50332,1.50382,0,0
2014-12-22,14:00:00,1.50386,1.50558,1.5036,1.50514,0,0
2014-12-22,15:00:00,1.50533,1.50711,1.50439,1.5069,0,0
2014-12-22,16:00:00,1.5069,1.50722,1.50455,1.50607,0,0
2014-12-22,17:00:00,1.50638,1.50674,1.50463,1.50594,0,0
2014-12-22,18:00:00,1.50518,1.50652,1.50505,1.50511,0,0
2014-12-22,19:00:00,1.50511,1.50535,1.50399,1.50483,0,0
2014-12-22,20:00:00,1.50488,1.50553,1.50417,1.5043,0,0
2014-12-22,21:00:00,1.5043,1.5045,1.502,1.502,0,0
2014-12-22,22:00:00,1.502,1.50365,1.50172,1.50303,0,0
2014-12-22,23:00:00,1.5037,1.50463,1.50359,1.50374,0,0
2014-12-22,23:59:00,1.50396,1.50551,1.50347,1.50551,0,0
2014-12-23,01:00:00,1.50545,1.50638,1.50478,1.5054,0,0
2014-12-23,02:00:00,1.50562,1.50594,1.50407,1.50561,0,0
2014-12-23,03:00:00,1.50555,1.50626,1.50383,1.5041,0,0
2014-12-23,04:00:00,1.50414,1.50505,1.50368,1.505,0,0
2014-12-23,05:00:00,1.50503,1.50616,1.50485,1.50583,0,0
2014-12-23,06:00:00,1.50584,1.5073,1.50519,1.50686,0,0
2014-12-23,07:00:00,1.50681,1.51009,1.50655,1.50863,0,0
2014-12-23,08:00:00,1.50865,1.51167,1.50863,1.50941,0,0
2014-12-23,09:00:00,1.50941,1.50948,1.50631,1.5068,0,0
2014-12-23,10:00:00,1.50678,1.50823,1.50668,1.50703,0,0
2014-12-23,11:00:00,1.50703,1.50709,1.50509,1.50576,0,0
2014-12-23,12:00:00,1.50576,1.50606,1.50335,1.50399,0,0
2014-12-23,13:00:00,1.50399,1.50402,1.50158,1.50224,0,0
2014-12-23,14:00:00,1.50224,1.50281,1.5002,1.50221,0,0
2014-12-23,15:00:00,1.5019,1.50473,1.50083,1.50133,0,0
2014-12-23,16:00:00,1.50133,1.50412,1.50133,1.50274,0,0
2014-12-23,17:00:00,1.50252,1.504,1.5019,1.50315,0,0
2014-12-23,18:00:00,1.50328,1.50513,1.50229,1.50441,0,0
2014-12-23,19:00:00,1.50442,1.50459,1.50267,1.50267,0,0
2014-12-23,20:00:00,1.50273,1.50447,1.50256,1.50403,0,0
2014-12-23,21:00:00,1.50399,1.5043,1.50353,1.50382,0,0
2014-12-23,22:00:00,1.50387,1.50509,1.50347,1.5036,0,0
2014-12-23,23:00:00,1.50318,1.50329,1.50195,1.5023,0,0
2014-12-23,23:59:00,1.50232,1.50371,1.50123,1.50206,0,0
2014-12-24,01:00:00,1.50134,1.50172,1.50004,1.50154,0,0
2014-12-24,02:00:00,1.50154,1.50258,1.50087,1.50087,0,0
2014-12-24,03:00:00,1.50084,1.50246,1.50083,1.50085,0,0
2014-12-24,04:00:00,1.50087,1.5017,1.49912,1.50125,0,0
2014-12-24,05:00:00,1.50084,1.50201,1.50059,1.50082,0,0
2014-12-24,06:00:00,1.50082,1.50187,1.50059,1.5011,0,0
2014-12-24,07:00:00,1.5011,1.50131,1.49948,1.49948,0,0
2014-12-24,08:00:00,1.50024,1.50195,1.50002,1.50155,0,0
2014-12-24,09:00:00,1.50159,1.50216,1.50113,1.5014,0,0
2014-12-24,10:00:00,1.5014,1.50377,1.50136,1.50371,0,0
2014-12-24,11:00:00,1.5039,1.50485,1.50342,1.50433,0,0
2014-12-24,12:00:00,1.50421,1.50464,1.5033,1.5033,0,0
2014-12-24,13:00:00,1.5033,1.5047,1.50268,1.50393,0,0
2014-12-24,14:00:00,1.50402,1.50471,1.50345,1.50426,0,0
2014-12-24,15:00:00,1.50415,1.5062,1.50392,1.50408,0,0
2014-12-24,16:00:00,1.50417,1.50442,1.50266,1.50268,0,0
2014-12-24,17:00:00,1.50294,1.50374,1.50204,1.50374,0,0
2014-12-24,18:00:00,1.50374,1.50391,1.50244,1.50308,0,0
2014-12-24,19:00:00,1.50311,1.50402,1.50301,1.50332,0,0
2014-12-24,20:00:00,1.50325,1.50442,1.50267,1.50394,0,0
2014-12-24,21:00:00,1.50394,1.50405,1.50296,1.50374,0,0
2014-12-24,22:00:00,1.50347,1.5053,1.50318,1.50516,0,0
2014-12-24,23:00:00,1.50516,1.50534,1.50425,1.5047,0,0
2014-12-24,23:59:00,1.50325,1.50538,1.50325,1.50433,0,0
2014-12-26,01:00:00,1.50593,1.5072,1.50476,1.50568,0,0
2014-12-26,02:00:00,1.50568,1.50611,1.50399,1.50464,0,0
2014-12-26,03:00:00,1.50451,1.50511,1.50282,1.50492,0,0
2014-12-26,04:00:00,1.50458,1.50475,1.50357,1.50385,0,0
2014-12-26,05:00:00,1.50384,1.50437,1.50366,1.50426,0,0
2014-12-26,06:00:00,1.50419,1.50469,1.50319,1.50348,0,0
2014-12-26,07:00:00,1.50337,1.50371,1.50305,1.50311,0,0
2014-12-26,08:00:00,1.50311,1.50393,1.5024,1.50255,0,0
2014-12-26,09:00:00,1.50255,1.50301,1.5022,1.50269,0,0
2014-12-26,10:00:00,1.50265,1.5027,1.50047,1.50083,0,0
2014-12-26,11:00:00,1.50079,1.50118,1.50029,1.50089,0,0
2014-12-26,12:00:00,1.50085,1.50113,1.50007,1.50009,0,0
2014-12-26,13:00:00,1.49996,1.50035,1.49892,1.4995,0,0
2014-12-26,14:00:00,1.4995,1.4998,1.49876,1.4994,0,0
2014-12-26,15:00:00,1.49958,1.50008,1.49742,1.49816,0,0
2014-12-26,16:00:00,1.49817,1.49894,1.49795,1.49875,0,0
2014-12-26,17:00:00,1.49875,1.50117,1.49836,1.50045,0,0
2014-12-26,18:00:00,1.50045,1.50107,1.49971,1.50106,0,0
2014-12-26,19:00:00,1.50103,1.50114,1.49962,1.5003,0,0
2014-12-26,20:00:00,1.50131,1.50164,1.50037,1.50127,0,0
2014-12-26,21:00:00,1.50138,1.50138,1.50012,1.50036,0,0
2014-12-26,22:00:00,1.50041,1.50104,1.49954,1.49974,0,0
2014-12-26,23:00:00,1.49974,1.49974,1.49974,1.49974,0,0
2014-12-29,01:00:00,1.50029,1.50079,1.49951,1.49992,0,0
2014-12-29,02:00:00,1.49998,1.50118,1.49986,1.50052,0,0
2014-12-29,03:00:00,1.50043,1.50177,1.49971,1.49984,0,0
2014-12-29,04:00:00,1.49998,1.50082,1.49884,1.49918,0,0
2014-12-29,05:00:00,1.49906,1.49959,1.49833,1.49915,0,0
2014-12-29,06:00:00,1.49915,1.49945,1.49829,1.49899,0,0
2014-12-29,07:00:00,1.49899,1.49926,1.49743,1.49915,0,0
2014-12-29,08:00:00,1.49921,1.49928,1.49814,1.49817,0,0
2014-12-29,09:00:00,1.49798,1.49851,1.49634,1.49723,0,0
2014-12-29,10:00:00,1.49723,1.49798,1.4953,1.49565,0,0
2014-12-29,11:00:00,1.49563,1.49922,1.49505,1.49592,0,0
2014-12-29,12:00:00,1.49642,1.49705,1.49479,1.49522,0,0
2014-12-29,13:00:00,1.49534,1.49627,1.49487,1.49542,0,0
2014-12-29,14:00:00,1.49549,1.4971,1.49533,1.49684,0,0
2014-12-29,15:00:00,1.49675,1.49886,1.49616,1.49886,0,0
2014-12-29,16:00:00,1.49881,1.49904,1.49741,1.4975,0,0
2014-12-29,17:00:00,1.49773,1.49795,1.49493,1.49493,0,0
2014-12-29,18:00:00,1.49477,1.49596,1.49447,1.49493,0,0
2014-12-29,19:00:00,1.49516,1.49569,1.49465,1.49465,0,0
2014-12-29,20:00:00,1.49465,1.49485,1.49237,1.49395,0,0
2014-12-29,21:00:00,1.49395,1.49572,1.49369,1.49524,0,0
2014-12-29,22:00:00,1.49524,1.49524,1.49386,1.49386,0,0
2014-12-29,23:00:00,1.49384,1.49456,1.49362,1.49426,0,0
2014-12-29,23:59:00,1.49426,1.49514,1.49378,1.49493,0,0
2014-12-30,01:00:00,1.49488,1.49488,1.49383,1.49398,0,0
2014-12-30,02:00:00,1.49398,1.49463,1.4933,1.49443,0,0
2014-12-30,03:00:00,1.49432,1.49583,1.49432,1.49529,0,0
2014-12-30,04:00:00,1.49521,1.49521,1.49292,1.49369,0,0
2014-12-30,05:00:00,1.49374,1.49396,1.49269,1.49396,0,0
2014-12-30,06:00:00,1.4939,1.49394,1.49225,1.49361,0,0
2014-12-30,07:00:00,1.49358,1.49398,1.49183,1.49222,0,0
2014-12-30,08:00:00,1.492,1.49289,1.49131,1.49252,0,0
2014-12-30,09:00:00,1.49248,1.49416,1.49111,1.49213,0,0
2014-12-30,10:00:00,1.49223,1.49309,1.49004,1.49149,0,0
2014-12-30,11:00:00,1.49138,1.492,1.488,1.48886,0,0
2014-12-30,12:00:00,1.48886,1.4896,1.48824,1.48885,0,0
2014-12-30,13:00:00,1.48879,1.49093,1.48806,1.4902,0,0
2014-12-30,14:00:00,1.49022,1.49022,1.48775,1.48775,0,0
2014-12-30,15:00:00,1.48792,1.48817,1.48661,1.48671,0,0
2014-12-30,16:00:00,1.48666,1.48729,1.48551,1.48597,0,0
2014-12-30,17:00:00,1.48612,1.48634,1.48372,1.48411,0,0
2014-12-30,18:00:00,1.48411,1.48518,1.48364,1.485,0,0
2014-12-30,19:00:00,1.485,1.48635,1.48408,1.48629,0,0
2014-12-30,20:00:00,1.48637,1.48658,1.48552,1.48606,0,0
2014-12-30,21:00:00,1.48606,1.4862,1.4851,1.48612,0,0
2014-12-30,22:00:00,1.48595,1.48606,1.48526,1.48583,0,0
2014-12-30,23:00:00,1.48592,1.48608,1.48501,1.48521,0,0
2014-12-30,23:59:00,1.48523,1.48677,1.48514,1.48617,0,0
2014-12-31,01:00:00,1.48629,1.4868,1.48556,1.48643,0,0
2014-12-31,02:00:00,1.48628,1.48698,1.48548,1.48595,0,0
2014-12-31,03:00:00,1.48588,1.4862,1.48115,1.48143,0,0
2014-12-31,04:00:00,1.48173,1.48254,1.48076,1.48183,0,0
2014-12-31,05:00:00,1.48189,1.48363,1.48189,1.48323,0,0
2014-12-31,06:00:00,1.48325,1.48327,1.48194,1.48243,0,0
2014-12-31,07:00:00,1.48271,1.48552,1.48269,1.48361,0,0
2014-12-31,08:00:00,1.48361,1.4853,1.48361,1.48528,0,0
2014-12-31,09:00:00,1.48487,1.48634,1.48436,1.4847,0,0
2014-12-31,10:00:00,1.4849,1.48494,1.48289,1.48326,0,0
2014-12-31,11:00:00,1.48361,1.48378,1.48255,1.48325,0,0
2014-12-31,12:00:00,1.48325,1.48343,1.48166,1.4826,0,0
2014-12-31,13:00:00,1.48252,1.48266,1.48096,1.48131,0,0
2014-12-31,14:00:00,1.48131,1.48271,1.48029,1.48271,0,0
2014-12-31,15:00:00,1.4828,1.48335,1.48167,1.48225,0,0
2014-12-31,16:00:00,1.48227,1.48399,1.48148,1.48396,0,0
2014-12-31,17:00:00,1.48384,1.48528,1.48135,1.48135,0,0
2014-12-31,18:00:00,1.47796,1.48094,1.47783,1.48094,0,0
2014-12-31,19:00:00,1.48094,1.4814,1.47989,1.4814,0,0
2014-12-31,20:00:00,1.48209,1.48274,1.48112,1.48254,0,0
2014-12-31,21:00:00,1.48254,1.48306,1.48163,1.48166,0,0
2014-12-31,22:00:00,1.48049,1.48255,1.48021,1.48216,0,0
2014-12-31,23:00:00,1.48214,1.48291,1.48182,1.48227,0,0
2014-12-31,23:59:00,1.48258,1.48258,1.48032,1.48186,0,0
2015-01-02,01:00:00,1.48129,1.48153,1.47697,1.47765,0,0
2015-01-02,02:00:00,1.47765,1.47839,1.47668,1.47751,0,0
2015-01-02,03:00:00,1.47743,1.48353,1.47743,1.48352,0,0
2015-01-02,04:00:00,1.48339,1.48411,1.48239,1.48288,0,0
2015-01-02,05:00:00,1.48288,1.48394,1.48214,1.48281,0,0
2015-01-02,06:00:00,1.48281,1.48324,1.48236,1.48297,0,0
2015-01-02,07:00:00,1.48297,1.48304,1.48111,1.48132,0,0
2015-01-02,08:00:00,1.48132,1.48139,1.47997,1.48054,0,0
2015-01-02,09:00:00,1.48051,1.48255,1.47873,1.48127,0,0
2015-01-02,10:00:00,1.48127,1.48241,1.47896,1.47968,0,0
2015-01-02,11:00:00,1.47968,1.48129,1.47853,1.48086,0,0
2015-01-02,12:00:00,1.48082,1.48246,1.47957,1.48196,0,0
2015-01-02,13:00:00,1.48206,1.48476,1.48185,1.4846,0,0
2015-01-02,14:00:00,1.48452,1.48528,1.48382,1.48406,0,0
2015-01-02,15:00:00,1.48402,1.48473,1.48331,1.48373,0,0
2015-01-02,16:00:00,1.48369,1.48423,1.48189,1.48189,0,0
2015-01-02,17:00:00,1.48162,1.48219,1.47945,1.48126,0,0
2015-01-02,18:00:00,1.48126,1.48126,1.47912,1.48008,0,0
2015-01-02,19:00:00,1.48011,1.48078,1.47946,1.48059,0,0
2015-01-02,20:00:00,1.48038,1.48163,1.48034,1.48141,0,0
2015-01-02,21:00:00,1.48143,1.48143,1.47969,1.47977,0,0
2015-01-02,22:00:00,1.48001,1.48331,1.4799,1.48227,0,0
2015-01-02,23:00:00,1.48227,1.48234,1.48227,1.48234,0,0
2015-01-05,01:00:00,1.47971,1.48192,1.47855,1.48095,0,0
2015-01-05,02:00:00,1.48098,1.48098,1.47709,1.4783,0,0
2015-01-05,03:00:00,1.47832,1.47997,1.47648,1.47912,0,0
2015-01-05,04:00:00,1.47905,1.48132,1.47787,1.48129,0,0
2015-01-05,05:00:00,1.4814,1.48351,1.48106,1.48166,0,0
2015-01-05,06:00:00,1.4816,1.48223,1.48054,1.48122,0,0
2015-01-05,07:00:00,1.48122,1.48436,1.48111,1.48281,0,0
2015-01-05,08:00:00,1.48289,1.48537,1.48278,1.48473,0,0
2015-01-05,09:00:00,1.48473,1.48601,1.48219,1.48531,0,0
2015-01-05,10:00:00,1.48556,1.48617,1.48031,1.48031,0,0
2015-01-05,11:00:00,1.48033,1.48078,1.4779,1.4783,0,0
2015-01-05,12:00:00,1.47833,1.4785,1.47645,1.47797,0,0
2015-01-05,13:00:00,1.47789,1.47907,1.47574,1.47683,0,0
2015-01-05,14:00:00,1.47683,1.47783,1.47479,1.47533,0,0
2015-01-05,15:00:00,1.47533,1.4765,1.47406,1.47485,0,0
2015-01-05,16:00:00,1.47502,1.47612,1.47361,1.47489,0,0
2015-01-05,17:00:00,1.47489,1.47624,1.47386,1.47407,0,0
2015-01-05,18:00:00,1.47413,1.47443,1.47147,1.47249,0,0
2015-01-05,19:00:00,1.47249,1.47421,1.47209,1.47369,0,0
2015-01-05,20:00:00,1.47377,1.47494,1.47311,1.4748,0,0
2015-01-05,21:00:00,1.4748,1.47592,1.47356,1.47528,0,0
2015-01-05,22:00:00,1.47528,1.47691,1.47503,1.47579,0,0
2015-01-05,23:00:00,1.47586,1.47624,1.4751,1.47618,0,0
2015-01-05,23:59:00,1.47618,1.47708,1.47533,1.47599,0,0
2015-01-06,01:00:00,1.47589,1.4761,1.47337,1.47422,0,0
2015-01-06,02:00:00,1.47422,1.47624,1.4703,1.4703,0,0
2015-01-06,03:00:00,1.47036,1.47268,1.47036,1.47129,0,0
2015-01-06,04:00:00,1.47122,1.47142,1.4668,1.4681,0,0
2015-01-06,05:00:00,1.4681,1.46915,1.46776,1.46808,0,0
2015-01-06,06:00:00,1.46828,1.47052,1.46794,1.47045,0,0
2015-01-06,07:00:00,1.47045,1.47045,1.46818,1.46847,0,0
2015-01-06,08:00:00,1.4685,1.46865,1.4669,1.46788,0,0
2015-01-06,09:00:00,1.46788,1.47045,1.46788,1.46966,0,0
2015-01-06,10:00:00,1.46966,1.47039,1.46711,1.46864,0,0
2015-01-06,11:00:00,1.46864,1.46864,1.46379,1.46424,0,0
2015-01-06,12:00:00,1.46474,1.46539,1.46321,1.46338,0,0
2015-01-06,13:00:00,1.4635,1.46526,1.46081,1.46338,0,0
2015-01-06,14:00:00,1.46338,1.46472,1.46193,1.46395,0,0
2015-01-06,15:00:00,1.46448,1.46562,1.46299,1.46543,0,0
2015-01-06,16:00:00,1.46553,1.46741,1.465,1.46539,0,0
2015-01-06,17:00:00,1.46539,1.46909,1.46505,1.46903,0,0
2015-01-06,18:00:00,1.46904,1.47161,1.46812,1.47058,0,0
2015-01-06,19:00:00,1.47058,1.47303,1.46985,1.47079,0,0
2015-01-06,20:00:00,1.47052,1.47138,1.46962,1.47029,0,0
2015-01-06,21:00:00,1.47029,1.47065,1.46858,1.46962,0,0
2015-01-06,22:00:00,1.46911,1.4704,1.46741,1.46969,0,0
2015-01-06,23:00:00,1.46977,1.47087,1.46923,1.47078,0,0
2015-01-06,23:59:00,1.47087,1.4714,1.465,1.47065,0,0
2015-01-07,01:00:00,1.47045,1.47099,1.46933,1.46983,0,0
2015-01-07,02:00:00,1.46983,1.47293,1.46969,1.47264,0,0
2015-01-07,03:00:00,1.47272,1.47307,1.47075,1.47096,0,0
2015-01-07,04:00:00,1.47083,1.47189,1.47042,1.47132,0,0
2015-01-07,05:00:00,1.47128,1.47162,1.46968,1.47011,0,0
2015-01-07,06:00:00,1.47096,1.47123,1.46991,1.47108,0,0
2015-01-07,07:00:00,1.47101,1.47239,1.46995,1.47169,0,0
2015-01-07,08:00:00,1.47166,1.47256,1.47117,1.47161,0,0
2015-01-07,09:00:00,1.47167,1.47328,1.47121,1.47287,0,0
2015-01-07,10:00:00,1.47287,1.47334,1.46906,1.4712,0,0
2015-01-07,11:00:00,1.4712,1.4714,1.46847,1.47028,0,0
2015-01-07,12:00:00,1.47022,1.47277,1.4687,1.46895,0,0
2015-01-07,13:00:00,1.4685,1.4685,1.46437,1.4649,0,0
2015-01-07,14:00:00,1.4649,1.46675,1.46433,1.46626,0,0
2015-01-07,15:00:00,1.46616,1.46877,1.46565,1.46856,0,0
2015-01-07,16:00:00,1.46862,1.46945,1.4671,1.46945,0,0
2015-01-07,17:00:00,1.46885,1.46979,1.46799,1.46799,0,0
2015-01-07,18:00:00,1.46806,1.46927,1.46794,1.46856,0,0
2015-01-07,19:00:00,1.46856,1.46938,1.46806,1.46911,0,0
2015-01-07,20:00:00,1.46911,1.46948,1.46815,1.46864,0,0
2015-01-07,21:00:00,1.46853,1.46972,1.46596,1.46624,0,0
2015-01-07,22:00:00,1.46634,1.46781,1.46586,1.46628,0,0
2015-01-07,23:00:00,1.46627,1.46719,1.46497,1.46567,0,0
2015-01-07,23:59:00,1.46567,1.46673,1.46468,1.46526,0,0
2015-01-08,01:00:00,1.46553,1.46653,1.46459,1.46551,0,0
2015-01-08,02:00:00,1.4647,1.46552,1.46142,1.46329,0,0
2015-01-08,03:00:00,1.4626,1.4626,1.46047,1.46113,0,0
2015-01-08,04:00:00,1.46117,1.46191,1.46038,1.46117,0,0
2015-01-08,05:00:00,1.46115,1.46163,1.4575,1.45813,0,0
2015-01-08,06:00:00,1.45813,1.45947,1.45782,1.45796,0,0
2015-01-08,07:00:00,1.45814,1.45912,1.45705,1.45709,0,0
2015-01-08,08:00:00,1.45704,1.45873,1.45702,1.45837,0,0
2015-01-08,09:00:00,1.4584,1.45956,1.45749,1.45791,0,0
2015-01-08,10:00:00,1.45841,1.45857,1.45464,1.45472,0,0
2015-01-08,11:00:00,1.45406,1.45451,1.4518,1.45243,0,0
2015-01-08,12:00:00,1.4524,1.45404,1.45137,1.45313,0,0
2015-01-08,13:00:00,1.45307,1.45308,1.45074,1.45125,0,0
2015-01-08,14:00:00,1.45129,1.4525,1.45061,1.4525,0,0
2015-01-08,15:00:00,1.45217,1.4539,1.45104,1.4539,0,0
2015-01-08,16:00:00,1.45375,1.45567,1.45332,1.45374,0,0
2015-01-08,17:00:00,1.45369,1.45433,1.45059,1.45433,0,0
2015-01-08,18:00:00,1.45431,1.45455,1.45217,1.45303,0,0
2015-01-08,19:00:00,1.45338,1.45371,1.45221,1.45371,0,0
2015-01-08,20:00:00,1.4538,1.45388,1.45283,1.4534,0,0
2015-01-08,21:00:00,1.45334,1.45397,1.45227,1.4536,0,0
2015-01-08,22:00:00,1.45336,1.45348,1.45268,1.45278,0,0
2015-01-08,23:00:00,1.45275,1.45349,1.4517,1.45171,0,0
2015-01-08,23:59:00,1.45171,1.4538,1.45166,1.45336,0,0
2015-01-09,01:00:00,1.45336,1.4541,1.45298,1.45355,0,0
2015-01-09,02:00:00,1.45355,1.4545,1.451,1.45134,0,0
2015-01-09,03:00:00,1.45134,1.45217,1.45029,1.4516,0,0
2015-01-09,04:00:00,1.45115,1.45169,1.44943,1.44991,0,0
2015-01-09,05:00:00,1.45021,1.45071,1.44935,1.45014,0,0
2015-01-09,06:00:00,1.45014,1.45086,1.44978,1.45062,0,0
2015-01-09,07:00:00,1.4507,1.45179,1.45041,1.451,0,0
2015-01-09,08:00:00,1.451,1.4523,1.45044,1.45086,0,0
2015-01-09,09:00:00,1.45066,1.45193,1.44983,1.45193,0,0
2015-01-09,10:00:00,1.45191,1.45427,1.45185,1.45396,0,0
2015-01-09,11:00:00,1.45396,1.45591,1.45355,1.45501,0,0
2015-01-09,12:00:00,1.45519,1.45522,1.45136,1.45192,0,0
2015-01-09,13:00:00,1.45192,1.45286,1.45017,1.45017,0,0
2015-01-09,14:00:00,1.45031,1.45223,1.45031,1.45116,0,0
2015-01-09,15:00:00,1.45125,1.45137,1.44415,1.44571,0,0
2015-01-09,16:00:00,1.44573,1.44619,1.44,1.44206,0,0
2015-01-09,17:00:00,1.44206,1.44566,1.44166,1.44528,0,0
2015-01-09,18:00:00,1.44527,1.4457,1.44116,1.44436,0,0
2015-01-09,19:00:00,1.44437,1.4451,1.44371,1.44441,0,0
2015-01-09,20:00:00,1.44441,1.44536,1.4439,1.44409,0,0
2015-01-09,21:00:00,1.44422,1.44441,1.44282,1.4441,0,0
2015-01-09,22:00:00,1.4441,1.44443,1.4427,1.44337,0,0
2015-01-09,23:00:00,1.44342,1.44342,1.44342,1.44342,0,0
