Date,Time,Open,High,Low,Close,Volume,OpenInt
2014-10-13,01:00:00,1.20812,1.20854,1.20795,1.20809,0,0
2014-10-13,02:00:00,1.2081,1.2087,1.20783,1.20856,0,0
2014-10-13,03:00:00,1.20855,1.20883,1.20835,1.20869,0,0
2014-10-13,04:00:00,1.20869,1.20902,1.20859,1.20893,0,0
2014-10-13,05:00:00,1.20887,1.209,1.20847,1.20876,0,0
2014-10-13,06:00:00,1.20879,1.20895,1.20841,1.20879,0,0
2014-10-13,07:00:00,1.20879,1.20901,1.20873,1.20885,0,0
2014-10-13,08:00:00,1.20885,1.20902,1.20805,1.20805,0,0
2014-10-13,09:00:00,1.20807,1.2083,1.20743,1.2078,0,0
2014-10-13,10:00:00,1.2078,1.20875,1.20778,1.20867,0,0
2014-10-13,11:00:00,1.20867,1.20887,1.20851,1.20883,0,0
2014-10-13,12:00:00,1.20878,1.20883,1.20833,1.20859,0,0
2014-10-13,13:00:00,1.20859,1.20871,1.20798,1.20829,0,0
2014-10-13,14:00:00,1.20829,1.20832,1.20754,1.20765,0,0
2014-10-13,15:00:00,1.20762,1.20774,1.20724,1.20772,0,0
2014-10-13,16:00:00,1.20773,1.20798,1.20746,1.20765,0,0
2014-10-13,17:00:00,1.20761,1.20788,1.20738,1.20765,0,0
2014-10-13,18:00:00,1.20762,1.20796,1.2075,1.20781,0,0
2014-10-13,19:00:00,1.2078,1.20802,1.2076,1.20778,0,0
2014-10-13,20:00:00,1.20778,1.20853,1.20771,1.20853,0,0
2014-10-13,21:00:00,1.20851,1.20886,1.20841,1.20878,0,0
2014-10-13,22:00:00,1.20882,1.20882,1.20849,1.20862,0,0
2014-10-13,23:00:00,1.20863,1.20914,1.20813,1.20861,0,0
2014-10-13,23:59:00,1.20864,1.20915,1.2078,1.20871,0,0
2014-10-14,01:00:00,1.20871,1.2091,1.20827,1.20849,0,0
2014-10-14,02:00:00,1.20841,1.2087,1.20812,1.20849,0,0
2014-10-14,03:00:00,1.20851,1.20872,1.20832,1.20851,0,0
2014-10-14,04:00:00,1.20855,1.20869,1.20837,1.20853,0,0
2014-10-14,05:00:00,1.20854,1.20884,1.20836,1.20846,0,0
2014-10-14,06:00:00,1.20846,1.2088,1.20835,1.2087,0,0
2014-10-14,07:00:00,1.20872,1.20896,1.2086,1.20872,0,0
2014-10-14,08:00:00,1.20872,1.20887,1.20855,1.20879,0,0
2014-10-14,09:00:00,1.20879,1.20888,1.20832,1.20861,0,0
2014-10-14,10:00:00,1.20858,1.20891,1.20798,1.20798,0,0
2014-10-14,11:00:00,1.20798,1.2081,1.2072,1.20726,0,0
2014-10-14,12:00:00,1.20716,1.20794,1.20697,1.20776,0,0
2014-10-14,13:00:00,1.20776,1.20803,1.20756,1.20781,0,0
2014-10-14,14:00:00,1.20779,1.20787,1.20735,1.20787,0,0
2014-10-14,15:00:00,1.20789,1.20808,1.20761,1.20771,0,0
2014-10-14,16:00:00,1.20766,1.20795,1.20742,1.2075,0,0
2014-10-14,17:00:00,1.2075,1.20771,1.2071,1.20729,0,0
2014-10-14,18:00:00,1.20733,1.20742,1.20715,1.20727,0,0
2014-10-14,19:00:00,1.20728,1.20742,1.2071,1.20719,0,0
2014-10-14,20:00:00,1.20723,1.20735,1.20701,1.2073,0,0
2014-10-14,21:00:00,1.20731,1.20734,1.20688,1.20694,0,0
2014-10-14,22:00:00,1.20689,1.20731,1.20689,1.20702,0,0
2014-10-14,23:00:00,1.20701,1.20726,1.2069,1.20696,0,0
2014-10-14,23:59:00,1.20696,1.20754,1.20646,1.2073,0,0
2014-10-15,01:00:00,1.2073,1.20733,1.20704,1.2071,0,0
2014-10-15,02:00:00,1.20711,1.20728,1.20692,1.207,0,0
2014-10-15,03:00:00,1.20703,1.20719,1.20686,1.20693,0,0
2014-10-15,04:00:00,1.20695,1.20734,1.20689,1.20726,0,0
2014-10-15,05:00:00,1.20724,1.2073,1.20691,1.207,0,0
2014-10-15,06:00:00,1.20697,1.20717,1.20686,1.20708,0,0
2014-10-15,07:00:00,1.20708,1.20732,1.20702,1.20727,0,0
2014-10-15,08:00:00,1.20728,1.20735,1.20703,1.20715,0,0
2014-10-15,09:00:00,1.20716,1.20756,1.20713,1.20744,0,0
2014-10-15,10:00:00,1.20748,1.20765,1.20725,1.2075,0,0
2014-10-15,11:00:00,1.20745,1.20765,1.20725,1.20744,0,0
2014-10-15,12:00:00,1.20744,1.20792,1.20744,1.20749,0,0
2014-10-15,13:00:00,1.20748,1.20774,1.2073,1.20751,0,0
2014-10-15,14:00:00,1.20746,1.20762,1.20724,1.20734,0,0
2014-10-15,15:00:00,1.20737,1.20737,1.20649,1.20677,0,0
2014-10-15,16:00:00,1.20675,1.20751,1.20591,1.20694,0,0
2014-10-15,17:00:00,1.20679,1.20749,1.20657,1.207,0,0
2014-10-15,18:00:00,1.20705,1.20716,1.2065,1.20657,0,0
2014-10-15,19:00:00,1.20655,1.20683,1.20603,1.20624,0,0
2014-10-15,20:00:00,1.20629,1.20678,1.20601,1.20632,0,0
2014-10-15,21:00:00,1.2064,1.20661,1.20598,1.2061,0,0
2014-10-15,22:00:00,1.2061,1.20688,1.20592,1.2063,0,0
2014-10-15,23:00:00,1.2062,1.20697,1.20593,1.20664,0,0
2014-10-15,23:59:00,1.20638,1.20722,1.20601,1.20709,0,0
2014-10-16,01:00:00,1.20709,1.20709,1.20642,1.20696,0,0
2014-10-16,02:00:00,1.20691,1.20724,1.20654,1.20709,0,0
2014-10-16,03:00:00,1.20702,1.20759,1.20697,1.20745,0,0
2014-10-16,04:00:00,1.20744,1.20746,1.20683,1.207,0,0
2014-10-16,05:00:00,1.20691,1.20734,1.20685,1.20708,0,0
2014-10-16,06:00:00,1.20702,1.20718,1.20671,1.20671,0,0
2014-10-16,07:00:00,1.20674,1.20715,1.20652,1.20697,0,0
2014-10-16,08:00:00,1.20703,1.20709,1.2067,1.20697,0,0
2014-10-16,09:00:00,1.20703,1.20708,1.20662,1.20664,0,0
2014-10-16,10:00:00,1.20665,1.20685,1.20605,1.20621,0,0
2014-10-16,11:00:00,1.20619,1.20649,1.20603,1.20646,0,0
2014-10-16,12:00:00,1.20641,1.20644,1.20578,1.20591,0,0
2014-10-16,13:00:00,1.20591,1.20608,1.20552,1.20568,0,0
2014-10-16,14:00:00,1.20568,1.20633,1.20551,1.20617,0,0
2014-10-16,15:00:00,1.20618,1.20645,1.20569,1.20596,0,0
2014-10-16,16:00:00,1.20595,1.20667,1.2053,1.20664,0,0
2014-10-16,17:00:00,1.20655,1.20722,1.20632,1.20669,0,0
2014-10-16,18:00:00,1.20655,1.2073,1.20654,1.20727,0,0
2014-10-16,19:00:00,1.20725,1.20763,1.20717,1.20728,0,0
2014-10-16,20:00:00,1.2073,1.2075,1.20705,1.20712,0,0
2014-10-16,21:00:00,1.20714,1.20747,1.20709,1.20731,0,0
2014-10-16,22:00:00,1.20743,1.20743,1.20714,1.20732,0,0
2014-10-16,23:00:00,1.20733,1.20746,1.20697,1.20697,0,0
2014-10-16,23:59:00,1.20666,1.20733,1.20666,1.20723,0,0
2014-10-17,01:00:00,1.20709,1.2073,1.20682,1.20713,0,0
2014-10-17,02:00:00,1.20711,1.2073,1.20699,1.2072,0,0
2014-10-17,03:00:00,1.20719,1.20741,1.20704,1.20719,0,0
2014-10-17,04:00:00,1.20717,1.20746,1.2071,1.20716,0,0
2014-10-17,05:00:00,1.20711,1.20737,1.207,1.20716,0,0
2014-10-17,06:00:00,1.20719,1.20722,1.20693,1.20706,0,0
2014-10-17,07:00:00,1.20706,1.20738,1.20699,1.20716,0,0
2014-10-17,08:00:00,1.20715,1.20739,1.2071,1.20728,0,0
2014-10-17,09:00:00,1.20728,1.20739,1.20683,1.20729,0,0
2014-10-17,10:00:00,1.20726,1.20748,1.207,1.20728,0,0
2014-10-17,11:00:00,1.2073,1.20761,1.20706,1.20723,0,0
2014-10-17,12:00:00,1.20729,1.2076,1.20709,1.20748,0,0
2014-10-17,13:00:00,1.20748,1.20761,1.20726,1.20734,0,0
2014-10-17,14:00:00,1.20733,1.20764,1.20726,1.20739,0,0
2014-10-17,15:00:00,1.20742,1.20746,1.20679,1.20714,0,0
2014-10-17,16:00:00,1.20719,1.20746,1.20693,1.20718,0,0
2014-10-17,17:00:00,1.20714,1.20753,1.20675,1.20727,0,0
2014-10-17,18:00:00,1.20731,1.20758,1.20723,1.20747,0,0
2014-10-17,19:00:00,1.20751,1.20762,1.20728,1.2074,0,0
2014-10-17,20:00:00,1.20742,1.20768,1.20726,1.20732,0,0
2014-10-17,21:00:00,1.2073,1.2075,1.20716,1.20748,0,0
2014-10-17,22:00:00,1.20749,1.2076,1.20723,1.20734,0,0
2014-10-17,23:00:00,1.20733,1.20733,1.20733,1.20733,0,0
2014-10-20,01:00:00,1.20741,1.20768,1.20717,1.20735,0,0
2014-10-20,02:00:00,1.20732,1.20747,1.20721,1.20722,0,0
2014-10-20,03:00:00,1.20723,1.2074,1.2072,1.20727,0,0
2014-10-20,04:00:00,1.20726,1.20767,1.20719,1.20757,0,0
2014-10-20,05:00:00,1.20753,1.20773,1.2074,1.20752,0,0
2014-10-20,06:00:00,1.20754,1.2078,1.20747,1.20765,0,0
2014-10-20,07:00:00,1.20766,1.20778,1.20747,1.20765,0,0
2014-10-20,08:00:00,1.20766,1.2077,1.20719,1.20723,0,0
2014-10-20,09:00:00,1.20721,1.20732,1.20655,1.20684,0,0
2014-10-20,10:00:00,1.20682,1.20685,1.20585,1.20592,0,0
2014-10-20,11:00:00,1.20589,1.20622,1.20579,1.20602,0,0
2014-10-20,12:00:00,1.20601,1.20637,1.20596,1.20624,0,0
2014-10-20,13:00:00,1.20626,1.2063,1.20598,1.20609,0,0
2014-10-20,14:00:00,1.20604,1.20637,1.20597,1.20609,0,0
2014-10-20,15:00:00,1.20609,1.20653,1.20601,1.20646,0,0
2014-10-20,16:00:00,1.2065,1.20654,1.20605,1.20619,0,0
2014-10-20,17:00:00,1.20623,1.20649,1.2061,1.2062,0,0
2014-10-20,18:00:00,1.20619,1.20654,1.20603,1.20644,0,0
2014-10-20,19:00:00,1.20643,1.20662,1.20608,1.2062,0,0
2014-10-20,20:00:00,1.2062,1.20657,1.20614,1.20656,0,0
2014-10-20,21:00:00,1.20658,1.20658,1.20631,1.20653,0,0
2014-10-20,22:00:00,1.20659,1.20668,1.20641,1.20668,0,0
2014-10-20,23:00:00,1.20666,1.20681,1.20645,1.2066,0,0
2014-10-20,23:59:00,1.20653,1.20677,1.20608,1.20672,0,0
2014-10-21,01:00:00,1.2067,1.20679,1.20653,1.20669,0,0
2014-10-21,02:00:00,1.20666,1.20678,1.20656,1.20663,0,0
2014-10-21,03:00:00,1.20665,1.20665,1.20639,1.20644,0,0
2014-10-21,04:00:00,1.20644,1.20652,1.20622,1.20636,0,0
2014-10-21,05:00:00,1.20632,1.20654,1.2062,1.20628,0,0
2014-10-21,06:00:00,1.2063,1.20659,1.20608,1.20611,0,0
2014-10-21,07:00:00,1.20615,1.20638,1.20613,1.20631,0,0
2014-10-21,08:00:00,1.20632,1.20674,1.20618,1.20659,0,0
2014-10-21,09:00:00,1.20657,1.20681,1.20638,1.20641,0,0
2014-10-21,10:00:00,1.20642,1.20687,1.20619,1.20663,0,0
2014-10-21,11:00:00,1.20658,1.20671,1.20644,1.20657,0,0
2014-10-21,12:00:00,1.2066,1.20707,1.20626,1.20698,0,0
2014-10-21,13:00:00,1.20689,1.20729,1.2068,1.20689,0,0
2014-10-21,14:00:00,1.2069,1.20715,1.20637,1.20688,0,0
2014-10-21,15:00:00,1.20691,1.20691,1.20632,1.20642,0,0
2014-10-21,16:00:00,1.2064,1.20676,1.20619,1.20641,0,0
2014-10-21,17:00:00,1.20635,1.20659,1.20614,1.20633,0,0
2014-10-21,18:00:00,1.20633,1.20661,1.20625,1.20637,0,0
2014-10-21,19:00:00,1.2064,1.20664,1.20624,1.20637,0,0
2014-10-21,20:00:00,1.20637,1.20681,1.20634,1.20672,0,0
2014-10-21,21:00:00,1.20671,1.20679,1.20654,1.2067,0,0
2014-10-21,22:00:00,1.20667,1.20676,1.20645,1.20652,0,0
2014-10-21,23:00:00,1.20651,1.20689,1.20641,1.20671,0,0
2014-10-21,23:59:00,1.20671,1.2069,1.20649,1.20649,0,0
2014-10-22,01:00:00,1.20653,1.20666,1.20632,1.20638,0,0
2014-10-22,02:00:00,1.20641,1.20706,1.20633,1.20706,0,0
2014-10-22,03:00:00,1.20703,1.20706,1.20678,1.20688,0,0
2014-10-22,04:00:00,1.20689,1.20708,1.20666,1.20674,0,0
2014-10-22,05:00:00,1.20673,1.20689,1.20657,1.20663,0,0
2014-10-22,06:00:00,1.20666,1.20679,1.20653,1.20671,0,0
2014-10-22,07:00:00,1.20668,1.2068,1.20659,1.20666,0,0
2014-10-22,08:00:00,1.20666,1.20683,1.2066,1.20664,0,0
2014-10-22,09:00:00,1.20668,1.20711,1.20658,1.20699,0,0
2014-10-22,10:00:00,1.2069,1.20693,1.20637,1.2067,0,0
2014-10-22,11:00:00,1.20665,1.20675,1.20604,1.2063,0,0
2014-10-22,12:00:00,1.20629,1.20643,1.20604,1.20605,0,0
2014-10-22,13:00:00,1.20603,1.20616,1.20594,1.20608,0,0
2014-10-22,14:00:00,1.20608,1.20624,1.20593,1.20616,0,0
2014-10-22,15:00:00,1.20618,1.20635,1.20555,1.20623,0,0
2014-10-22,16:00:00,1.20622,1.20652,1.20615,1.20634,0,0
2014-10-22,17:00:00,1.20638,1.20645,1.20603,1.20618,0,0
2014-10-22,18:00:00,1.20619,1.20633,1.20594,1.20629,0,0
2014-10-22,19:00:00,1.2063,1.20645,1.20599,1.20612,0,0
2014-10-22,20:00:00,1.20611,1.20612,1.20586,1.20587,0,0
2014-10-22,21:00:00,1.20588,1.20623,1.2058,1.20602,0,0
2014-10-22,22:00:00,1.20601,1.20608,1.20568,1.20574,0,0
2014-10-22,23:00:00,1.20576,1.20605,1.20573,1.20595,0,0
2014-10-22,23:59:00,1.20587,1.20632,1.20559,1.20604,0,0
2014-10-23,01:00:00,1.20602,1.20624,1.20591,1.20608,0,0
2014-10-23,02:00:00,1.20608,1.20618,1.20602,1.20607,0,0
2014-10-23,03:00:00,1.20607,1.20632,1.20598,1.20613,0,0
2014-10-23,04:00:00,1.20612,1.2063,1.20607,1.20622,0,0
2014-10-23,05:00:00,1.20619,1.20645,1.20612,1.2063,0,0
2014-10-23,06:00:00,1.2063,1.20645,1.20614,1.20624,0,0
2014-10-23,07:00:00,1.20624,1.2064,1.20613,1.20625,0,0
2014-10-23,08:00:00,1.20624,1.20642,1.20624,1.20631,0,0
2014-10-23,09:00:00,1.2063,1.20635,1.2059,1.20604,0,0
2014-10-23,10:00:00,1.2058,1.20614,1.20508,1.20606,0,0
2014-10-23,11:00:00,1.20609,1.20644,1.20594,1.20618,0,0
2014-10-23,12:00:00,1.2062,1.20665,1.20613,1.20652,0,0
2014-10-23,13:00:00,1.20649,1.20665,1.20626,1.2063,0,0
2014-10-23,14:00:00,1.20633,1.20661,1.20628,1.20636,0,0
2014-10-23,15:00:00,1.20641,1.20677,1.20633,1.20657,0,0
2014-10-23,16:00:00,1.20658,1.20662,1.20609,1.20643,0,0
2014-10-23,17:00:00,1.20641,1.20664,1.2063,1.20653,0,0
2014-10-23,18:00:00,1.20655,1.20689,1.20639,1.20675,0,0
2014-10-23,19:00:00,1.20675,1.20689,1.20659,1.20662,0,0
2014-10-23,20:00:00,1.20662,1.2067,1.20644,1.20648,0,0
2014-10-23,21:00:00,1.20648,1.2065,1.20625,1.20639,0,0
2014-10-23,22:00:00,1.20637,1.20654,1.20619,1.2065,0,0
2014-10-23,23:00:00,1.20651,1.2067,1.20632,1.20645,0,0
2014-10-23,23:59:00,1.20643,1.20662,1.20603,1.20645,0,0
2014-10-24,01:00:00,1.20645,1.20665,1.20637,1.20655,0,0
2014-10-24,02:00:00,1.20656,1.20671,1.20641,1.20655,0,0
2014-10-24,03:00:00,1.20658,1.2066,1.20626,1.20637,0,0
2014-10-24,04:00:00,1.20638,1.20638,1.20618,1.20635,0,0
2014-10-24,05:00:00,1.20635,1.20638,1.20615,1.2063,0,0
2014-10-24,06:00:00,1.20629,1.20641,1.20619,1.20629,0,0
2014-10-24,07:00:00,1.20629,1.20642,1.20618,1.20641,0,0
2014-10-24,08:00:00,1.2064,1.20654,1.20629,1.2063,0,0
2014-10-24,09:00:00,1.20632,1.20644,1.20612,1.20621,0,0
2014-10-24,10:00:00,1.20619,1.20625,1.2059,1.20604,0,0
2014-10-24,11:00:00,1.20607,1.20621,1.20584,1.20593,0,0
2014-10-24,12:00:00,1.20588,1.20633,1.20578,1.20626,0,0
2014-10-24,13:00:00,1.20626,1.2063,1.2058,1.20596,0,0
2014-10-24,14:00:00,1.20593,1.20601,1.20578,1.20588,0,0
2014-10-24,15:00:00,1.20595,1.20617,1.20544,1.20568,0,0
2014-10-24,16:00:00,1.20565,1.20593,1.20547,1.20555,0,0
2014-10-24,17:00:00,1.20556,1.20615,1.20534,1.20615,0,0
2014-10-24,18:00:00,1.20615,1.20619,1.20578,1.20579,0,0
2014-10-24,19:00:00,1.20579,1.20589,1.20557,1.20578,0,0
2014-10-24,20:00:00,1.20577,1.20601,1.20569,1.206,0,0
2014-10-24,21:00:00,1.20598,1.20612,1.20585,1.20601,0,0
2014-10-24,22:00:00,1.20599,1.20609,1.20591,1.20603,0,0
2014-10-24,23:00:00,1.20599,1.20602,1.20599,1.20602,0,0
2014-10-27,01:00:00,1.20611,1.20638,1.20597,1.20638,0,0
2014-10-27,02:00:00,1.20638,1.20641,1.20616,1.20625,0,0
2014-10-27,03:00:00,1.20627,1.20635,1.20616,1.20628,0,0
2014-10-27,04:00:00,1.20629,1.20639,1.20616,1.20633,0,0
2014-10-27,05:00:00,1.20636,1.20658,1.20631,1.20653,0,0
2014-10-27,06:00:00,1.20656,1.20666,1.20639,1.20657,0,0
2014-10-27,07:00:00,1.20657,1.20658,1.20635,1.20643,0,0
2014-10-27,08:00:00,1.20641,1.20654,1.20621,1.20633,0,0
2014-10-27,09:00:00,1.20633,1.20639,1.20611,1.20636,0,0
2014-10-27,10:00:00,1.20636,1.20653,1.20586,1.20597,0,0
2014-10-27,11:00:00,1.20593,1.20603,1.20528,1.20553,0,0
2014-10-27,12:00:00,1.20553,1.20583,1.20542,1.20566,0,0
2014-10-27,13:00:00,1.20568,1.20589,1.20559,1.20578,0,0
2014-10-27,14:00:00,1.2058,1.20594,1.20568,1.20579,0,0
2014-10-27,15:00:00,1.20583,1.20604,1.20572,1.20598,0,0
2014-10-27,16:00:00,1.20587,1.20605,1.20544,1.20577,0,0
2014-10-27,17:00:00,1.20574,1.20575,1.20541,1.20553,0,0
2014-10-27,18:00:00,1.2055,1.20563,1.20526,1.20535,0,0
2014-10-27,19:00:00,1.20534,1.2054,1.20504,1.20534,0,0
2014-10-27,20:00:00,1.20534,1.20549,1.20521,1.20543,0,0
2014-10-27,21:00:00,1.20537,1.20556,1.20535,1.2055,0,0
2014-10-27,22:00:00,1.2055,1.20572,1.20541,1.20561,0,0
2014-10-27,23:00:00,1.20558,1.20576,1.20543,1.20562,0,0
2014-10-27,23:59:00,1.20558,1.20579,1.20545,1.20564,0,0
2014-10-28,01:00:00,1.20569,1.2058,1.20548,1.20556,0,0
2014-10-28,02:00:00,1.20557,1.2059,1.20549,1.20577,0,0
2014-10-28,03:00:00,1.20576,1.20594,1.20571,1.20576,0,0
2014-10-28,04:00:00,1.20578,1.20596,1.20566,1.20579,0,0
2014-10-28,05:00:00,1.20579,1.20598,1.20572,1.20591,0,0
2014-10-28,06:00:00,1.20587,1.20602,1.20579,1.20595,0,0
2014-10-28,07:00:00,1.20595,1.20622,1.20585,1.20619,0,0
2014-10-28,08:00:00,1.20621,1.20626,1.20586,1.2059,0,0
2014-10-28,09:00:00,1.20584,1.20598,1.20554,1.20597,0,0
2014-10-28,10:00:00,1.20595,1.20626,1.20581,1.20618,0,0
2014-10-28,11:00:00,1.20609,1.20649,1.20606,1.20627,0,0
2014-10-28,12:00:00,1.20627,1.20647,1.20598,1.20612,0,0
2014-10-28,13:00:00,1.20609,1.20635,1.20576,1.20629,0,0
2014-10-28,14:00:00,1.2063,1.20635,1.20512,1.20578,0,0
2014-10-28,15:00:00,1.20571,1.20607,1.20535,1.20593,0,0
2014-10-28,16:00:00,1.206,1.20617,1.20534,1.20606,0,0
2014-10-28,17:00:00,1.20608,1.20617,1.20591,1.20606,0,0
2014-10-28,18:00:00,1.2061,1.20631,1.20605,1.20622,0,0
2014-10-28,19:00:00,1.20622,1.20623,1.20581,1.20587,0,0
2014-10-28,20:00:00,1.20588,1.20602,1.20561,1.2058,0,0
2014-10-28,21:00:00,1.20584,1.20613,1.2058,1.20609,0,0
2014-10-28,22:00:00,1.20607,1.20616,1.20597,1.20606,0,0
2014-10-28,23:00:00,1.20602,1.2061,1.20579,1.20598,0,0
2014-10-28,23:59:00,1.20598,1.20617,1.20573,1.20593,0,0
2014-10-29,01:00:00,1.20593,1.20601,1.20575,1.20581,0,0
2014-10-29,02:00:00,1.20584,1.20597,1.20565,1.20584,0,0
2014-10-29,03:00:00,1.20588,1.206,1.20577,1.20592,0,0
2014-10-29,04:00:00,1.20593,1.20601,1.20575,1.20576,0,0
2014-10-29,05:00:00,1.20579,1.20583,1.20559,1.20575,0,0
2014-10-29,06:00:00,1.20578,1.20595,1.20565,1.20581,0,0
2014-10-29,07:00:00,1.20583,1.20603,1.20574,1.20594,0,0
2014-10-29,08:00:00,1.20595,1.20613,1.20579,1.20586,0,0
2014-10-29,09:00:00,1.20583,1.20599,1.20563,1.20576,0,0
2014-10-29,10:00:00,1.20579,1.20586,1.2055,1.20571,0,0
2014-10-29,11:00:00,1.20571,1.2059,1.2057,1.20578,0,0
2014-10-29,12:00:00,1.20575,1.2059,1.20568,1.20568,0,0
2014-10-29,13:00:00,1.20567,1.20574,1.20559,1.20564,0,0
2014-10-29,14:00:00,1.20561,1.20579,1.20544,1.20552,0,0
2014-10-29,15:00:00,1.20552,1.2061,1.20545,1.20578,0,0
2014-10-29,16:00:00,1.20578,1.2058,1.20543,1.20566,0,0
2014-10-29,17:00:00,1.20567,1.20602,1.20564,1.20592,0,0
2014-10-29,18:00:00,1.20598,1.20603,1.20567,1.2058,0,0
2014-10-29,19:00:00,1.20577,1.20589,1.20508,1.20508,0,0
2014-10-29,20:00:00,1.20503,1.20623,1.20469,1.20584,0,0
2014-10-29,21:00:00,1.20596,1.20609,1.20578,1.20595,0,0
2014-10-29,22:00:00,1.20596,1.20611,1.20592,1.20603,0,0
2014-10-29,23:00:00,1.20612,1.20628,1.20551,1.20604,0,0
2014-10-29,23:59:00,1.20592,1.20614,1.20565,1.20614,0,0
2014-10-30,01:00:00,1.20614,1.2062,1.20597,1.20608,0,0
2014-10-30,02:00:00,1.2061,1.20612,1.20588,1.206,0,0
2014-10-30,03:00:00,1.20599,1.20606,1.20586,1.20603,0,0
2014-10-30,04:00:00,1.20603,1.20607,1.20584,1.20605,0,0
2014-10-30,05:00:00,1.20605,1.20611,1.20595,1.20605,0,0
2014-10-30,06:00:00,1.20607,1.20609,1.20579,1.20601,0,0
2014-10-30,07:00:00,1.206,1.20604,1.2057,1.20599,0,0
2014-10-30,08:00:00,1.206,1.20637,1.20587,1.20627,0,0
2014-10-30,09:00:00,1.20618,1.20637,1.2059,1.20605,0,0
2014-10-30,10:00:00,1.20602,1.20623,1.20572,1.20581,0,0
2014-10-30,11:00:00,1.20568,1.20582,1.20551,1.20553,0,0
2014-10-30,12:00:00,1.20553,1.20572,1.20523,1.20533,0,0
2014-10-30,13:00:00,1.20531,1.20588,1.20525,1.20579,0,0
2014-10-30,14:00:00,1.20575,1.20593,1.20522,1.20566,0,0
2014-10-30,15:00:00,1.20577,1.2059,1.20556,1.20581,0,0
2014-10-30,16:00:00,1.20578,1.20596,1.2053,1.20552,0,0
2014-10-30,17:00:00,1.2056,1.20566,1.2053,1.20549,0,0
2014-10-30,18:00:00,1.20548,1.20562,1.2053,1.20543,0,0
2014-10-30,19:00:00,1.20544,1.20569,1.20543,1.20562,0,0
2014-10-30,20:00:00,1.20562,1.20573,1.20547,1.20569,0,0
2014-10-30,21:00:00,1.20569,1.20569,1.20533,1.20533,0,0
2014-10-30,22:00:00,1.20536,1.20571,1.20531,1.20565,0,0
2014-10-30,23:00:00,1.20563,1.20575,1.20544,1.20555,0,0
2014-10-30,23:59:00,1.20555,1.20586,1.20538,1.20564,0,0
2014-10-31,01:00:00,1.20565,1.20576,1.20552,1.2056,0,0
2014-10-31,02:00:00,1.20559,1.2056,1.20523,1.20535,0,0
2014-10-31,03:00:00,1.20535,1.20544,1.20524,1.20539,0,0
2014-10-31,04:00:00,1.20539,1.20562,1.20532,1.2056,0,0
2014-10-31,05:00:00,1.20558,1.20572,1.2055,1.20566,0,0
2014-10-31,06:00:00,1.20566,1.20589,1.20545,1.20564,0,0
2014-10-31,07:00:00,1.20564,1.20621,1.20544,1.20616,0,0
2014-10-31,08:00:00,1.20595,1.20636,1.20585,1.20599,0,0
2014-10-31,09:00:00,1.20602,1.20671,1.20586,1.20609,0,0
2014-10-31,10:00:00,1.20609,1.20611,1.20555,1.20601,0,0
2014-10-31,11:00:00,1.20605,1.20617,1.20558,1.20562,0,0
2014-10-31,12:00:00,1.20528,1.20639,1.20521,1.20617,0,0
2014-10-31,13:00:00,1.20621,1.2063,1.20597,1.20622,0,0
2014-10-31,14:00:00,1.20621,1.20658,1.20607,1.20653,0,0
2014-10-31,15:00:00,1.20652,1.20684,1.20599,1.20629,0,0
2014-10-31,16:00:00,1.20627,1.20644,1.2059,1.20604,0,0
2014-10-31,17:00:00,1.20608,1.20632,1.20548,1.20569,0,0
2014-10-31,18:00:00,1.20564,1.20587,1.20537,1.20587,0,0
2014-10-31,19:00:00,1.20587,1.20591,1.20555,1.20573,0,0
2014-10-31,20:00:00,1.20572,1.20594,1.20559,1.20569,0,0
2014-10-31,21:00:00,1.20571,1.2058,1.20549,1.20559,0,0
2014-10-31,22:00:00,1.20563,1.20577,1.20516,1.20541,0,0
2014-10-31,23:00:00,1.20542,1.20542,1.20533,1.20533,0,0
2014-11-03,01:00:00,1.20619,1.20619,1.20565,1.20577,0,0
2014-11-03,02:00:00,1.20576,1.20603,1.20505,1.20548,0,0
2014-11-03,03:00:00,1.2057,1.20592,1.20527,1.20558,0,0
2014-11-03,04:00:00,1.20553,1.20581,1.20538,1.20573,0,0
2014-11-03,05:00:00,1.20573,1.20586,1.20556,1.20578,0,0
2014-11-03,06:00:00,1.20577,1.20596,1.20565,1.20573,0,0
2014-11-03,07:00:00,1.20571,1.20593,1.20557,1.20569,0,0
2014-11-03,08:00:00,1.2057,1.20583,1.20527,1.20544,0,0
2014-11-03,09:00:00,1.20542,1.20564,1.20527,1.20543,0,0
2014-11-03,10:00:00,1.20542,1.20571,1.20527,1.2055,0,0
2014-11-03,11:00:00,1.2055,1.20555,1.20525,1.20538,0,0
2014-11-03,12:00:00,1.20525,1.20557,1.20517,1.20552,0,0
2014-11-03,13:00:00,1.20547,1.20566,1.20524,1.20553,0,0
2014-11-03,14:00:00,1.20547,1.2056,1.2053,1.2054,0,0
2014-11-03,15:00:00,1.2054,1.2054,1.20503,1.20521,0,0
2014-11-03,16:00:00,1.20525,1.20555,1.2051,1.2051,0,0
2014-11-03,17:00:00,1.20509,1.20596,1.20506,1.20565,0,0
2014-11-03,18:00:00,1.20568,1.20586,1.20533,1.20551,0,0
2014-11-03,19:00:00,1.20552,1.2056,1.20533,1.20547,0,0
2014-11-03,20:00:00,1.20549,1.20551,1.2051,1.20515,0,0
2014-11-03,21:00:00,1.20515,1.2053,1.20505,1.20506,0,0
2014-11-03,22:00:00,1.20507,1.20536,1.20501,1.20524,0,0
2014-11-03,23:00:00,1.20523,1.2056,1.20517,1.20539,0,0
2014-11-03,23:59:00,1.20541,1.20573,1.20506,1.20548,0,0
2014-11-04,01:00:00,1.20535,1.20567,1.20528,1.20539,0,0
2014-11-04,02:00:00,1.20535,1.20567,1.20535,1.20548,0,0
2014-11-04,03:00:00,1.20549,1.20573,1.20526,1.20565,0,0
2014-11-04,04:00:00,1.20563,1.20588,1.20543,1.20585,0,0
2014-11-04,05:00:00,1.20582,1.20605,1.20557,1.20583,0,0
2014-11-04,06:00:00,1.20586,1.20608,1.20573,1.20591,0,0
2014-11-04,07:00:00,1.20591,1.20605,1.20561,1.20594,0,0
2014-11-04,08:00:00,1.20594,1.20597,1.20558,1.20561,0,0
2014-11-04,09:00:00,1.20558,1.20579,1.20521,1.20521,0,0
2014-11-04,10:00:00,1.20524,1.20548,1.20515,1.20526,0,0
2014-11-04,11:00:00,1.20526,1.2055,1.20517,1.20524,0,0
2014-11-04,12:00:00,1.2052,1.20545,1.20499,1.20528,0,0
2014-11-04,13:00:00,1.20528,1.20536,1.20512,1.20536,0,0
2014-11-04,14:00:00,1.2054,1.20558,1.20527,1.20532,0,0
2014-11-04,15:00:00,1.2053,1.20548,1.20515,1.20532,0,0
2014-11-04,16:00:00,1.20529,1.20542,1.20511,1.20512,0,0
2014-11-04,17:00:00,1.2053,1.20544,1.20466,1.20487,0,0
2014-11-04,18:00:00,1.20487,1.20497,1.2045,1.20462,0,0
2014-11-04,19:00:00,1.2046,1.20471,1.20429,1.20448,0,0
2014-11-04,20:00:00,1.20451,1.20466,1.20427,1.20429,0,0
2014-11-04,21:00:00,1.2043,1.20459,1.20424,1.20459,0,0
2014-11-04,22:00:00,1.20453,1.20465,1.20442,1.20462,0,0
2014-11-04,23:00:00,1.20463,1.20465,1.20403,1.20409,0,0
2014-11-04,23:59:00,1.20408,1.20446,1.20356,1.2043,0,0
2014-11-05,01:00:00,1.20428,1.20435,1.20403,1.20429,0,0
2014-11-05,02:00:00,1.20429,1.20445,1.20387,1.20395,0,0
2014-11-05,03:00:00,1.20399,1.20419,1.20389,1.20415,0,0
2014-11-05,04:00:00,1.20415,1.20432,1.20409,1.20426,0,0
2014-11-05,05:00:00,1.20429,1.20431,1.20411,1.20422,0,0
2014-11-05,06:00:00,1.20422,1.2045,1.20419,1.20434,0,0
2014-11-05,07:00:00,1.20431,1.20445,1.20311,1.20339,0,0
2014-11-05,08:00:00,1.20341,1.20396,1.2032,1.20395,0,0
2014-11-05,09:00:00,1.20393,1.2045,1.2037,1.20382,0,0
2014-11-05,10:00:00,1.20379,1.2045,1.20372,1.20402,0,0
2014-11-05,11:00:00,1.20401,1.20415,1.20364,1.20369,0,0
2014-11-05,12:00:00,1.20369,1.20418,1.20365,1.20408,0,0
2014-11-05,13:00:00,1.2041,1.20429,1.2039,1.2042,0,0
2014-11-05,14:00:00,1.20428,1.2043,1.20379,1.20419,0,0
2014-11-05,15:00:00,1.20419,1.20424,1.2035,1.20374,0,0
2014-11-05,16:00:00,1.20379,1.2039,1.20344,1.20356,0,0
2014-11-05,17:00:00,1.20352,1.20385,1.20314,1.20385,0,0
2014-11-05,18:00:00,1.20393,1.20397,1.20354,1.20385,0,0
2014-11-05,19:00:00,1.20383,1.20399,1.2037,1.20378,0,0
2014-11-05,20:00:00,1.2038,1.20404,1.20357,1.20388,0,0
2014-11-05,21:00:00,1.2039,1.20398,1.20367,1.20382,0,0
2014-11-05,22:00:00,1.20386,1.20391,1.2033,1.20351,0,0
2014-11-05,23:00:00,1.20349,1.2036,1.20335,1.20348,0,0
2014-11-05,23:59:00,1.20353,1.2037,1.20324,1.20356,0,0
2014-11-06,01:00:00,1.20345,1.20372,1.20333,1.20349,0,0
2014-11-06,02:00:00,1.20344,1.20362,1.20333,1.20345,0,0
2014-11-06,03:00:00,1.20343,1.20362,1.20329,1.20331,0,0
2014-11-06,04:00:00,1.20331,1.20364,1.20309,1.20345,0,0
2014-11-06,05:00:00,1.20351,1.20396,1.20343,1.20383,0,0
2014-11-06,06:00:00,1.20383,1.20383,1.20289,1.20341,0,0
2014-11-06,07:00:00,1.20341,1.20347,1.20302,1.20328,0,0
2014-11-06,08:00:00,1.2033,1.20379,1.20321,1.2036,0,0
2014-11-06,09:00:00,1.2036,1.20409,1.20349,1.20383,0,0
2014-11-06,10:00:00,1.20381,1.20416,1.20373,1.204,0,0
2014-11-06,11:00:00,1.2039,1.2043,1.20379,1.20415,0,0
2014-11-06,12:00:00,1.20421,1.20562,1.20414,1.20532,0,0
2014-11-06,13:00:00,1.20532,1.20561,1.20476,1.20481,0,0
2014-11-06,14:00:00,1.20479,1.20496,1.20412,1.20449,0,0
2014-11-06,15:00:00,1.20448,1.20486,1.20398,1.20454,0,0
2014-11-06,16:00:00,1.20451,1.20489,1.20371,1.20388,0,0
2014-11-06,17:00:00,1.20388,1.20438,1.20355,1.20422,0,0
2014-11-06,18:00:00,1.20421,1.20435,1.20406,1.20419,0,0
2014-11-06,19:00:00,1.20426,1.20426,1.20393,1.20397,0,0
2014-11-06,20:00:00,1.20396,1.20402,1.20356,1.20394,0,0
2014-11-06,21:00:00,1.20394,1.20412,1.20385,1.20391,0,0
2014-11-06,22:00:00,1.20388,1.20465,1.20382,1.20461,0,0
2014-11-06,23:00:00,1.20458,1.20464,1.20401,1.20416,0,0
2014-11-06,23:59:00,1.20415,1.20445,1.20369,1.20412,0,0
2014-11-07,01:00:00,1.20412,1.20444,1.204,1.20435,0,0
2014-11-07,02:00:00,1.20438,1.20463,1.20429,1.20432,0,0
2014-11-07,03:00:00,1.20433,1.20437,1.20404,1.20418,0,0
2014-11-07,04:00:00,1.20418,1.20428,1.20393,1.20413,0,0
2014-11-07,05:00:00,1.20411,1.20428,1.20404,1.20419,0,0
2014-11-07,06:00:00,1.2042,1.20429,1.204,1.20404,0,0
2014-11-07,07:00:00,1.20402,1.2041,1.20373,1.20394,0,0
2014-11-07,08:00:00,1.2039,1.20404,1.20357,1.20359,0,0
2014-11-07,09:00:00,1.20364,1.20411,1.20354,1.20401,0,0
2014-11-07,10:00:00,1.20401,1.20419,1.20367,1.20418,0,0
2014-11-07,11:00:00,1.20415,1.2043,1.20374,1.20398,0,0
2014-11-07,12:00:00,1.20401,1.20422,1.20393,1.20401,0,0
2014-11-07,13:00:00,1.20396,1.2041,1.20378,1.20399,0,0
2014-11-07,14:00:00,1.20392,1.2042,1.2038,1.20389,0,0
2014-11-07,15:00:00,1.20386,1.20409,1.20279,1.20379,0,0
2014-11-07,16:00:00,1.20377,1.20393,1.20341,1.20362,0,0
2014-11-07,17:00:00,1.20366,1.20381,1.20315,1.20322,0,0
2014-11-07,18:00:00,1.2032,1.20351,1.20278,1.20286,0,0
2014-11-07,19:00:00,1.20289,1.20368,1.20279,1.2036,0,0
2014-11-07,20:00:00,1.20361,1.20365,1.20293,1.20322,0,0
2014-11-07,21:00:00,1.20317,1.20341,1.20303,1.20322,0,0
2014-11-07,22:00:00,1.20314,1.2033,1.20286,1.2032,0,0
2014-11-07,23:00:00,1.20311,1.20311,1.20311,1.20311,0,0
2014-11-10,01:00:00,1.20258,1.20294,1.20244,1.20284,0,0
2014-11-10,02:00:00,1.20279,1.20304,1.2025,1.20271,0,0
2014-11-10,03:00:00,1.20271,1.2029,1.20257,1.20269,0,0
2014-11-10,04:00:00,1.2028,1.20347,1.20276,1.2033,0,0
2014-11-10,05:00:00,1.2033,1.20355,1.20316,1.20349,0,0
2014-11-10,06:00:00,1.20349,1.20359,1.20322,1.20341,0,0
2014-11-10,07:00:00,1.20341,1.20351,1.2032,1.20346,0,0
2014-11-10,08:00:00,1.20346,1.20356,1.20286,1.20297,0,0
2014-11-10,09:00:00,1.20296,1.20317,1.20237,1.20248,0,0
2014-11-10,10:00:00,1.2025,1.20301,1.20235,1.20255,0,0
2014-11-10,11:00:00,1.20261,1.20279,1.2025,1.20256,0,0
2014-11-10,12:00:00,1.20256,1.20279,1.20201,1.20272,0,0
2014-11-10,13:00:00,1.20272,1.203,1.20234,1.20296,0,0
2014-11-10,14:00:00,1.20297,1.20311,1.20283,1.2029,0,0
2014-11-10,15:00:00,1.20292,1.20294,1.20252,1.20287,0,0
2014-11-10,16:00:00,1.20286,1.20303,1.2024,1.20257,0,0
2014-11-10,17:00:00,1.20257,1.20265,1.20203,1.2024,0,0
2014-11-10,18:00:00,1.20244,1.20266,1.20227,1.20228,0,0
2014-11-10,19:00:00,1.20242,1.20246,1.20222,1.20227,0,0
2014-11-10,20:00:00,1.20225,1.20257,1.2022,1.20247,0,0
2014-11-10,21:00:00,1.20244,1.20308,1.20239,1.20253,0,0
2014-11-10,22:00:00,1.20254,1.20267,1.20243,1.2025,0,0
2014-11-10,23:00:00,1.20252,1.20265,1.20229,1.2024,0,0
2014-11-10,23:59:00,1.20197,1.20269,1.20197,1.20265,0,0
2014-11-11,01:00:00,1.20256,1.2028,1.20238,1.20271,0,0
2014-11-11,02:00:00,1.20274,1.20285,1.20262,1.20278,0,0
2014-11-11,03:00:00,1.20278,1.20296,1.20267,1.20286,0,0
2014-11-11,04:00:00,1.20282,1.20304,1.20278,1.20291,0,0
2014-11-11,05:00:00,1.20293,1.20301,1.20278,1.20285,0,0
2014-11-11,06:00:00,1.20285,1.20298,1.20238,1.20247,0,0
2014-11-11,07:00:00,1.20247,1.20261,1.20233,1.20252,0,0
2014-11-11,08:00:00,1.20254,1.20266,1.20238,1.20248,0,0
2014-11-11,09:00:00,1.20269,1.20269,1.20213,1.20222,0,0
2014-11-11,10:00:00,1.20222,1.2025,1.20218,1.20247,0,0
2014-11-11,11:00:00,1.20249,1.20252,1.20218,1.20224,0,0
2014-11-11,12:00:00,1.2022,1.20231,1.20203,1.2021,0,0
2014-11-11,13:00:00,1.2021,1.20219,1.20193,1.20219,0,0
2014-11-11,14:00:00,1.20218,1.20224,1.20202,1.20224,0,0
2014-11-11,15:00:00,1.20223,1.20244,1.20214,1.20241,0,0
2014-11-11,16:00:00,1.20244,1.20281,1.20229,1.20267,0,0
2014-11-11,17:00:00,1.20268,1.20297,1.2025,1.20289,0,0
2014-11-11,18:00:00,1.20291,1.20304,1.20249,1.20258,0,0
2014-11-11,19:00:00,1.20262,1.20295,1.20252,1.20295,0,0
2014-11-11,20:00:00,1.20291,1.20306,1.20279,1.2029,0,0
2014-11-11,21:00:00,1.20291,1.20326,1.20277,1.20319,0,0
2014-11-11,22:00:00,1.20326,1.2033,1.20309,1.20323,0,0
2014-11-11,23:00:00,1.20323,1.20335,1.20291,1.20307,0,0
2014-11-11,23:59:00,1.20303,1.20327,1.20262,1.20308,0,0
2014-11-12,01:00:00,1.20308,1.20335,1.20303,1.20323,0,0
2014-11-12,02:00:00,1.20321,1.20327,1.20307,1.20313,0,0
2014-11-12,03:00:00,1.20313,1.20335,1.20313,1.20335,0,0
2014-11-12,04:00:00,1.20334,1.20342,1.20297,1.20319,0,0
2014-11-12,05:00:00,1.20319,1.20338,1.20307,1.20334,0,0
2014-11-12,06:00:00,1.20334,1.20345,1.20318,1.20322,0,0
2014-11-12,07:00:00,1.20323,1.20377,1.20321,1.20356,0,0
2014-11-12,08:00:00,1.20358,1.20368,1.20337,1.20343,0,0
2014-11-12,09:00:00,1.2034,1.20355,1.20274,1.20276,0,0
2014-11-12,10:00:00,1.20271,1.20292,1.2025,1.20276,0,0
2014-11-12,11:00:00,1.20279,1.20305,1.20221,1.20233,0,0
2014-11-12,12:00:00,1.20232,1.20268,1.20221,1.20258,0,0
2014-11-12,13:00:00,1.20261,1.2027,1.20226,1.2023,0,0
2014-11-12,14:00:00,1.20228,1.20256,1.20209,1.2022,0,0
2014-11-12,15:00:00,1.2022,1.20221,1.20183,1.20206,0,0
2014-11-12,16:00:00,1.20198,1.20219,1.20157,1.20199,0,0
2014-11-12,17:00:00,1.20199,1.2022,1.20173,1.20192,0,0
2014-11-12,18:00:00,1.20192,1.20206,1.2017,1.20193,0,0
2014-11-12,19:00:00,1.20193,1.2022,1.20188,1.20201,0,0
2014-11-12,20:00:00,1.20201,1.2022,1.20191,1.20215,0,0
2014-11-12,21:00:00,1.2021,1.20223,1.20194,1.20201,0,0
2014-11-12,22:00:00,1.20201,1.20216,1.20194,1.20211,0,0
2014-11-12,23:00:00,1.20212,1.20219,1.20174,1.20184,0,0
2014-11-12,23:59:00,1.20184,1.20221,1.20179,1.20195,0,0
2014-11-13,01:00:00,1.20212,1.20226,1.20191,1.20205,0,0
2014-11-13,02:00:00,1.20204,1.20214,1.20178,1.20214,0,0
2014-11-13,03:00:00,1.20211,1.20223,1.20189,1.20213,0,0
2014-11-13,04:00:00,1.20213,1.2022,1.20194,1.20212,0,0
2014-11-13,05:00:00,1.20209,1.20228,1.20204,1.20214,0,0
2014-11-13,06:00:00,1.20213,1.2023,1.20208,1.20227,0,0
2014-11-13,07:00:00,1.20224,1.20235,1.20219,1.20231,0,0
2014-11-13,08:00:00,1.20229,1.20242,1.20213,1.20215,0,0
2014-11-13,09:00:00,1.20215,1.20235,1.20199,1.20226,0,0
2014-11-13,10:00:00,1.20224,1.20234,1.20188,1.20195,0,0
2014-11-13,11:00:00,1.20195,1.20223,1.20185,1.20204,0,0
2014-11-13,12:00:00,1.20207,1.20215,1.20174,1.20179,0,0
2014-11-13,13:00:00,1.20179,1.20183,1.2016,1.20167,0,0
2014-11-13,14:00:00,1.20164,1.20177,1.20158,1.2017,0,0
2014-11-13,15:00:00,1.20167,1.20179,1.20147,1.20157,0,0
2014-11-13,16:00:00,1.20156,1.202,1.20147,1.2019,0,0
2014-11-13,17:00:00,1.2019,1.20198,1.20152,1.20179,0,0
2014-11-13,18:00:00,1.20183,1.20199,1.20168,1.20196,0,0
2014-11-13,19:00:00,1.20192,1.20211,1.2018,1.20191,0,0
2014-11-13,20:00:00,1.20197,1.20201,1.20168,1.20189,0,0
2014-11-13,21:00:00,1.20189,1.20193,1.20168,1.20188,0,0
2014-11-13,22:00:00,1.20188,1.20201,1.20177,1.20191,0,0
2014-11-13,23:00:00,1.20192,1.20199,1.20166,1.20196,0,0
2014-11-13,23:59:00,1.20196,1.20232,1.20171,1.202,0,0
2014-11-14,01:00:00,1.20207,1.20212,1.20191,1.20206,0,0
2014-11-14,02:00:00,1.20206,1.20206,1.20183,1.20194,0,0
2014-11-14,03:00:00,1.20194,1.20198,1.20171,1.20188,0,0
2014-11-14,04:00:00,1.20192,1.20195,1.20176,1.2019,0,0
2014-11-14,05:00:00,1.2019,1.20199,1.20177,1.20185,0,0
2014-11-14,06:00:00,1.20185,1.20186,1.20156,1.20162,0,0
2014-11-14,07:00:00,1.20161,1.20181,1.20159,1.20177,0,0
2014-11-14,08:00:00,1.20176,1.20195,1.20167,1.2019,0,0
2014-11-14,09:00:00,1.20196,1.20229,1.20173,1.20178,0,0
2014-11-14,10:00:00,1.20182,1.20193,1.20138,1.20143,0,0
2014-11-14,11:00:00,1.20143,1.20183,1.2013,1.20178,0,0
2014-11-14,12:00:00,1.20156,1.20187,1.20156,1.20181,0,0
2014-11-14,13:00:00,1.20184,1.20184,1.20133,1.20136,0,0
2014-11-14,14:00:00,1.20138,1.20149,1.20131,1.20143,0,0
2014-11-14,15:00:00,1.20137,1.20146,1.20104,1.20131,0,0
2014-11-14,16:00:00,1.20135,1.20207,1.20133,1.20193,0,0
2014-11-14,17:00:00,1.20193,1.20203,1.20114,1.20114,0,0
2014-11-14,18:00:00,1.20133,1.20157,1.20118,1.20126,0,0
2014-11-14,19:00:00,1.20128,1.20132,1.20089,1.201,0,0
2014-11-14,20:00:00,1.20112,1.20114,1.20094,1.20098,0,0
2014-11-14,21:00:00,1.20103,1.20113,1.2009,1.20112,0,0
2014-11-14,22:00:00,1.20112,1.20122,1.20092,1.20108,0,0
2014-11-14,23:00:00,1.20105,1.20105,1.20105,1.20105,0,0
2014-11-17,01:00:00,1.20142,1.20142,1.20094,1.20116,0,0
2014-11-17,02:00:00,1.20107,1.20133,1.20095,1.201,0,0
2014-11-17,03:00:00,1.20102,1.20133,1.20098,1.2012,0,0
2014-11-17,04:00:00,1.20128,1.2015,1.20119,1.20135,0,0
2014-11-17,05:00:00,1.20136,1.20149,1.20118,1.20133,0,0
2014-11-17,06:00:00,1.20131,1.20149,1.20125,1.20141,0,0
2014-11-17,07:00:00,1.20141,1.20145,1.20118,1.20123,0,0
2014-11-17,08:00:00,1.20123,1.2017,1.2012,1.20162,0,0
2014-11-17,09:00:00,1.20157,1.20164,1.20117,1.20121,0,0
2014-11-17,10:00:00,1.20121,1.20142,1.20096,1.201,0,0
2014-11-17,11:00:00,1.20099,1.20126,1.20078,1.20111,0,0
2014-11-17,12:00:00,1.20112,1.20137,1.20102,1.20136,0,0
2014-11-17,13:00:00,1.20136,1.20147,1.20102,1.20142,0,0
2014-11-17,14:00:00,1.20143,1.20157,1.20098,1.20103,0,0
2014-11-17,15:00:00,1.20103,1.2012,1.20098,1.20108,0,0
2014-11-17,16:00:00,1.20108,1.20162,1.20092,1.20147,0,0
2014-11-17,17:00:00,1.20136,1.20157,1.2011,1.20119,0,0
2014-11-17,18:00:00,1.20113,1.20147,1.20109,1.20141,0,0
2014-11-17,19:00:00,1.20141,1.20154,1.20124,1.20129,0,0
2014-11-17,20:00:00,1.20123,1.20134,1.20117,1.20123,0,0
2014-11-17,21:00:00,1.20123,1.20131,1.20114,1.20117,0,0
2014-11-17,22:00:00,1.20117,1.20139,1.20115,1.20135,0,0
2014-11-17,23:00:00,1.20132,1.20138,1.201,1.2012,0,0
2014-11-17,23:59:00,1.2012,1.20129,1.20091,1.20111,0,0
2014-11-18,01:00:00,1.2011,1.20126,1.20109,1.20113,0,0
2014-11-18,02:00:00,1.20113,1.20146,1.20109,1.20121,0,0
2014-11-18,03:00:00,1.20121,1.20136,1.20105,1.20135,0,0
2014-11-18,04:00:00,1.20135,1.20136,1.20108,1.20117,0,0
2014-11-18,05:00:00,1.20117,1.20124,1.20107,1.20117,0,0
2014-11-18,06:00:00,1.20119,1.20127,1.20114,1.20116,0,0
2014-11-18,07:00:00,1.20117,1.20125,1.20104,1.20114,0,0
2014-11-18,08:00:00,1.20114,1.20134,1.2011,1.20118,0,0
2014-11-18,09:00:00,1.20118,1.20135,1.20106,1.20108,0,0
2014-11-18,10:00:00,1.20106,1.20128,1.20105,1.20115,0,0
2014-11-18,11:00:00,1.20113,1.20131,1.20093,1.201,0,0
2014-11-18,12:00:00,1.201,1.20159,1.20086,1.20132,0,0
2014-11-18,13:00:00,1.20134,1.20136,1.20093,1.20108,0,0
2014-11-18,14:00:00,1.20104,1.20123,1.20098,1.20118,0,0
2014-11-18,15:00:00,1.20121,1.20122,1.2009,1.20101,0,0
2014-11-18,16:00:00,1.20104,1.20133,1.20091,1.20114,0,0
2014-11-18,17:00:00,1.20111,1.20125,1.20099,1.20115,0,0
2014-11-18,18:00:00,1.20107,1.20111,1.20088,1.20095,0,0
2014-11-18,19:00:00,1.20096,1.2011,1.20083,1.20106,0,0
2014-11-18,20:00:00,1.20105,1.20115,1.20094,1.201,0,0
2014-11-18,21:00:00,1.20101,1.2012,1.20096,1.20107,0,0
2014-11-18,22:00:00,1.20109,1.20122,1.20106,1.20108,0,0
2014-11-18,23:00:00,1.20108,1.20126,1.20102,1.20113,0,0
2014-11-18,23:59:00,1.20113,1.20121,1.20081,1.20117,0,0
2014-11-19,01:00:00,1.20119,1.20125,1.20101,1.20123,0,0
2014-11-19,02:00:00,1.20123,1.20129,1.20111,1.20117,0,0
2014-11-19,03:00:00,1.20123,1.20127,1.20104,1.20113,0,0
2014-11-19,04:00:00,1.20113,1.20125,1.20104,1.20121,0,0
2014-11-19,05:00:00,1.2012,1.20129,1.20108,1.20125,0,0
2014-11-19,06:00:00,1.20124,1.20129,1.20111,1.20122,0,0
2014-11-19,07:00:00,1.20121,1.20127,1.20112,1.20125,0,0
2014-11-19,08:00:00,1.20123,1.20134,1.20114,1.20122,0,0
2014-11-19,09:00:00,1.20123,1.20124,1.20104,1.20115,0,0
2014-11-19,10:00:00,1.20115,1.20115,1.20081,1.20106,0,0
2014-11-19,11:00:00,1.20114,1.20123,1.20097,1.20106,0,0
2014-11-19,12:00:00,1.20106,1.20117,1.20092,1.20099,0,0
2014-11-19,13:00:00,1.20099,1.2014,1.20095,1.20136,0,0
2014-11-19,14:00:00,1.20131,1.20146,1.20115,1.20123,0,0
2014-11-19,15:00:00,1.20122,1.20141,1.20103,1.20112,0,0
2014-11-19,16:00:00,1.20112,1.20142,1.201,1.20115,0,0
2014-11-19,17:00:00,1.20114,1.20235,1.20107,1.20202,0,0
2014-11-19,18:00:00,1.2024,1.2025,1.20097,1.20117,0,0
2014-11-19,19:00:00,1.20119,1.2012,1.20087,1.20104,0,0
2014-11-19,20:00:00,1.20106,1.20115,1.20089,1.20095,0,0
2014-11-19,21:00:00,1.20056,1.20138,1.20056,1.2013,0,0
2014-11-19,22:00:00,1.20129,1.20145,1.20115,1.20123,0,0
2014-11-19,23:00:00,1.20123,1.20139,1.20117,1.20118,0,0
2014-11-19,23:59:00,1.20118,1.20137,1.20098,1.20116,0,0
2014-11-20,01:00:00,1.20119,1.20137,1.20114,1.20123,0,0
2014-11-20,02:00:00,1.20127,1.20128,1.20094,1.20109,0,0
2014-11-20,03:00:00,1.20106,1.2012,1.20096,1.20117,0,0
2014-11-20,04:00:00,1.2011,1.20125,1.20106,1.20111,0,0
2014-11-20,05:00:00,1.20111,1.20124,1.20098,1.20117,0,0
2014-11-20,06:00:00,1.20117,1.20133,1.20115,1.20124,0,0
2014-11-20,07:00:00,1.20118,1.20132,1.2011,1.20128,0,0
2014-11-20,08:00:00,1.20128,1.20128,1.2011,1.20117,0,0
2014-11-20,09:00:00,1.20116,1.20126,1.20085,1.20102,0,0
2014-11-20,10:00:00,1.20098,1.20141,1.20087,1.20097,0,0
2014-11-20,11:00:00,1.20098,1.20127,1.20098,1.20103,0,0
2014-11-20,12:00:00,1.20105,1.20115,1.20094,1.20107,0,0
2014-11-20,13:00:00,1.20107,1.20126,1.20091,1.20125,0,0
2014-11-20,14:00:00,1.20123,1.2013,1.20101,1.20111,0,0
2014-11-20,15:00:00,1.20112,1.20131,1.20094,1.20097,0,0
2014-11-20,16:00:00,1.20097,1.20126,1.20093,1.20122,0,0
2014-11-20,17:00:00,1.20122,1.20136,1.20088,1.20114,0,0
2014-11-20,18:00:00,1.20114,1.20226,1.20104,1.20206,0,0
2014-11-20,19:00:00,1.20187,1.2021,1.20156,1.20161,0,0
2014-11-20,20:00:00,1.20158,1.20178,1.20144,1.20173,0,0
2014-11-20,21:00:00,1.20172,1.20185,1.20152,1.20152,0,0
2014-11-20,22:00:00,1.20152,1.20173,1.20144,1.20156,0,0
2014-11-20,23:00:00,1.20157,1.20178,1.20149,1.20166,0,0
2014-11-20,23:59:00,1.20164,1.20206,1.20141,1.20192,0,0
2014-11-21,01:00:00,1.20192,1.20215,1.20182,1.2021,0,0
2014-11-21,02:00:00,1.20223,1.20223,1.20188,1.20197,0,0
2014-11-21,03:00:00,1.20195,1.202,1.20177,1.20191,0,0
2014-11-21,04:00:00,1.20192,1.20215,1.20177,1.20214,0,0
2014-11-21,05:00:00,1.20213,1.2022,1.20202,1.20204,0,0
2014-11-21,06:00:00,1.20205,1.20224,1.20203,1.20214,0,0
2014-11-21,07:00:00,1.20215,1.20228,1.20211,1.2022,0,0
2014-11-21,08:00:00,1.20221,1.20233,1.20209,1.20212,0,0
2014-11-21,09:00:00,1.20212,1.20219,1.20172,1.20172,0,0
2014-11-21,10:00:00,1.20172,1.2032,1.20164,1.20305,0,0
2014-11-21,11:00:00,1.20312,1.20314,1.20191,1.20191,0,0
2014-11-21,12:00:00,1.20204,1.20263,1.20187,1.2023,0,0
2014-11-21,13:00:00,1.2023,1.20264,1.20201,1.20216,0,0
2014-11-21,14:00:00,1.20216,1.20239,1.20195,1.20231,0,0
2014-11-21,15:00:00,1.20231,1.20262,1.20166,1.20236,0,0
2014-11-21,16:00:00,1.20236,1.20255,1.2015,1.20162,0,0
2014-11-21,17:00:00,1.2016,1.20211,1.20124,1.20165,0,0
2014-11-21,18:00:00,1.20162,1.20172,1.20128,1.20137,0,0
2014-11-21,19:00:00,1.20139,1.20154,1.20107,1.20132,0,0
2014-11-21,20:00:00,1.20132,1.20147,1.20105,1.20126,0,0
2014-11-21,21:00:00,1.20126,1.20143,1.20116,1.20133,0,0
2014-11-21,22:00:00,1.20132,1.20134,1.2011,1.20123,0,0
2014-11-21,23:00:00,1.20124,1.20126,1.20115,1.20115,0,0
2014-11-24,01:00:00,1.20258,1.20258,1.20166,1.20188,0,0
2014-11-24,02:00:00,1.20186,1.20233,1.20184,1.20228,0,0
2014-11-24,03:00:00,1.20227,1.20245,1.20212,1.20215,0,0
2014-11-24,04:00:00,1.20217,1.20237,1.20211,1.20233,0,0
2014-11-24,05:00:00,1.20232,1.20267,1.20224,1.20246,0,0
2014-11-24,06:00:00,1.20246,1.20276,1.20246,1.20264,0,0
2014-11-24,07:00:00,1.20264,1.2027,1.20253,1.20267,0,0
2014-11-24,08:00:00,1.20267,1.20269,1.20218,1.20224,0,0
2014-11-24,09:00:00,1.20223,1.20241,1.20192,1.20233,0,0
2014-11-24,10:00:00,1.20232,1.2025,1.20174,1.20223,0,0
2014-11-24,11:00:00,1.2023,1.20248,1.20184,1.20198,0,0
2014-11-24,12:00:00,1.20193,1.20222,1.20183,1.20219,0,0
2014-11-24,13:00:00,1.2022,1.20232,1.20204,1.20228,0,0
2014-11-24,14:00:00,1.20228,1.20231,1.20195,1.20198,0,0
2014-11-24,15:00:00,1.20198,1.20256,1.20196,1.20243,0,0
2014-11-24,16:00:00,1.20241,1.20247,1.20214,1.20222,0,0
2014-11-24,17:00:00,1.20222,1.2025,1.2021,1.20234,0,0
2014-11-24,18:00:00,1.20229,1.20229,1.20205,1.20207,0,0
2014-11-24,19:00:00,1.20208,1.20224,1.2019,1.20223,0,0
2014-11-24,20:00:00,1.20223,1.20228,1.20197,1.20218,0,0
2014-11-24,21:00:00,1.20215,1.20222,1.202,1.202,0,0
2014-11-24,22:00:00,1.20205,1.2022,1.20194,1.20218,0,0
2014-11-24,23:00:00,1.20218,1.2022,1.20199,1.20203,0,0
2014-11-24,23:59:00,1.20212,1.20224,1.202,1.20214,0,0
2014-11-25,01:00:00,1.20215,1.20234,1.20205,1.2022,0,0
2014-11-25,02:00:00,1.20222,1.20236,1.20203,1.20232,0,0
2014-11-25,03:00:00,1.20228,1.20247,1.20228,1.20236,0,0
2014-11-25,04:00:00,1.20236,1.20248,1.20224,1.2024,0,0
2014-11-25,05:00:00,1.2024,1.20248,1.20228,1.20241,0,0
2014-11-25,06:00:00,1.20241,1.20259,1.20234,1.20238,0,0
2014-11-25,07:00:00,1.20237,1.20245,1.20233,1.20236,0,0
2014-11-25,08:00:00,1.20236,1.2025,1.20235,1.20243,0,0
2014-11-25,09:00:00,1.20243,1.20275,1.20222,1.2026,0,0
2014-11-25,10:00:00,1.20262,1.20265,1.20193,1.20202,0,0
2014-11-25,11:00:00,1.20209,1.20227,1.20188,1.20198,0,0
2014-11-25,12:00:00,1.20196,1.20226,1.20193,1.20199,0,0
2014-11-25,13:00:00,1.202,1.20208,1.20188,1.20202,0,0
2014-11-25,14:00:00,1.20203,1.20269,1.20198,1.20263,0,0
2014-11-25,15:00:00,1.20264,1.20273,1.20231,1.20266,0,0
2014-11-25,16:00:00,1.20263,1.20268,1.20206,1.20216,0,0
2014-11-25,17:00:00,1.20207,1.20274,1.20205,1.20274,0,0
2014-11-25,18:00:00,1.20276,1.20276,1.20238,1.20254,0,0
2014-11-25,19:00:00,1.20252,1.2027,1.20249,1.20265,0,0
2014-11-25,20:00:00,1.20263,1.20294,1.20247,1.2028,0,0
2014-11-25,21:00:00,1.20278,1.20287,1.20248,1.20252,0,0
2014-11-25,22:00:00,1.20253,1.20253,1.20214,1.20232,0,0
2014-11-25,23:00:00,1.20235,1.20245,1.20216,1.20224,0,0
2014-11-25,23:59:00,1.20221,1.20249,1.20211,1.20233,0,0
2014-11-26,01:00:00,1.20232,1.2024,1.20205,1.20211,0,0
2014-11-26,02:00:00,1.20212,1.2023,1.20203,1.20221,0,0
2014-11-26,03:00:00,1.2022,1.20227,1.20196,1.20203,0,0
2014-11-26,04:00:00,1.20204,1.20221,1.20198,1.20217,0,0
2014-11-26,05:00:00,1.20217,1.20237,1.20214,1.20227,0,0
2014-11-26,06:00:00,1.20227,1.20228,1.20199,1.20211,0,0
2014-11-26,07:00:00,1.20212,1.20227,1.202,1.20227,0,0
2014-11-26,08:00:00,1.20229,1.20235,1.20214,1.2023,0,0
2014-11-26,09:00:00,1.20227,1.2024,1.20202,1.20229,0,0
2014-11-26,10:00:00,1.2023,1.20236,1.20178,1.20203,0,0
2014-11-26,11:00:00,1.20203,1.20212,1.20126,1.20209,0,0
2014-11-26,12:00:00,1.20206,1.20233,1.20202,1.2023,0,0
2014-11-26,13:00:00,1.20226,1.20249,1.20224,1.20238,0,0
2014-11-26,14:00:00,1.20236,1.20258,1.20227,1.20233,0,0
2014-11-26,15:00:00,1.20231,1.20263,1.202,1.20236,0,0
2014-11-26,16:00:00,1.20235,1.20242,1.20206,1.20228,0,0
2014-11-26,17:00:00,1.20234,1.20234,1.20165,1.20195,0,0
2014-11-26,18:00:00,1.20194,1.20203,1.20163,1.20168,0,0
2014-11-26,19:00:00,1.20167,1.20184,1.2016,1.20178,0,0
2014-11-26,20:00:00,1.2017,1.20183,1.20168,1.20177,0,0
2014-11-26,21:00:00,1.20176,1.20191,1.20169,1.20184,0,0
2014-11-26,22:00:00,1.20184,1.20202,1.20174,1.20187,0,0
2014-11-26,23:00:00,1.20191,1.20198,1.20165,1.20177,0,0
2014-11-26,23:59:00,1.20179,1.20208,1.20163,1.20172,0,0
2014-11-27,01:00:00,1.20172,1.20184,1.20158,1.20171,0,0
2014-11-27,02:00:00,1.20171,1.20175,1.20157,1.2017,0,0
2014-11-27,03:00:00,1.2017,1.20198,1.20159,1.20182,0,0
2014-11-27,04:00:00,1.20184,1.20213,1.20169,1.20193,0,0
2014-11-27,05:00:00,1.20194,1.20203,1.20189,1.20198,0,0
2014-11-27,06:00:00,1.20198,1.20207,1.20193,1.20199,0,0
2014-11-27,07:00:00,1.20199,1.20206,1.20187,1.20188,0,0
2014-11-27,08:00:00,1.20185,1.20206,1.20181,1.20206,0,0
2014-11-27,09:00:00,1.20201,1.20205,1.20169,1.20181,0,0
2014-11-27,10:00:00,1.20181,1.20185,1.20153,1.20179,0,0
2014-11-27,11:00:00,1.20176,1.2019,1.20159,1.20168,0,0
2014-11-27,12:00:00,1.2016,1.20166,1.20138,1.20164,0,0
2014-11-27,13:00:00,1.20164,1.20174,1.20147,1.20169,0,0
2014-11-27,14:00:00,1.20165,1.20216,1.20163,1.20202,0,0
2014-11-27,15:00:00,1.20199,1.20201,1.20155,1.20159,0,0
2014-11-27,16:00:00,1.20161,1.20167,1.20144,1.20161,0,0
2014-11-27,17:00:00,1.20164,1.20176,1.20145,1.20162,0,0
2014-11-27,18:00:00,1.20165,1.20172,1.20147,1.20153,0,0
2014-11-27,19:00:00,1.20152,1.20165,1.2014,1.20155,0,0
2014-11-27,20:00:00,1.20159,1.20199,1.20152,1.20164,0,0
2014-11-27,21:00:00,1.20156,1.20184,1.20155,1.2018,0,0
2014-11-27,22:00:00,1.20178,1.20183,1.20151,1.20178,0,0
2014-11-27,23:00:00,1.20177,1.20177,1.20149,1.20152,0,0
2014-11-27,23:59:00,1.20151,1.20201,1.20112,1.20165,0,0
2014-11-28,01:00:00,1.20167,1.20174,1.20155,1.20162,0,0
2014-11-28,02:00:00,1.20162,1.20171,1.20147,1.20151,0,0
2014-11-28,03:00:00,1.20153,1.20165,1.20148,1.20159,0,0
2014-11-28,04:00:00,1.20158,1.20168,1.20151,1.20165,0,0
2014-11-28,05:00:00,1.20166,1.20175,1.20156,1.20162,0,0
2014-11-28,06:00:00,1.20162,1.20169,1.20151,1.20159,0,0
2014-11-28,07:00:00,1.20159,1.20173,1.20149,1.20169,0,0
2014-11-28,08:00:00,1.20169,1.2019,1.20162,1.2019,0,0
2014-11-28,09:00:00,1.20179,1.20205,1.2016,1.20194,0,0
2014-11-28,10:00:00,1.20198,1.202,1.20147,1.20157,0,0
2014-11-28,11:00:00,1.2016,1.20164,1.20136,1.20142,0,0
2014-11-28,12:00:00,1.20128,1.20173,1.20127,1.2016,0,0
2014-11-28,13:00:00,1.20161,1.20168,1.20126,1.20138,0,0
2014-11-28,14:00:00,1.20142,1.20157,1.20129,1.20142,0,0
2014-11-28,15:00:00,1.20142,1.20147,1.20105,1.20114,0,0
2014-11-28,16:00:00,1.20115,1.2016,1.20107,1.2015,0,0
2014-11-28,17:00:00,1.20149,1.20153,1.2008,1.20081,0,0
2014-11-28,18:00:00,1.20074,1.20123,1.20072,1.20096,0,0
2014-11-28,19:00:00,1.20098,1.20114,1.20084,1.20114,0,0
2014-11-28,20:00:00,1.20114,1.20135,1.20091,1.20113,0,0
2014-11-28,21:00:00,1.20112,1.20151,1.20107,1.20128,0,0
2014-11-28,22:00:00,1.20128,1.20141,1.20091,1.20139,0,0
2014-11-28,23:00:00,1.20139,1.20181,1.20139,1.20171,0,0
2014-12-01,01:00:00,1.20328,1.20365,1.20294,1.20326,0,0
2014-12-01,02:00:00,1.20326,1.20339,1.20287,1.20305,0,0
2014-12-01,03:00:00,1.20302,1.20327,1.20296,1.20319,0,0
2014-12-01,04:00:00,1.20319,1.20343,1.20306,1.2033,0,0
2014-12-01,05:00:00,1.2033,1.20349,1.2031,1.20311,0,0
2014-12-01,06:00:00,1.20314,1.20325,1.20293,1.20311,0,0
2014-12-01,07:00:00,1.20313,1.20313,1.20297,1.20303,0,0
2014-12-01,08:00:00,1.20303,1.20306,1.20218,1.20227,0,0
2014-12-01,09:00:00,1.20224,1.20284,1.20213,1.20259,0,0
2014-12-01,10:00:00,1.20262,1.20297,1.20188,1.20245,0,0
2014-12-01,11:00:00,1.20238,1.20276,1.20223,1.20246,0,0
2014-12-01,12:00:00,1.20243,1.20267,1.20164,1.20212,0,0
2014-12-01,13:00:00,1.20213,1.20226,1.20207,1.2022,0,0
2014-12-01,14:00:00,1.2022,1.20253,1.20217,1.20239,0,0
2014-12-01,15:00:00,1.20239,1.2028,1.20218,1.20261,0,0
2014-12-01,16:00:00,1.20261,1.20275,1.20202,1.20207,0,0
2014-12-01,17:00:00,1.20218,1.20234,1.20196,1.20223,0,0
2014-12-01,18:00:00,1.20224,1.20284,1.20221,1.20255,0,0
2014-12-01,19:00:00,1.20257,1.20273,1.20203,1.20217,0,0
2014-12-01,20:00:00,1.20214,1.2026,1.20203,1.20243,0,0
2014-12-01,21:00:00,1.20243,1.20262,1.20235,1.20253,0,0
2014-12-01,22:00:00,1.20252,1.2027,1.20244,1.20246,0,0
2014-12-01,23:00:00,1.20248,1.20261,1.20239,1.20254,0,0
2014-12-01,23:59:00,1.20257,1.20283,1.20238,1.2026,0,0
2014-12-02,01:00:00,1.20264,1.20273,1.20251,1.20255,0,0
2014-12-02,02:00:00,1.20257,1.20271,1.2024,1.20255,0,0
2014-12-02,03:00:00,1.20255,1.20286,1.20252,1.20282,0,0
2014-12-02,04:00:00,1.20281,1.20292,1.20271,1.20285,0,0
2014-12-02,05:00:00,1.20285,1.2029,1.20263,1.20269,0,0
2014-12-02,06:00:00,1.20269,1.20303,1.20264,1.20281,0,0
2014-12-02,07:00:00,1.20281,1.20305,1.20276,1.20295,0,0
2014-12-02,08:00:00,1.20296,1.2031,1.20271,1.20309,0,0
2014-12-02,09:00:00,1.20308,1.20321,1.2025,1.20273,0,0
2014-12-02,10:00:00,1.20271,1.20354,1.20271,1.2032,0,0
2014-12-02,11:00:00,1.20319,1.20408,1.20318,1.20383,0,0
2014-12-02,12:00:00,1.20382,1.20389,1.2035,1.20365,0,0
2014-12-02,13:00:00,1.20365,1.20397,1.20364,1.20397,0,0
2014-12-02,14:00:00,1.20396,1.20398,1.20328,1.20344,0,0
2014-12-02,15:00:00,1.20346,1.20422,1.20334,1.20377,0,0
2014-12-02,16:00:00,1.20376,1.20409,1.20365,1.2039,0,0
2014-12-02,17:00:00,1.20389,1.20397,1.20357,1.20389,0,0
2014-12-02,18:00:00,1.2039,1.2042,1.2038,1.20399,0,0
2014-12-02,19:00:00,1.20396,1.20429,1.20366,1.20423,0,0
2014-12-02,20:00:00,1.2042,1.20434,1.20389,1.20404,0,0
2014-12-02,21:00:00,1.20403,1.20411,1.20361,1.20376,0,0
2014-12-02,22:00:00,1.20372,1.20374,1.20343,1.20343,0,0
2014-12-02,23:00:00,1.20344,1.2036,1.20329,1.20338,0,0
2014-12-02,23:59:00,1.20333,1.20386,1.20331,1.20367,0,0
2014-12-03,01:00:00,1.20363,1.20375,1.20353,1.20366,0,0
2014-12-03,02:00:00,1.20371,1.20382,1.20356,1.20374,0,0
2014-12-03,03:00:00,1.20374,1.20378,1.20346,1.20353,0,0
2014-12-03,04:00:00,1.20353,1.20372,1.20343,1.20355,0,0
2014-12-03,05:00:00,1.20355,1.2037,1.20329,1.20331,0,0
2014-12-03,06:00:00,1.20331,1.20349,1.20327,1.20346,0,0
2014-12-03,07:00:00,1.20346,1.20354,1.20331,1.20341,0,0
2014-12-03,08:00:00,1.20352,1.20376,1.20307,1.20312,0,0
2014-12-03,09:00:00,1.20313,1.20326,1.20289,1.20299,0,0
2014-12-03,10:00:00,1.20294,1.20333,1.20256,1.20264,0,0
2014-12-03,11:00:00,1.20259,1.20306,1.20259,1.2027,0,0
2014-12-03,12:00:00,1.2027,1.20284,1.20229,1.20244,0,0
2014-12-03,13:00:00,1.20245,1.20285,1.2023,1.20277,0,0
2014-12-03,14:00:00,1.20276,1.2029,1.20263,1.20268,0,0
2014-12-03,15:00:00,1.20268,1.20273,1.20228,1.20249,0,0
2014-12-03,16:00:00,1.20249,1.20288,1.2024,1.20274,0,0
2014-12-03,17:00:00,1.20258,1.20319,1.20258,1.20289,0,0
2014-12-03,18:00:00,1.20278,1.20306,1.20252,1.20297,0,0
2014-12-03,19:00:00,1.20294,1.20308,1.20282,1.20284,0,0
2014-12-03,20:00:00,1.20284,1.20303,1.20269,1.20298,0,0
2014-12-03,21:00:00,1.20298,1.20332,1.20297,1.20331,0,0
2014-12-03,22:00:00,1.20331,1.20346,1.20305,1.20312,0,0
2014-12-03,23:00:00,1.20312,1.20317,1.20289,1.20303,0,0
2014-12-03,23:59:00,1.20305,1.20334,1.20286,1.2031,0,0
2014-12-04,01:00:00,1.2031,1.20328,1.20307,1.20311,0,0
2014-12-04,02:00:00,1.2031,1.20331,1.20293,1.20293,0,0
2014-12-04,03:00:00,1.20293,1.20304,1.20283,1.20298,0,0
2014-12-04,04:00:00,1.20292,1.20316,1.20292,1.20309,0,0
2014-12-04,05:00:00,1.20311,1.20316,1.2029,1.20294,0,0
2014-12-04,06:00:00,1.20294,1.203,1.20285,1.2029,0,0
2014-12-04,07:00:00,1.20287,1.20301,1.20286,1.20298,0,0
2014-12-04,08:00:00,1.20297,1.20312,1.20285,1.20302,0,0
2014-12-04,09:00:00,1.20302,1.20341,1.20282,1.20337,0,0
2014-12-04,10:00:00,1.20334,1.20362,1.20334,1.20339,0,0
2014-12-04,11:00:00,1.20341,1.20349,1.20319,1.20323,0,0
2014-12-04,12:00:00,1.2032,1.20332,1.20301,1.20311,0,0
2014-12-04,13:00:00,1.20311,1.20318,1.20277,1.20294,0,0
2014-12-04,14:00:00,1.20291,1.20306,1.20272,1.20279,0,0
2014-12-04,15:00:00,1.20278,1.20355,1.20228,1.20244,0,0
2014-12-04,16:00:00,1.20244,1.20298,1.20217,1.20227,0,0
2014-12-04,17:00:00,1.20225,1.20261,1.20185,1.202,0,0
2014-12-04,18:00:00,1.20191,1.20236,1.20153,1.20222,0,0
2014-12-04,19:00:00,1.20219,1.20265,1.20179,1.2023,0,0
2014-12-04,20:00:00,1.20233,1.20256,1.20204,1.20208,0,0
2014-12-04,21:00:00,1.20203,1.20217,1.20182,1.20193,0,0
2014-12-04,22:00:00,1.20185,1.20202,1.20179,1.20197,0,0
2014-12-04,23:00:00,1.20197,1.20226,1.2019,1.2019,0,0
2014-12-04,23:59:00,1.20196,1.20231,1.20178,1.20191,0,0
2014-12-05,01:00:00,1.20192,1.2021,1.20185,1.20205,0,0
2014-12-05,02:00:00,1.20203,1.20223,1.20191,1.20216,0,0
2014-12-05,03:00:00,1.20218,1.20227,1.20203,1.20221,0,0
2014-12-05,04:00:00,1.20221,1.20223,1.20207,1.20217,0,0
2014-12-05,05:00:00,1.20217,1.20243,1.20204,1.20217,0,0
2014-12-05,06:00:00,1.20215,1.20222,1.20204,1.20216,0,0
2014-12-05,07:00:00,1.20217,1.20221,1.202,1.20214,0,0
2014-12-05,08:00:00,1.20212,1.20217,1.20195,1.20201,0,0
2014-12-05,09:00:00,1.20204,1.20218,1.20183,1.20205,0,0
2014-12-05,10:00:00,1.20209,1.20221,1.20187,1.20189,0,0
2014-12-05,11:00:00,1.2019,1.20209,1.20186,1.20191,0,0
2014-12-05,12:00:00,1.20192,1.20198,1.20159,1.20172,0,0
2014-12-05,13:00:00,1.2017,1.20187,1.20168,1.2018,0,0
2014-12-05,14:00:00,1.20179,1.20188,1.2016,1.20178,0,0
2014-12-05,15:00:00,1.20176,1.20256,1.20076,1.20233,0,0
2014-12-05,16:00:00,1.20231,1.20255,1.20161,1.20235,0,0
2014-12-05,17:00:00,1.20232,1.20262,1.20186,1.2019,0,0
2014-12-05,18:00:00,1.20192,1.20222,1.2018,1.20194,0,0
2014-12-05,19:00:00,1.20196,1.20202,1.20176,1.20196,0,0
2014-12-05,20:00:00,1.20195,1.20203,1.20171,1.20183,0,0
2014-12-05,21:00:00,1.20183,1.2019,1.20161,1.2018,0,0
2014-12-05,22:00:00,1.20182,1.20191,1.20165,1.20182,0,0
2014-12-05,23:00:00,1.2018,1.20182,1.20172,1.20182,0,0
2014-12-08,01:00:00,1.20228,1.20251,1.2021,1.20251,0,0
2014-12-08,02:00:00,1.20255,1.20259,1.20207,1.20218,0,0
2014-12-08,03:00:00,1.20219,1.2023,1.20206,1.20217,0,0
2014-12-08,04:00:00,1.20217,1.20222,1.20202,1.20211,0,0
2014-12-08,05:00:00,1.20211,1.20228,1.20199,1.20221,0,0
2014-12-08,06:00:00,1.20221,1.2023,1.20212,1.20221,0,0
2014-12-08,07:00:00,1.20216,1.20225,1.20206,1.20221,0,0
2014-12-08,08:00:00,1.20223,1.20246,1.20215,1.20215,0,0
2014-12-08,09:00:00,1.20218,1.20254,1.20205,1.20222,0,0
2014-12-08,10:00:00,1.20224,1.2026,1.20206,1.20221,0,0
2014-12-08,11:00:00,1.20219,1.20227,1.20199,1.2021,0,0
2014-12-08,12:00:00,1.2021,1.20223,1.20195,1.20204,0,0
2014-12-08,13:00:00,1.20206,1.20221,1.20199,1.2021,0,0
2014-12-08,14:00:00,1.20205,1.20218,1.20197,1.20206,0,0
2014-12-08,15:00:00,1.20202,1.20209,1.20169,1.20171,0,0
2014-12-08,16:00:00,1.20174,1.20195,1.20166,1.20178,0,0
2014-12-08,17:00:00,1.20177,1.20194,1.20162,1.20181,0,0
2014-12-08,18:00:00,1.20181,1.20187,1.20152,1.2016,0,0
2014-12-08,19:00:00,1.20159,1.20195,1.20155,1.20168,0,0
2014-12-08,20:00:00,1.2017,1.2018,1.20153,1.20174,0,0
2014-12-08,21:00:00,1.20176,1.20195,1.20162,1.20191,0,0
2014-12-08,22:00:00,1.20195,1.20195,1.20175,1.2018,0,0
2014-12-08,23:00:00,1.20187,1.20194,1.20167,1.20187,0,0
2014-12-08,23:59:00,1.20188,1.20212,1.20153,1.20175,0,0
2014-12-09,01:00:00,1.20177,1.202,1.20173,1.20197,0,0
2014-12-09,02:00:00,1.20195,1.202,1.20178,1.20192,0,0
2014-12-09,03:00:00,1.20192,1.20192,1.20162,1.20168,0,0
2014-12-09,04:00:00,1.20167,1.20181,1.20166,1.20176,0,0
2014-12-09,05:00:00,1.20178,1.20182,1.20148,1.20153,0,0
2014-12-09,06:00:00,1.20156,1.20166,1.20142,1.20151,0,0
2014-12-09,07:00:00,1.20152,1.20173,1.20147,1.20164,0,0
2014-12-09,08:00:00,1.20165,1.2019,1.20155,1.20177,0,0
2014-12-09,09:00:00,1.20181,1.20195,1.20153,1.20168,0,0
2014-12-09,10:00:00,1.20164,1.20205,1.20148,1.20165,0,0
2014-12-09,11:00:00,1.20163,1.20204,1.20158,1.20196,0,0
2014-12-09,12:00:00,1.20195,1.20207,1.20177,1.20191,0,0
2014-12-09,13:00:00,1.20192,1.202,1.20178,1.2019,0,0
2014-12-09,14:00:00,1.20192,1.20209,1.20167,1.20171,0,0
2014-12-09,15:00:00,1.20172,1.20182,1.20144,1.20149,0,0
2014-12-09,16:00:00,1.20151,1.2017,1.20109,1.20163,0,0
2014-12-09,17:00:00,1.20165,1.20178,1.20111,1.20162,0,0
2014-12-09,18:00:00,1.20161,1.20166,1.20113,1.20143,0,0
2014-12-09,19:00:00,1.20141,1.20166,1.20104,1.20144,0,0
2014-12-09,20:00:00,1.20147,1.2016,1.20125,1.2013,0,0
2014-12-09,21:00:00,1.20127,1.20158,1.20121,1.2015,0,0
2014-12-09,22:00:00,1.20146,1.2018,1.20139,1.20177,0,0
2014-12-09,23:00:00,1.20176,1.20186,1.20136,1.20154,0,0
2014-12-09,23:59:00,1.20158,1.20172,1.20132,1.20149,0,0
2014-12-10,01:00:00,1.2015,1.20197,1.20146,1.20192,0,0
2014-12-10,02:00:00,1.20194,1.20201,1.20168,1.20171,0,0
2014-12-10,03:00:00,1.2017,1.20179,1.20151,1.20155,0,0
2014-12-10,04:00:00,1.2016,1.20164,1.20128,1.20136,0,0
2014-12-10,05:00:00,1.20134,1.20151,1.20129,1.20148,0,0
2014-12-10,06:00:00,1.20149,1.20153,1.20128,1.20143,0,0
2014-12-10,07:00:00,1.20143,1.20163,1.20129,1.20153,0,0
2014-12-10,08:00:00,1.20155,1.20207,1.20154,1.20191,0,0
2014-12-10,09:00:00,1.20191,1.20197,1.20145,1.20152,0,0
2014-12-10,10:00:00,1.20151,1.20181,1.20135,1.20153,0,0
2014-12-10,11:00:00,1.20155,1.20175,1.20136,1.20165,0,0
2014-12-10,12:00:00,1.20164,1.20175,1.20153,1.20159,0,0
2014-12-10,13:00:00,1.20162,1.20194,1.20146,1.20175,0,0
2014-12-10,14:00:00,1.20178,1.20198,1.20159,1.20198,0,0
2014-12-10,15:00:00,1.202,1.20213,1.20177,1.20211,0,0
2014-12-10,16:00:00,1.20211,1.20264,1.20202,1.20247,0,0
2014-12-10,17:00:00,1.20248,1.20268,1.20199,1.20255,0,0
2014-12-10,18:00:00,1.20259,1.20259,1.20219,1.20228,0,0
2014-12-10,19:00:00,1.20228,1.20286,1.20217,1.20281,0,0
2014-12-10,20:00:00,1.2028,1.20305,1.20269,1.20296,0,0
2014-12-10,21:00:00,1.20296,1.20312,1.20265,1.20302,0,0
2014-12-10,22:00:00,1.20294,1.203,1.20258,1.20285,0,0
2014-12-10,23:00:00,1.20286,1.20288,1.20244,1.20253,0,0
2014-12-10,23:59:00,1.20257,1.20298,1.20242,1.20286,0,0
2014-12-11,01:00:00,1.20282,1.20326,1.20276,1.20278,0,0
2014-12-11,02:00:00,1.2028,1.20328,1.20255,1.20321,0,0
2014-12-11,03:00:00,1.20326,1.20333,1.20281,1.20288,0,0
2014-12-11,04:00:00,1.20286,1.20312,1.20286,1.2031,0,0
2014-12-11,05:00:00,1.20312,1.20317,1.20296,1.20303,0,0
2014-12-11,06:00:00,1.20303,1.20314,1.20286,1.20309,0,0
2014-12-11,07:00:00,1.20311,1.20323,1.20289,1.20299,0,0
2014-12-11,08:00:00,1.20299,1.20326,1.2024,1.20247,0,0
2014-12-11,09:00:00,1.20247,1.20341,1.20242,1.20267,0,0
2014-12-11,10:00:00,1.20273,1.20323,1.20119,1.20129,0,0
2014-12-11,11:00:00,1.20129,1.20145,1.20106,1.20117,0,0
2014-12-11,12:00:00,1.20117,1.20134,1.20102,1.20117,0,0
2014-12-11,13:00:00,1.20113,1.20135,1.20096,1.20101,0,0
2014-12-11,14:00:00,1.20103,1.20109,1.20071,1.20077,0,0
2014-12-11,15:00:00,1.20078,1.20116,1.2007,1.20082,0,0
2014-12-11,16:00:00,1.20085,1.20112,1.20068,1.20105,0,0
2014-12-11,17:00:00,1.20101,1.20109,1.20069,1.20087,0,0
2014-12-11,18:00:00,1.20085,1.2009,1.20065,1.20073,0,0
2014-12-11,19:00:00,1.20072,1.20126,1.20062,1.20117,0,0
2014-12-11,20:00:00,1.20115,1.20118,1.20083,1.20087,0,0
2014-12-11,21:00:00,1.20087,1.20092,1.20065,1.20081,0,0
2014-12-11,22:00:00,1.2008,1.20096,1.20065,1.20078,0,0
2014-12-11,23:00:00,1.20073,1.20099,1.20065,1.20089,0,0
2014-12-11,23:59:00,1.20089,1.20111,1.20063,1.20072,0,0
2014-12-12,01:00:00,1.20074,1.20099,1.20065,1.20088,0,0
2014-12-12,02:00:00,1.20088,1.20095,1.2007,1.20083,0,0
2014-12-12,03:00:00,1.20079,1.20098,1.20073,1.20078,0,0
2014-12-12,04:00:00,1.20078,1.20089,1.2007,1.20074,0,0
2014-12-12,05:00:00,1.20073,1.20082,1.20068,1.20076,0,0
2014-12-12,06:00:00,1.20078,1.20081,1.20063,1.20071,0,0
2014-12-12,07:00:00,1.20076,1.20082,1.20071,1.20081,0,0
2014-12-12,08:00:00,1.20077,1.20089,1.20066,1.2008,0,0
2014-12-12,09:00:00,1.20081,1.20089,1.20065,1.20082,0,0
2014-12-12,10:00:00,1.20086,1.20088,1.20051,1.20055,0,0
2014-12-12,11:00:00,1.20059,1.20064,1.2004,1.2005,0,0
2014-12-12,12:00:00,1.20049,1.20067,1.20047,1.20056,0,0
2014-12-12,13:00:00,1.20058,1.20063,1.20044,1.20049,0,0
2014-12-12,14:00:00,1.20048,1.20068,1.20048,1.2006,0,0
2014-12-12,15:00:00,1.2006,1.20065,1.20047,1.20055,0,0
2014-12-12,16:00:00,1.20054,1.20069,1.20047,1.20057,0,0
2014-12-12,17:00:00,1.20055,1.20069,1.20049,1.20051,0,0
2014-12-12,18:00:00,1.20054,1.20076,1.20046,1.20062,0,0
2014-12-12,19:00:00,1.20059,1.2007,1.20054,1.20063,0,0
2014-12-12,20:00:00,1.20063,1.20069,1.20055,1.20063,0,0
2014-12-12,21:00:00,1.20061,1.20073,1.20053,1.20063,0,0
2014-12-12,22:00:00,1.20064,1.20072,1.20058,1.20058,0,0
2014-12-12,23:00:00,1.20057,1.20065,1.20056,1.20064,0,0
2014-12-15,01:00:00,1.20086,1.20095,1.20056,1.20094,0,0
2014-12-15,02:00:00,1.20094,1.20098,1.20075,1.20077,0,0
2014-12-15,03:00:00,1.2008,1.20095,1.20069,1.20079,0,0
2014-12-15,04:00:00,1.20076,1.20091,1.2007,1.2008,0,0
2014-12-15,05:00:00,1.20079,1.20096,1.20076,1.2008,0,0
2014-12-15,06:00:00,1.2008,1.20085,1.20064,1.20072,0,0
2014-12-15,07:00:00,1.20069,1.20084,1.20066,1.20078,0,0
2014-12-15,08:00:00,1.20078,1.20088,1.20058,1.20065,0,0
2014-12-15,09:00:00,1.20065,1.20088,1.20054,1.20077,0,0
2014-12-15,10:00:00,1.20077,1.20111,1.20067,1.20103,0,0
2014-12-15,11:00:00,1.20101,1.20104,1.20063,1.20069,0,0
2014-12-15,12:00:00,1.20066,1.2009,1.2006,1.20073,0,0
2014-12-15,13:00:00,1.20077,1.20087,1.20056,1.20068,0,0
2014-12-15,14:00:00,1.20066,1.20087,1.20059,1.20084,0,0
2014-12-15,15:00:00,1.20085,1.20086,1.20056,1.20064,0,0
2014-12-15,16:00:00,1.20066,1.20088,1.20055,1.20067,0,0
2014-12-15,17:00:00,1.20061,1.20077,1.20055,1.20057,0,0
2014-12-15,18:00:00,1.20062,1.20074,1.20052,1.20059,0,0
2014-12-15,19:00:00,1.20067,1.20082,1.2005,1.2006,0,0
2014-12-15,20:00:00,1.20059,1.20076,1.2005,1.2006,0,0
2014-12-15,21:00:00,1.2006,1.20071,1.20052,1.20062,0,0
2014-12-15,22:00:00,1.20062,1.20069,1.20048,1.2005,0,0
2014-12-15,23:00:00,1.20055,1.20072,1.20044,1.2005,0,0
2014-12-15,23:59:00,1.20058,1.20066,1.20042,1.20055,0,0
2014-12-16,01:00:00,1.20055,1.20079,1.20051,1.20075,0,0
2014-12-16,02:00:00,1.20076,1.20081,1.20049,1.20054,0,0
2014-12-16,03:00:00,1.20058,1.20064,1.20047,1.20053,0,0
2014-12-16,04:00:00,1.20055,1.2006,1.20043,1.20046,0,0
2014-12-16,05:00:00,1.20046,1.20057,1.20041,1.20054,0,0
2014-12-16,06:00:00,1.20057,1.20069,1.20053,1.2006,0,0
2014-12-16,07:00:00,1.2006,1.20066,1.20049,1.2005,0,0
2014-12-16,08:00:00,1.20049,1.20063,1.20043,1.20052,0,0
2014-12-16,09:00:00,1.20056,1.20064,1.2004,1.20054,0,0
2014-12-16,10:00:00,1.20056,1.20063,1.20041,1.20049,0,0
2014-12-16,11:00:00,1.20042,1.20117,1.20041,1.20055,0,0
2014-12-16,12:00:00,1.2005,1.20065,1.20036,1.2005,0,0
2014-12-16,13:00:00,1.20048,1.20075,1.20038,1.20047,0,0
2014-12-16,14:00:00,1.20043,1.20062,1.20035,1.20052,0,0
2014-12-16,15:00:00,1.20052,1.20064,1.20037,1.20047,0,0
2014-12-16,16:00:00,1.20046,1.20061,1.20041,1.20049,0,0
2014-12-16,17:00:00,1.20048,1.20071,1.20042,1.20048,0,0
2014-12-16,18:00:00,1.20051,1.20087,1.20039,1.20049,0,0
2014-12-16,19:00:00,1.20048,1.20063,1.20041,1.20053,0,0
2014-12-16,20:00:00,1.20048,1.20065,1.20039,1.20051,0,0
2014-12-16,21:00:00,1.20052,1.20063,1.20042,1.20055,0,0
2014-12-16,22:00:00,1.20052,1.2006,1.20041,1.20051,0,0
2014-12-16,23:00:00,1.20049,1.20068,1.2004,1.20052,0,0
2014-12-16,23:59:00,1.20054,1.20069,1.20044,1.20057,0,0
2014-12-17,01:00:00,1.20058,1.20071,1.20039,1.20054,0,0
2014-12-17,02:00:00,1.20055,1.20064,1.20043,1.20054,0,0
2014-12-17,03:00:00,1.20054,1.20061,1.20044,1.20051,0,0
2014-12-17,04:00:00,1.20051,1.20062,1.20045,1.20052,0,0
2014-12-17,05:00:00,1.20054,1.20063,1.20042,1.20048,0,0
2014-12-17,06:00:00,1.20048,1.20057,1.20043,1.20051,0,0
2014-12-17,07:00:00,1.20053,1.20067,1.20047,1.20062,0,0
2014-12-17,08:00:00,1.20062,1.20069,1.20049,1.2006,0,0
2014-12-17,09:00:00,1.20057,1.20069,1.20046,1.2006,0,0
2014-12-17,10:00:00,1.20062,1.20072,1.20046,1.20056,0,0
2014-12-17,11:00:00,1.20057,1.20059,1.20039,1.20044,0,0
2014-12-17,12:00:00,1.20042,1.20061,1.20036,1.20059,0,0
2014-12-17,13:00:00,1.20059,1.20069,1.20044,1.20055,0,0
2014-12-17,14:00:00,1.20053,1.20068,1.20046,1.20056,0,0
2014-12-17,15:00:00,1.20054,1.20067,1.20027,1.20045,0,0
2014-12-17,16:00:00,1.20046,1.20058,1.20039,1.20049,0,0
2014-12-17,17:00:00,1.20048,1.20059,1.20033,1.20051,0,0
2014-12-17,18:00:00,1.20049,1.20066,1.20038,1.20045,0,0
2014-12-17,19:00:00,1.20043,1.20067,1.2004,1.20055,0,0
2014-12-17,20:00:00,1.20055,1.20067,1.2003,1.20055,0,0
2014-12-17,21:00:00,1.20061,1.2007,1.2002,1.20055,0,0
2014-12-17,22:00:00,1.20055,1.20064,1.20036,1.20051,0,0
2014-12-17,23:00:00,1.20049,1.20068,1.20037,1.20051,0,0
2014-12-17,23:59:00,1.20063,1.20081,1.20027,1.20054,0,0
2014-12-18,01:00:00,1.20052,1.20065,1.2004,1.20057,0,0
2014-12-18,02:00:00,1.20056,1.20065,1.20042,1.20055,0,0
2014-12-18,03:00:00,1.20053,1.20068,1.20042,1.20059,0,0
2014-12-18,04:00:00,1.20061,1.20064,1.20039,1.20054,0,0
2014-12-18,05:00:00,1.20054,1.20069,1.20043,1.20055,0,0
2014-12-18,06:00:00,1.20056,1.20063,1.20038,1.20049,0,0
2014-12-18,07:00:00,1.20047,1.20061,1.20042,1.20056,0,0
2014-12-18,08:00:00,1.20057,1.20062,1.20043,1.20049,0,0
2014-12-18,09:00:00,1.2005,1.20932,1.2005,1.20614,0,0
2014-12-18,10:00:00,1.20605,1.20655,1.20296,1.20371,0,0
2014-12-18,11:00:00,1.20366,1.2043,1.20299,1.2034,0,0
2014-12-18,12:00:00,1.20346,1.20409,1.20282,1.20343,0,0
2014-12-18,13:00:00,1.20341,1.20409,1.20332,1.20384,0,0
2014-12-18,14:00:00,1.20382,1.20522,1.2037,1.20512,0,0
2014-12-18,15:00:00,1.20512,1.20531,1.2041,1.20448,0,0
2014-12-18,16:00:00,1.20445,1.20469,1.20414,1.20435,0,0
2014-12-18,17:00:00,1.20432,1.20433,1.20357,1.20361,0,0
2014-12-18,18:00:00,1.20365,1.2037,1.20328,1.20347,0,0
2014-12-18,19:00:00,1.20344,1.20425,1.20337,1.20351,0,0
2014-12-18,20:00:00,1.20352,1.20375,1.20343,1.2036,0,0
2014-12-18,21:00:00,1.20364,1.20369,1.20346,1.20357,0,0
2014-12-18,22:00:00,1.20358,1.20379,1.20338,1.20358,0,0
2014-12-18,23:00:00,1.20352,1.20363,1.20323,1.2035,0,0
2014-12-18,23:59:00,1.2036,1.20373,1.20341,1.2036,0,0
2014-12-19,01:00:00,1.20359,1.2039,1.20337,1.20383,0,0
2014-12-19,02:00:00,1.2038,1.20392,1.2036,1.20381,0,0
2014-12-19,03:00:00,1.20378,1.20391,1.20331,1.20338,0,0
2014-12-19,04:00:00,1.20337,1.20404,1.20327,1.20374,0,0
2014-12-19,05:00:00,1.20375,1.20445,1.20375,1.20441,0,0
2014-12-19,06:00:00,1.20441,1.20452,1.20429,1.20434,0,0
2014-12-19,07:00:00,1.20431,1.20437,1.204,1.20409,0,0
2014-12-19,08:00:00,1.20407,1.20414,1.20363,1.20363,0,0
2014-12-19,09:00:00,1.20365,1.2041,1.20352,1.20409,0,0
2014-12-19,10:00:00,1.20407,1.20418,1.20359,1.20391,0,0
2014-12-19,11:00:00,1.2039,1.204,1.20307,1.20315,0,0
2014-12-19,12:00:00,1.20313,1.20372,1.20305,1.20328,0,0
2014-12-19,13:00:00,1.20332,1.20374,1.20308,1.2036,0,0
2014-12-19,14:00:00,1.20359,1.20399,1.20321,1.20381,0,0
2014-12-19,15:00:00,1.2038,1.2038,1.20263,1.20301,0,0
2014-12-19,16:00:00,1.20296,1.20352,1.20293,1.20328,0,0
2014-12-19,17:00:00,1.20333,1.20367,1.20265,1.20265,0,0
2014-12-19,18:00:00,1.2027,1.20282,1.20212,1.20227,0,0
2014-12-19,19:00:00,1.20225,1.20276,1.20213,1.20271,0,0
2014-12-19,20:00:00,1.20271,1.20278,1.20239,1.20258,0,0
2014-12-19,21:00:00,1.20256,1.20302,1.20243,1.20278,0,0
2014-12-19,22:00:00,1.20282,1.20318,1.2027,1.20317,0,0
2014-12-19,23:00:00,1.20317,1.20317,1.20312,1.20314,0,0
2014-12-22,01:00:00,1.20315,1.20361,1.20295,1.20343,0,0
2014-12-22,02:00:00,1.20343,1.20376,1.20309,1.20331,0,0
2014-12-22,03:00:00,1.20331,1.20346,1.20309,1.20343,0,0
2014-12-22,04:00:00,1.2032,1.20352,1.2029,1.20344,0,0
2014-12-22,05:00:00,1.20344,1.20351,1.20294,1.20306,0,0
2014-12-22,06:00:00,1.20306,1.20326,1.20281,1.20292,0,0
2014-12-22,07:00:00,1.20284,1.20361,1.20284,1.20333,0,0
2014-12-22,08:00:00,1.20324,1.20349,1.20316,1.20316,0,0
2014-12-22,09:00:00,1.20316,1.20385,1.20306,1.20362,0,0
2014-12-22,10:00:00,1.20359,1.20381,1.20319,1.20358,0,0
2014-12-22,11:00:00,1.20358,1.20358,1.20282,1.20302,0,0
2014-12-22,12:00:00,1.20302,1.20338,1.20297,1.20309,0,0
2014-12-22,13:00:00,1.20311,1.20337,1.20305,1.2033,0,0
2014-12-22,14:00:00,1.20331,1.20352,1.20295,1.2031,0,0
2014-12-22,15:00:00,1.20313,1.2036,1.2031,1.20349,0,0
2014-12-22,16:00:00,1.20349,1.20359,1.20307,1.2033,0,0
2014-12-22,17:00:00,1.20275,1.2035,1.20266,1.20272,0,0
2014-12-22,18:00:00,1.20235,1.20322,1.20234,1.20307,0,0
2014-12-22,19:00:00,1.20307,1.20312,1.20281,1.20308,0,0
2014-12-22,20:00:00,1.2031,1.20335,1.20299,1.2033,0,0
2014-12-22,21:00:00,1.2033,1.2034,1.20309,1.20328,0,0
2014-12-22,22:00:00,1.20328,1.2033,1.20312,1.20322,0,0
2014-12-22,23:00:00,1.20327,1.20334,1.20287,1.20292,0,0
2014-12-22,23:59:00,1.20294,1.20331,1.20269,1.20313,0,0
2014-12-23,01:00:00,1.20312,1.20329,1.20303,1.20314,0,0
2014-12-23,02:00:00,1.2031,1.2032,1.20297,1.20309,0,0
2014-12-23,03:00:00,1.20305,1.20312,1.20288,1.20301,0,0
2014-12-23,04:00:00,1.20301,1.2031,1.20278,1.2031,0,0
2014-12-23,05:00:00,1.20309,1.20311,1.20266,1.20293,0,0
2014-12-23,06:00:00,1.20293,1.203,1.20274,1.20295,0,0
2014-12-23,07:00:00,1.20294,1.20325,1.20286,1.20325,0,0
2014-12-23,08:00:00,1.20321,1.20333,1.20301,1.20301,0,0
2014-12-23,09:00:00,1.20301,1.20348,1.20295,1.20337,0,0
2014-12-23,10:00:00,1.2034,1.20347,1.20295,1.20301,0,0
2014-12-23,11:00:00,1.20301,1.20309,1.20262,1.2027,0,0
2014-12-23,12:00:00,1.2027,1.20288,1.20256,1.20275,0,0
2014-12-23,13:00:00,1.20276,1.20277,1.20248,1.20263,0,0
2014-12-23,14:00:00,1.20263,1.20312,1.20234,1.20311,0,0
2014-12-23,15:00:00,1.20305,1.20316,1.20235,1.20256,0,0
2014-12-23,16:00:00,1.20256,1.20277,1.2023,1.20249,0,0
2014-12-23,17:00:00,1.2025,1.2026,1.20196,1.20216,0,0
2014-12-23,18:00:00,1.20206,1.20279,1.20206,1.20242,0,0
2014-12-23,19:00:00,1.20246,1.20254,1.20219,1.20251,0,0
2014-12-23,20:00:00,1.20252,1.20288,1.20245,1.2027,0,0
2014-12-23,21:00:00,1.20267,1.20272,1.20236,1.20239,0,0
2014-12-23,22:00:00,1.20237,1.20237,1.20209,1.20229,0,0
2014-12-23,23:00:00,1.20231,1.20255,1.20205,1.20226,0,0
2014-12-23,23:59:00,1.20221,1.20244,1.20183,1.20227,0,0
2014-12-24,01:00:00,1.20225,1.20239,1.20208,1.20234,0,0
2014-12-24,02:00:00,1.20234,1.20269,1.20231,1.2026,0,0
2014-12-24,03:00:00,1.20259,1.20261,1.20232,1.20235,0,0
2014-12-24,04:00:00,1.20237,1.20251,1.20227,1.20248,0,0
2014-12-24,05:00:00,1.20238,1.20248,1.20214,1.20229,0,0
2014-12-24,06:00:00,1.20229,1.20246,1.20202,1.20244,0,0
2014-12-24,07:00:00,1.20244,1.20248,1.20219,1.20225,0,0
2014-12-24,08:00:00,1.20224,1.20237,1.20206,1.20225,0,0
2014-12-24,09:00:00,1.20228,1.20235,1.20208,1.20213,0,0
2014-12-24,10:00:00,1.20213,1.20236,1.20212,1.20236,0,0
2014-12-24,11:00:00,1.20228,1.2024,1.20213,1.2022,0,0
2014-12-24,12:00:00,1.2022,1.20243,1.20214,1.20224,0,0
2014-12-24,13:00:00,1.20224,1.20245,1.20206,1.20233,0,0
2014-12-24,14:00:00,1.20229,1.20236,1.20203,1.20234,0,0
2014-12-24,15:00:00,1.2023,1.20244,1.20205,1.20234,0,0
2014-12-24,16:00:00,1.20234,1.20241,1.20216,1.20223,0,0
2014-12-24,17:00:00,1.20215,1.20236,1.20213,1.20228,0,0
2014-12-24,18:00:00,1.20228,1.2024,1.20201,1.20234,0,0
2014-12-24,19:00:00,1.20225,1.20242,1.20217,1.20227,0,0
2014-12-24,20:00:00,1.20223,1.20267,1.2022,1.20254,0,0
2014-12-24,21:00:00,1.2026,1.20273,1.20234,1.20254,0,0
2014-12-24,22:00:00,1.20241,1.20264,1.20207,1.20243,0,0
2014-12-24,23:00:00,1.20243,1.20281,1.20202,1.20231,0,0
2014-12-24,23:59:00,1.20223,1.20288,1.20194,1.20242,0,0
2014-12-26,01:00:00,1.20248,1.20259,1.20154,1.20235,0,0
2014-12-26,02:00:00,1.20235,1.20256,1.2019,1.20236,0,0
2014-12-26,03:00:00,1.20231,1.20243,1.20196,1.20204,0,0
2014-12-26,04:00:00,1.20208,1.20215,1.20185,1.202,0,0
2014-12-26,05:00:00,1.20207,1.20217,1.2019,1.20209,0,0
2014-12-26,06:00:00,1.20215,1.20241,1.20196,1.20211,0,0
2014-12-26,07:00:00,1.20215,1.20228,1.20199,1.20201,0,0
2014-12-26,08:00:00,1.20201,1.20229,1.20193,1.20205,0,0
2014-12-26,09:00:00,1.20205,1.2021,1.20182,1.20199,0,0
2014-12-26,10:00:00,1.20199,1.20208,1.20184,1.20206,0,0
2014-12-26,11:00:00,1.20208,1.20215,1.20193,1.20212,0,0
2014-12-26,12:00:00,1.20209,1.20226,1.20204,1.20213,0,0
2014-12-26,13:00:00,1.20222,1.20222,1.20196,1.20209,0,0
2014-12-26,14:00:00,1.20209,1.20226,1.20202,1.20209,0,0
2014-12-26,15:00:00,1.20207,1.20257,1.20203,1.2024,0,0
2014-12-26,16:00:00,1.2024,1.20283,1.20238,1.20245,0,0
2014-12-26,17:00:00,1.20245,1.2027,1.20234,1.20253,0,0
2014-12-26,18:00:00,1.20253,1.20279,1.20237,1.20252,0,0
2014-12-26,19:00:00,1.20252,1.20256,1.20233,1.20244,0,0
2014-12-26,20:00:00,1.20247,1.20261,1.20233,1.20246,0,0
2014-12-26,21:00:00,1.20247,1.20273,1.20226,1.20251,0,0
2014-12-26,22:00:00,1.20251,1.20274,1.20246,1.20263,0,0
2014-12-26,23:00:00,1.20263,1.20263,1.20257,1.20257,0,0
2014-12-29,01:00:00,1.20235,1.20265,1.20234,1.20252,0,0
2014-12-29,02:00:00,1.20251,1.20286,1.20245,1.2025,0,0
2014-12-29,03:00:00,1.20249,1.20302,1.20247,1.20302,0,0
2014-12-29,04:00:00,1.20303,1.20308,1.20278,1.20286,0,0
2014-12-29,05:00:00,1.20288,1.20295,1.20275,1.20282,0,0
2014-12-29,06:00:00,1.20282,1.20282,1.20238,1.20266,0,0
2014-12-29,07:00:00,1.20266,1.20297,1.20261,1.20267,0,0
2014-12-29,08:00:00,1.20268,1.20271,1.20246,1.20258,0,0
2014-12-29,09:00:00,1.2026,1.20289,1.20251,1.20271,0,0
2014-12-29,10:00:00,1.20275,1.2034,1.20269,1.20279,0,0
2014-12-29,11:00:00,1.20276,1.20302,1.20255,1.20265,0,0
2014-12-29,12:00:00,1.20269,1.20277,1.20252,1.20267,0,0
2014-12-29,13:00:00,1.2028,1.20287,1.20263,1.20269,0,0
2014-12-29,14:00:00,1.2027,1.20285,1.20258,1.20266,0,0
2014-12-29,15:00:00,1.20264,1.20314,1.20247,1.20305,0,0
2014-12-29,16:00:00,1.20302,1.20303,1.20269,1.20282,0,0
2014-12-29,17:00:00,1.20287,1.20303,1.2027,1.20288,0,0
2014-12-29,18:00:00,1.20286,1.20301,1.20278,1.20292,0,0
2014-12-29,19:00:00,1.20293,1.20327,1.20286,1.20298,0,0
2014-12-29,20:00:00,1.20298,1.20315,1.20262,1.203,0,0
2014-12-29,21:00:00,1.203,1.20304,1.20278,1.20287,0,0
2014-12-29,22:00:00,1.20287,1.20296,1.20277,1.20284,0,0
2014-12-29,23:00:00,1.20283,1.20295,1.20266,1.20268,0,0
2014-12-29,23:59:00,1.20268,1.20294,1.20236,1.20275,0,0
2014-12-30,01:00:00,1.20274,1.20296,1.2027,1.20281,0,0
2014-12-30,02:00:00,1.20281,1.20303,1.20279,1.20284,0,0
2014-12-30,03:00:00,1.20283,1.20301,1.20272,1.20278,0,0
2014-12-30,04:00:00,1.20278,1.20296,1.20263,1.20269,0,0
2014-12-30,05:00:00,1.20274,1.2028,1.2025,1.2027,0,0
2014-12-30,06:00:00,1.20269,1.20285,1.2026,1.2028,0,0
2014-12-30,07:00:00,1.2028,1.20282,1.2026,1.20268,0,0
2014-12-30,08:00:00,1.20268,1.20269,1.20239,1.20257,0,0
2014-12-30,09:00:00,1.20255,1.20296,1.20247,1.20266,0,0
2014-12-30,10:00:00,1.20267,1.2028,1.20209,1.2022,0,0
2014-12-30,11:00:00,1.20232,1.20277,1.20223,1.20269,0,0
2014-12-30,12:00:00,1.20269,1.20295,1.20255,1.20291,0,0
2014-12-30,13:00:00,1.20287,1.20293,1.20267,1.20286,0,0
2014-12-30,14:00:00,1.2029,1.20291,1.20261,1.20267,0,0
2014-12-30,15:00:00,1.20269,1.20272,1.20234,1.20251,0,0
2014-12-30,16:00:00,1.20249,1.20262,1.20222,1.20231,0,0
2014-12-30,17:00:00,1.20232,1.20283,1.20216,1.20229,0,0
2014-12-30,18:00:00,1.20229,1.20285,1.20223,1.20274,0,0
2014-12-30,19:00:00,1.20279,1.20283,1.20227,1.20233,0,0
2014-12-30,20:00:00,1.20234,1.20234,1.20195,1.20225,0,0
2014-12-30,21:00:00,1.20225,1.20232,1.20209,1.20228,0,0
2014-12-30,22:00:00,1.20226,1.20233,1.20211,1.20215,0,0
2014-12-30,23:00:00,1.20219,1.20219,1.20173,1.20173,0,0
2014-12-30,23:59:00,1.2017,1.20222,1.20163,1.20222,0,0
2014-12-31,01:00:00,1.20215,1.20228,1.20194,1.2022,0,0
2014-12-31,02:00:00,1.20225,1.20243,1.2021,1.20222,0,0
2014-12-31,03:00:00,1.20227,1.20233,1.20213,1.20217,0,0
2014-12-31,04:00:00,1.20221,1.20243,1.20213,1.20237,0,0
2014-12-31,05:00:00,1.20239,1.20248,1.20226,1.20245,0,0
2014-12-31,06:00:00,1.20244,1.20263,1.20231,1.20251,0,0
2014-12-31,07:00:00,1.2025,1.20265,1.20239,1.2024,0,0
2014-12-31,08:00:00,1.2024,1.20254,1.20232,1.20244,0,0
2014-12-31,09:00:00,1.20246,1.20261,1.2023,1.2026,0,0
2014-12-31,10:00:00,1.20247,1.2028,1.20243,1.20273,0,0
2014-12-31,11:00:00,1.20275,1.20282,1.20222,1.20236,0,0
2014-12-31,12:00:00,1.20236,1.2025,1.20218,1.20225,0,0
2014-12-31,13:00:00,1.20228,1.20245,1.20204,1.20219,0,0
2014-12-31,14:00:00,1.20219,1.20246,1.20209,1.2024,0,0
2014-12-31,15:00:00,1.20241,1.20247,1.202,1.20217,0,0
2014-12-31,16:00:00,1.2022,1.20234,1.20188,1.20216,0,0
2014-12-31,17:00:00,1.20228,1.20296,1.20203,1.20207,0,0
2014-12-31,18:00:00,1.20212,1.20257,1.20203,1.2022,0,0
2014-12-31,19:00:00,1.2022,1.2026,1.20201,1.20238,0,0
2014-12-31,20:00:00,1.20243,1.20262,1.20216,1.20239,0,0
2014-12-31,21:00:00,1.20239,1.20256,1.20219,1.2025,0,0
2014-12-31,22:00:00,1.20252,1.20286,1.20246,1.20267,0,0
2014-12-31,23:00:00,1.20271,1.20283,1.2021,1.2026,0,0
2014-12-31,23:59:00,1.20256,1.20336,1.20255,1.20292,0,0
2015-01-02,01:00:00,1.20216,1.20265,1.20175,1.20195,0,0
2015-01-02,02:00:00,1.20195,1.20234,1.20193,1.20198,0,0
2015-01-02,03:00:00,1.20197,1.20259,1.20197,1.20255,0,0
2015-01-02,04:00:00,1.20256,1.20271,1.20225,1.20241,0,0
2015-01-02,05:00:00,1.20241,1.20267,1.20237,1.20249,0,0
2015-01-02,06:00:00,1.20249,1.20271,1.20219,1.20228,0,0
2015-01-02,07:00:00,1.20228,1.20234,1.202,1.20217,0,0
2015-01-02,08:00:00,1.20217,1.2023,1.20207,1.20227,0,0
2015-01-02,09:00:00,1.20227,1.20264,1.20201,1.20214,0,0
2015-01-02,10:00:00,1.20214,1.20229,1.20204,1.20221,0,0
2015-01-02,11:00:00,1.20221,1.20232,1.20192,1.20203,0,0
2015-01-02,12:00:00,1.20203,1.2021,1.20188,1.20191,0,0
2015-01-02,13:00:00,1.20189,1.20213,1.20181,1.20197,0,0
2015-01-02,14:00:00,1.20196,1.20208,1.20187,1.202,0,0
2015-01-02,15:00:00,1.202,1.20217,1.20183,1.20186,0,0
2015-01-02,16:00:00,1.20186,1.20224,1.20173,1.202,0,0
2015-01-02,17:00:00,1.20183,1.202,1.20159,1.20176,0,0
2015-01-02,18:00:00,1.20176,1.20196,1.2017,1.20186,0,0
2015-01-02,19:00:00,1.20188,1.20191,1.20165,1.20181,0,0
2015-01-02,20:00:00,1.20183,1.20207,1.20181,1.20203,0,0
2015-01-02,21:00:00,1.20203,1.20204,1.20171,1.20179,0,0
2015-01-02,22:00:00,1.20181,1.20191,1.20162,1.20173,0,0
2015-01-02,23:00:00,1.20173,1.20176,1.20173,1.20176,0,0
2015-01-05,01:00:00,1.20218,1.20224,1.20134,1.20145,0,0
2015-01-05,02:00:00,1.20143,1.20162,1.20129,1.20156,0,0
2015-01-05,03:00:00,1.20155,1.20163,1.20131,1.20142,0,0
2015-01-05,04:00:00,1.20143,1.20167,1.20136,1.20158,0,0
2015-01-05,05:00:00,1.20158,1.20168,1.20136,1.20166,0,0
2015-01-05,06:00:00,1.20165,1.20176,1.20157,1.20166,0,0
2015-01-05,07:00:00,1.20166,1.20178,1.20145,1.20165,0,0
2015-01-05,08:00:00,1.20157,1.20178,1.20147,1.2015,0,0
2015-01-05,09:00:00,1.20147,1.20197,1.20116,1.20156,0,0
2015-01-05,10:00:00,1.20158,1.20175,1.20129,1.20143,0,0
2015-01-05,11:00:00,1.20149,1.20161,1.20126,1.20146,0,0
2015-01-05,12:00:00,1.20145,1.20155,1.20134,1.20148,0,0
2015-01-05,13:00:00,1.2015,1.20201,1.2015,1.20176,0,0
2015-01-05,14:00:00,1.2018,1.20184,1.20124,1.20154,0,0
2015-01-05,15:00:00,1.20154,1.20159,1.20129,1.2013,0,0
2015-01-05,16:00:00,1.20136,1.20147,1.20118,1.20126,0,0
2015-01-05,17:00:00,1.20126,1.20145,1.20118,1.20125,0,0
2015-01-05,18:00:00,1.20123,1.20144,1.20108,1.20119,0,0
2015-01-05,19:00:00,1.20119,1.20153,1.20116,1.20146,0,0
2015-01-05,20:00:00,1.20147,1.20156,1.20114,1.20119,0,0
2015-01-05,21:00:00,1.20119,1.20137,1.20112,1.20137,0,0
2015-01-05,22:00:00,1.20137,1.20142,1.20127,1.20136,0,0
2015-01-05,23:00:00,1.20133,1.20153,1.20122,1.20139,0,0
2015-01-05,23:59:00,1.20139,1.20154,1.20116,1.20136,0,0
2015-01-06,01:00:00,1.20125,1.2015,1.20112,1.20125,0,0
2015-01-06,02:00:00,1.20125,1.20147,1.20125,1.20139,0,0
2015-01-06,03:00:00,1.20139,1.20144,1.20121,1.20133,0,0
2015-01-06,04:00:00,1.2013,1.20151,1.20129,1.2013,0,0
2015-01-06,05:00:00,1.2013,1.20147,1.20123,1.20147,0,0
2015-01-06,06:00:00,1.20153,1.2016,1.20139,1.20144,0,0
2015-01-06,07:00:00,1.20144,1.20173,1.20144,1.20158,0,0
2015-01-06,08:00:00,1.2016,1.20183,1.2014,1.20176,0,0
2015-01-06,09:00:00,1.20176,1.20184,1.20112,1.20126,0,0
2015-01-06,10:00:00,1.20121,1.20132,1.20108,1.20116,0,0
2015-01-06,11:00:00,1.20116,1.20137,1.20116,1.2013,0,0
2015-01-06,12:00:00,1.20125,1.20176,1.20117,1.20137,0,0
2015-01-06,13:00:00,1.20137,1.20143,1.20112,1.20139,0,0
2015-01-06,14:00:00,1.20139,1.20146,1.20111,1.20116,0,0
2015-01-06,15:00:00,1.20116,1.20124,1.20106,1.20114,0,0
2015-01-06,16:00:00,1.20115,1.20125,1.201,1.20101,0,0
2015-01-06,17:00:00,1.20101,1.20119,1.20091,1.20098,0,0
2015-01-06,18:00:00,1.201,1.20108,1.2008,1.20087,0,0
2015-01-06,19:00:00,1.20086,1.20112,1.20074,1.20108,0,0
2015-01-06,20:00:00,1.201,1.2011,1.20081,1.20086,0,0
2015-01-06,21:00:00,1.20088,1.20107,1.20084,1.20102,0,0
2015-01-06,22:00:00,1.20101,1.20108,1.20082,1.20087,0,0
2015-01-06,23:00:00,1.20088,1.20102,1.20076,1.20076,0,0
2015-01-06,23:59:00,1.20091,1.20103,1.19905,1.20089,0,0
2015-01-07,01:00:00,1.20082,1.20106,1.20074,1.20088,0,0
2015-01-07,02:00:00,1.20088,1.20104,1.20078,1.20091,0,0
2015-01-07,03:00:00,1.2009,1.20107,1.20089,1.20094,0,0
2015-01-07,04:00:00,1.20091,1.20108,1.2009,1.20098,0,0
2015-01-07,05:00:00,1.20098,1.20101,1.20081,1.2009,0,0
2015-01-07,06:00:00,1.20094,1.20097,1.20084,1.20091,0,0
2015-01-07,07:00:00,1.20091,1.20102,1.20086,1.20099,0,0
2015-01-07,08:00:00,1.201,1.20101,1.20075,1.20085,0,0
2015-01-07,09:00:00,1.20088,1.201,1.20068,1.20077,0,0
2015-01-07,10:00:00,1.20077,1.20092,1.20072,1.20083,0,0
2015-01-07,11:00:00,1.2008,1.20093,1.20075,1.20081,0,0
2015-01-07,12:00:00,1.2008,1.2012,1.20071,1.20087,0,0
2015-01-07,13:00:00,1.20085,1.20097,1.2007,1.20085,0,0
2015-01-07,14:00:00,1.20085,1.20102,1.20075,1.20095,0,0
2015-01-07,15:00:00,1.20096,1.20115,1.20023,1.20085,0,0
2015-01-07,16:00:00,1.20084,1.20091,1.20061,1.20082,0,0
2015-01-07,17:00:00,1.20083,1.20089,1.20076,1.20086,0,0
2015-01-07,18:00:00,1.20087,1.20098,1.20075,1.20087,0,0
2015-01-07,19:00:00,1.20087,1.20107,1.20075,1.20089,0,0
2015-01-07,20:00:00,1.20089,1.20098,1.20072,1.20074,0,0
2015-01-07,21:00:00,1.20062,1.20097,1.20045,1.20075,0,0
2015-01-07,22:00:00,1.20076,1.20097,1.20074,1.20083,0,0
2015-01-07,23:00:00,1.20082,1.20091,1.20061,1.20061,0,0
2015-01-07,23:59:00,1.20061,1.20091,1.20057,1.20077,0,0
2015-01-08,01:00:00,1.20082,1.20093,1.20068,1.20087,0,0
2015-01-08,02:00:00,1.20089,1.20095,1.20072,1.20083,0,0
2015-01-08,03:00:00,1.20081,1.20093,1.20072,1.20087,0,0
2015-01-08,04:00:00,1.20088,1.20109,1.2008,1.20109,0,0
2015-01-08,05:00:00,1.20109,1.20112,1.20081,1.20093,0,0
2015-01-08,06:00:00,1.20093,1.20111,1.20087,1.20102,0,0
2015-01-08,07:00:00,1.20107,1.20124,1.20101,1.20111,0,0
2015-01-08,08:00:00,1.20113,1.20124,1.20105,1.20111,0,0
2015-01-08,09:00:00,1.20108,1.20116,1.20076,1.20086,0,0
2015-01-08,10:00:00,1.20089,1.20101,1.20081,1.20093,0,0
2015-01-08,11:00:00,1.20084,1.20098,1.20062,1.20082,0,0
2015-01-08,12:00:00,1.20081,1.20098,1.20075,1.20081,0,0
2015-01-08,13:00:00,1.20086,1.20099,1.20074,1.20098,0,0
2015-01-08,14:00:00,1.20097,1.2012,1.20071,1.20081,0,0
2015-01-08,15:00:00,1.20083,1.20097,1.20057,1.20087,0,0
2015-01-08,16:00:00,1.20085,1.201,1.20073,1.20081,0,0
2015-01-08,17:00:00,1.20082,1.20106,1.20068,1.20104,0,0
2015-01-08,18:00:00,1.20106,1.20117,1.20081,1.20086,0,0
2015-01-08,19:00:00,1.20087,1.20106,1.20084,1.20095,0,0
2015-01-08,20:00:00,1.20093,1.20103,1.20082,1.20092,0,0
2015-01-08,21:00:00,1.20091,1.20102,1.20082,1.20095,0,0
2015-01-08,22:00:00,1.2009,1.20102,1.20086,1.20096,0,0
2015-01-08,23:00:00,1.20094,1.20098,1.20066,1.20071,0,0
2015-01-08,23:59:00,1.20071,1.20104,1.20053,1.20087,0,0
2015-01-09,01:00:00,1.20087,1.20101,1.20075,1.20087,0,0
2015-01-09,02:00:00,1.20087,1.20096,1.20082,1.20089,0,0
2015-01-09,03:00:00,1.20083,1.20102,1.20082,1.20093,0,0
2015-01-09,04:00:00,1.20095,1.20104,1.20086,1.20092,0,0
2015-01-09,05:00:00,1.20093,1.20102,1.20085,1.20093,0,0
2015-01-09,06:00:00,1.20092,1.201,1.20086,1.20094,0,0
2015-01-09,07:00:00,1.20094,1.20107,1.20086,1.20101,0,0
2015-01-09,08:00:00,1.20101,1.2011,1.20095,1.20098,0,0
2015-01-09,09:00:00,1.20101,1.20106,1.20083,1.20092,0,0
2015-01-09,10:00:00,1.20092,1.20102,1.20084,1.20084,0,0
2015-01-09,11:00:00,1.20084,1.20102,1.20081,1.20093,0,0
2015-01-09,12:00:00,1.20091,1.20093,1.20075,1.20079,0,0
2015-01-09,13:00:00,1.20079,1.2009,1.20075,1.20077,0,0
2015-01-09,14:00:00,1.20077,1.20087,1.20069,1.20083,0,0
2015-01-09,15:00:00,1.2008,1.20101,1.20066,1.20079,0,0
2015-01-09,16:00:00,1.20079,1.20092,1.20064,1.20081,0,0
2015-01-09,17:00:00,1.20081,1.20087,1.20066,1.20078,0,0
2015-01-09,18:00:00,1.20079,1.201,1.20066,1.20084,0,0
2015-01-09,19:00:00,1.20084,1.20091,1.20069,1.20079,0,0
2015-01-09,20:00:00,1.20079,1.20088,1.20074,1.20083,0,0
2015-01-09,21:00:00,1.20089,1.20097,1.20077,1.20083,0,0
2015-01-09,22:00:00,1.20083,1.20094,1.20076,1.20084,0,0
2015-01-09,23:00:00,1.20084,1.20084,1.20084,1.20084,0,0
