Date,Time,Open,High,Low,Close,Volume,OpenInt
2014-10-13,01:00:00,1.41429,1.41583,1.41404,1.41556,0,0
2014-10-13,02:00:00,1.41558,1.41571,1.41388,1.41394,0,0
2014-10-13,03:00:00,1.41393,1.41575,1.41382,1.41507,0,0
2014-10-13,04:00:00,1.41507,1.42096,1.41507,1.4209,0,0
2014-10-13,05:00:00,1.42079,1.42159,1.41926,1.4215,0,0
2014-10-13,06:00:00,1.42161,1.4217,1.42048,1.42087,0,0
2014-10-13,07:00:00,1.42087,1.42121,1.41988,1.42027,0,0
2014-10-13,08:00:00,1.42027,1.4208,1.41959,1.41982,0,0
2014-10-13,09:00:00,1.41981,1.4203,1.41866,1.41923,0,0
2014-10-13,10:00:00,1.41927,1.42075,1.41888,1.42068,0,0
2014-10-13,11:00:00,1.4206,1.42172,1.41946,1.41997,0,0
2014-10-13,12:00:00,1.41988,1.42068,1.41924,1.42036,0,0
2014-10-13,13:00:00,1.42036,1.42132,1.4198,1.42099,0,0
2014-10-13,14:00:00,1.4209,1.42205,1.42045,1.4219,0,0
2014-10-13,15:00:00,1.42186,1.42246,1.42074,1.42156,0,0
2014-10-13,16:00:00,1.42138,1.42202,1.41982,1.4203,0,0
2014-10-13,17:00:00,1.4203,1.42289,1.41979,1.4217,0,0
2014-10-13,18:00:00,1.42159,1.42177,1.41826,1.41994,0,0
2014-10-13,19:00:00,1.41994,1.42037,1.41887,1.4192,0,0
2014-10-13,20:00:00,1.41916,1.41986,1.41804,1.41864,0,0
2014-10-13,21:00:00,1.4186,1.42045,1.4186,1.4204,0,0
2014-10-13,22:00:00,1.42039,1.42186,1.41991,1.42176,0,0
2014-10-13,23:00:00,1.42172,1.42828,1.42157,1.42784,0,0
2014-10-13,23:59:00,1.42769,1.4291,1.42564,1.42577,0,0
2014-10-14,01:00:00,1.42577,1.42621,1.42502,1.4256,0,0
2014-10-14,02:00:00,1.42556,1.42708,1.42527,1.42562,0,0
2014-10-14,03:00:00,1.42564,1.42595,1.42503,1.4257,0,0
2014-10-14,04:00:00,1.42571,1.42588,1.42503,1.42514,0,0
2014-10-14,05:00:00,1.42516,1.42535,1.42437,1.42488,0,0
2014-10-14,06:00:00,1.42488,1.4255,1.42449,1.42548,0,0
2014-10-14,07:00:00,1.4255,1.42571,1.42507,1.42559,0,0
2014-10-14,08:00:00,1.42559,1.42604,1.42505,1.42528,0,0
2014-10-14,09:00:00,1.42523,1.42642,1.42485,1.42635,0,0
2014-10-14,10:00:00,1.42638,1.42688,1.42533,1.42677,0,0
2014-10-14,11:00:00,1.42679,1.42858,1.4258,1.4258,0,0
2014-10-14,12:00:00,1.42588,1.42604,1.42195,1.42263,0,0
2014-10-14,13:00:00,1.42253,1.42416,1.42253,1.42295,0,0
2014-10-14,14:00:00,1.42302,1.42433,1.42252,1.42318,0,0
2014-10-14,15:00:00,1.4233,1.4235,1.42013,1.42014,0,0
2014-10-14,16:00:00,1.42013,1.42172,1.41991,1.42172,0,0
2014-10-14,17:00:00,1.42172,1.42347,1.41994,1.42262,0,0
2014-10-14,18:00:00,1.4226,1.42375,1.42171,1.42231,0,0
2014-10-14,19:00:00,1.42229,1.42488,1.42153,1.42455,0,0
2014-10-14,20:00:00,1.42445,1.42666,1.42435,1.42659,0,0
2014-10-14,21:00:00,1.42661,1.42835,1.42518,1.42808,0,0
2014-10-14,22:00:00,1.42797,1.43084,1.42766,1.43052,0,0
2014-10-14,23:00:00,1.43046,1.43095,1.42951,1.42961,0,0
2014-10-14,23:59:00,1.42963,1.42987,1.42855,1.42951,0,0
2014-10-15,01:00:00,1.42951,1.42951,1.42837,1.42902,0,0
2014-10-15,02:00:00,1.429,1.43039,1.428,1.43039,0,0
2014-10-15,03:00:00,1.4304,1.4315,1.43008,1.4315,0,0
2014-10-15,04:00:00,1.43142,1.43236,1.43075,1.43157,0,0
2014-10-15,05:00:00,1.43154,1.43234,1.43087,1.43188,0,0
2014-10-15,06:00:00,1.43188,1.43228,1.43154,1.43206,0,0
2014-10-15,07:00:00,1.43207,1.43254,1.43165,1.43236,0,0
2014-10-15,08:00:00,1.43235,1.43247,1.43165,1.43193,0,0
2014-10-15,09:00:00,1.43179,1.43386,1.43168,1.4337,0,0
2014-10-15,10:00:00,1.43379,1.43539,1.43355,1.43533,0,0
2014-10-15,11:00:00,1.43538,1.43948,1.43534,1.43731,0,0
2014-10-15,12:00:00,1.43723,1.43836,1.43623,1.43647,0,0
2014-10-15,13:00:00,1.43654,1.43743,1.43551,1.43686,0,0
2014-10-15,14:00:00,1.43684,1.44161,1.43658,1.4408,0,0
2014-10-15,15:00:00,1.44075,1.44448,1.43858,1.44443,0,0
2014-10-15,16:00:00,1.44445,1.44649,1.43954,1.43957,0,0
2014-10-15,17:00:00,1.43951,1.44671,1.43772,1.44502,0,0
2014-10-15,18:00:00,1.44502,1.44545,1.44151,1.44241,0,0
2014-10-15,19:00:00,1.44245,1.4448,1.44238,1.4431,0,0
2014-10-15,20:00:00,1.44337,1.44778,1.44246,1.44543,0,0
2014-10-15,21:00:00,1.4456,1.44667,1.44122,1.44169,0,0
2014-10-15,22:00:00,1.44182,1.44387,1.44019,1.44166,0,0
2014-10-15,23:00:00,1.44151,1.44504,1.44116,1.44457,0,0
2014-10-15,23:59:00,1.44437,1.44437,1.44215,1.44352,0,0
2014-10-16,01:00:00,1.44357,1.44502,1.44294,1.44457,0,0
2014-10-16,02:00:00,1.44454,1.44501,1.44386,1.44416,0,0
2014-10-16,03:00:00,1.44416,1.44454,1.44254,1.44426,0,0
2014-10-16,04:00:00,1.44428,1.44538,1.44347,1.44356,0,0
2014-10-16,05:00:00,1.44349,1.44494,1.44341,1.44406,0,0
2014-10-16,06:00:00,1.44399,1.44445,1.44367,1.44378,0,0
2014-10-16,07:00:00,1.44378,1.44437,1.44339,1.44433,0,0
2014-10-16,08:00:00,1.44439,1.44447,1.44335,1.44397,0,0
2014-10-16,09:00:00,1.444,1.44424,1.44214,1.44262,0,0
2014-10-16,10:00:00,1.44268,1.44322,1.44143,1.44195,0,0
2014-10-16,11:00:00,1.44195,1.44667,1.4418,1.44616,0,0
2014-10-16,12:00:00,1.44603,1.44972,1.44548,1.44582,0,0
2014-10-16,13:00:00,1.44586,1.44595,1.44292,1.44441,0,0
2014-10-16,14:00:00,1.44432,1.44714,1.44346,1.44346,0,0
2014-10-16,15:00:00,1.44338,1.44825,1.44332,1.44494,0,0
2014-10-16,16:00:00,1.44494,1.44636,1.43999,1.44003,0,0
2014-10-16,17:00:00,1.44006,1.44295,1.43884,1.44127,0,0
2014-10-16,18:00:00,1.4411,1.44379,1.44091,1.44296,0,0
2014-10-16,19:00:00,1.44294,1.44449,1.44187,1.44302,0,0
2014-10-16,20:00:00,1.443,1.44307,1.43921,1.44182,0,0
2014-10-16,21:00:00,1.44177,1.44187,1.43822,1.43993,0,0
2014-10-16,22:00:00,1.44021,1.44061,1.43857,1.43997,0,0
2014-10-16,23:00:00,1.44002,1.44181,1.43942,1.4417,0,0
2014-10-16,23:59:00,1.44147,1.44232,1.44095,1.44201,0,0
2014-10-17,01:00:00,1.44185,1.44228,1.44074,1.44191,0,0
2014-10-17,02:00:00,1.44199,1.44266,1.4412,1.44181,0,0
2014-10-17,03:00:00,1.44181,1.44197,1.44051,1.44111,0,0
2014-10-17,04:00:00,1.4411,1.44135,1.43956,1.43962,0,0
2014-10-17,05:00:00,1.43954,1.441,1.43927,1.44022,0,0
2014-10-17,06:00:00,1.44041,1.44146,1.44007,1.44127,0,0
2014-10-17,07:00:00,1.44125,1.44157,1.44007,1.44074,0,0
2014-10-17,08:00:00,1.44081,1.4415,1.44007,1.44128,0,0
2014-10-17,09:00:00,1.4413,1.44202,1.43913,1.43917,0,0
2014-10-17,10:00:00,1.43916,1.4394,1.43678,1.43712,0,0
2014-10-17,11:00:00,1.43712,1.44211,1.43712,1.4418,0,0
2014-10-17,12:00:00,1.44179,1.44217,1.43918,1.43989,0,0
2014-10-17,13:00:00,1.43989,1.44036,1.43791,1.43956,0,0
2014-10-17,14:00:00,1.43958,1.44094,1.43925,1.44094,0,0
2014-10-17,15:00:00,1.44092,1.44237,1.43469,1.43796,0,0
2014-10-17,16:00:00,1.43805,1.43899,1.43464,1.43494,0,0
2014-10-17,17:00:00,1.43506,1.43598,1.43258,1.43505,0,0
2014-10-17,18:00:00,1.43509,1.43591,1.43224,1.43446,0,0
2014-10-17,19:00:00,1.43443,1.43708,1.43443,1.43655,0,0
2014-10-17,20:00:00,1.43685,1.43918,1.43647,1.43875,0,0
2014-10-17,21:00:00,1.43873,1.44067,1.43854,1.43935,0,0
2014-10-17,22:00:00,1.43924,1.43972,1.43793,1.43887,0,0
2014-10-17,23:00:00,1.43883,1.43883,1.43883,1.43883,0,0
2014-10-20,01:00:00,1.43895,1.43957,1.43817,1.4385,0,0
2014-10-20,02:00:00,1.43843,1.43926,1.43774,1.43902,0,0
2014-10-20,03:00:00,1.43904,1.43964,1.43811,1.43822,0,0
2014-10-20,04:00:00,1.43818,1.43833,1.43743,1.43764,0,0
2014-10-20,05:00:00,1.43753,1.43881,1.43753,1.43796,0,0
2014-10-20,06:00:00,1.43798,1.4381,1.43664,1.43739,0,0
2014-10-20,07:00:00,1.43739,1.43795,1.43708,1.43759,0,0
2014-10-20,08:00:00,1.43759,1.43839,1.4374,1.43755,0,0
2014-10-20,09:00:00,1.4376,1.43771,1.43489,1.43528,0,0
2014-10-20,10:00:00,1.43526,1.43817,1.43526,1.43817,0,0
2014-10-20,11:00:00,1.43793,1.43849,1.43706,1.43802,0,0
2014-10-20,12:00:00,1.43799,1.43885,1.43739,1.43823,0,0
2014-10-20,13:00:00,1.43838,1.43862,1.43666,1.43828,0,0
2014-10-20,14:00:00,1.43808,1.43986,1.43801,1.4385,0,0
2014-10-20,15:00:00,1.43853,1.43954,1.43744,1.43782,0,0
2014-10-20,16:00:00,1.43788,1.43982,1.43738,1.43953,0,0
2014-10-20,17:00:00,1.43965,1.44113,1.43809,1.44042,0,0
2014-10-20,18:00:00,1.44041,1.44198,1.44018,1.44128,0,0
2014-10-20,19:00:00,1.44122,1.44324,1.44078,1.44274,0,0
2014-10-20,20:00:00,1.44281,1.44512,1.44281,1.44351,0,0
2014-10-20,21:00:00,1.44353,1.44508,1.44294,1.44503,0,0
2014-10-20,22:00:00,1.44507,1.44544,1.44411,1.44484,0,0
2014-10-20,23:00:00,1.44471,1.44507,1.44399,1.44417,0,0
2014-10-20,23:59:00,1.44413,1.44476,1.44379,1.44422,0,0
2014-10-21,01:00:00,1.44422,1.44468,1.44363,1.444,0,0
2014-10-21,02:00:00,1.44393,1.44504,1.44385,1.44495,0,0
2014-10-21,03:00:00,1.44497,1.44531,1.4436,1.44383,0,0
2014-10-21,04:00:00,1.44383,1.44469,1.44367,1.44412,0,0
2014-10-21,05:00:00,1.44421,1.44482,1.44346,1.44377,0,0
2014-10-21,06:00:00,1.44378,1.44518,1.44367,1.44457,0,0
2014-10-21,07:00:00,1.44457,1.44489,1.44338,1.44387,0,0
2014-10-21,08:00:00,1.44408,1.44462,1.4436,1.44395,0,0
2014-10-21,09:00:00,1.44398,1.44481,1.44289,1.4429,0,0
2014-10-21,10:00:00,1.44289,1.44488,1.44261,1.44271,0,0
2014-10-21,11:00:00,1.4426,1.44287,1.44132,1.44185,0,0
2014-10-21,12:00:00,1.44175,1.44208,1.43572,1.43598,0,0
2014-10-21,13:00:00,1.43599,1.43679,1.43531,1.4357,0,0
2014-10-21,14:00:00,1.43582,1.43803,1.43389,1.43786,0,0
2014-10-21,15:00:00,1.43775,1.43778,1.43068,1.43068,0,0
2014-10-21,16:00:00,1.4307,1.43122,1.42828,1.43043,0,0
2014-10-21,17:00:00,1.43038,1.43105,1.42814,1.42883,0,0
2014-10-21,18:00:00,1.4287,1.42916,1.42657,1.42738,0,0
2014-10-21,19:00:00,1.42733,1.42803,1.42619,1.428,0,0
2014-10-21,20:00:00,1.428,1.42931,1.42771,1.4292,0,0
2014-10-21,21:00:00,1.42918,1.43038,1.42859,1.42861,0,0
2014-10-21,22:00:00,1.42867,1.4287,1.42733,1.4274,0,0
2014-10-21,23:00:00,1.42739,1.42811,1.42648,1.42649,0,0
2014-10-21,23:59:00,1.42656,1.42736,1.42654,1.42682,0,0
2014-10-22,01:00:00,1.42687,1.42731,1.42634,1.42698,0,0
2014-10-22,02:00:00,1.42709,1.42765,1.4269,1.42753,0,0
2014-10-22,03:00:00,1.42747,1.42781,1.42634,1.42661,0,0
2014-10-22,04:00:00,1.42659,1.42781,1.42659,1.42781,0,0
2014-10-22,05:00:00,1.42777,1.42788,1.42716,1.42722,0,0
2014-10-22,06:00:00,1.42722,1.42813,1.42722,1.42756,0,0
2014-10-22,07:00:00,1.42747,1.42762,1.42716,1.42742,0,0
2014-10-22,08:00:00,1.4274,1.42802,1.42738,1.42781,0,0
2014-10-22,09:00:00,1.42779,1.42929,1.42713,1.42803,0,0
2014-10-22,10:00:00,1.42801,1.42834,1.42596,1.42806,0,0
2014-10-22,11:00:00,1.42807,1.42815,1.42499,1.42514,0,0
2014-10-22,12:00:00,1.42508,1.42659,1.42508,1.42577,0,0
2014-10-22,13:00:00,1.42571,1.42711,1.42539,1.42605,0,0
2014-10-22,14:00:00,1.42605,1.4281,1.42492,1.42563,0,0
2014-10-22,15:00:00,1.42574,1.42854,1.42411,1.42827,0,0
2014-10-22,16:00:00,1.42811,1.4302,1.42774,1.42946,0,0
2014-10-22,17:00:00,1.42995,1.42995,1.416,1.41961,0,0
2014-10-22,18:00:00,1.41965,1.42037,1.41796,1.41994,0,0
2014-10-22,19:00:00,1.41979,1.42061,1.41868,1.41943,0,0
2014-10-22,20:00:00,1.41941,1.4205,1.41828,1.41926,0,0
2014-10-22,21:00:00,1.41932,1.42171,1.41925,1.42067,0,0
2014-10-22,22:00:00,1.42056,1.42159,1.42024,1.42142,0,0
2014-10-22,23:00:00,1.4214,1.4217,1.42016,1.42028,0,0
2014-10-22,23:59:00,1.42054,1.42142,1.4196,1.42126,0,0
2014-10-23,01:00:00,1.42116,1.42156,1.42056,1.42111,0,0
2014-10-23,02:00:00,1.42116,1.42274,1.42078,1.42237,0,0
2014-10-23,03:00:00,1.42234,1.42351,1.42203,1.42286,0,0
2014-10-23,04:00:00,1.42289,1.42308,1.42106,1.42175,0,0
2014-10-23,05:00:00,1.42177,1.42244,1.42103,1.42217,0,0
2014-10-23,06:00:00,1.42216,1.42236,1.42169,1.42233,0,0
2014-10-23,07:00:00,1.42233,1.42273,1.42196,1.422,0,0
2014-10-23,08:00:00,1.42196,1.42303,1.42184,1.42292,0,0
2014-10-23,09:00:00,1.42286,1.42331,1.42178,1.42281,0,0
2014-10-23,10:00:00,1.42215,1.42242,1.41893,1.4211,0,0
2014-10-23,11:00:00,1.42101,1.42489,1.42101,1.42446,0,0
2014-10-23,12:00:00,1.42446,1.4246,1.42234,1.42249,0,0
2014-10-23,13:00:00,1.42241,1.42484,1.42219,1.42439,0,0
2014-10-23,14:00:00,1.42435,1.42468,1.42085,1.42089,0,0
2014-10-23,15:00:00,1.42097,1.42326,1.41907,1.42307,0,0
2014-10-23,16:00:00,1.42309,1.42388,1.421,1.42156,0,0
2014-10-23,17:00:00,1.42167,1.42233,1.42034,1.42233,0,0
2014-10-23,18:00:00,1.42222,1.42302,1.4215,1.42208,0,0
2014-10-23,19:00:00,1.42199,1.42199,1.41994,1.41997,0,0
2014-10-23,20:00:00,1.41983,1.42131,1.41983,1.42111,0,0
2014-10-23,21:00:00,1.42111,1.42116,1.41996,1.421,0,0
2014-10-23,22:00:00,1.42097,1.42206,1.42002,1.42128,0,0
2014-10-23,23:00:00,1.42103,1.42121,1.41982,1.4201,0,0
2014-10-23,23:59:00,1.41986,1.42056,1.41933,1.41995,0,0
2014-10-24,01:00:00,1.42002,1.42048,1.41959,1.4198,0,0
2014-10-24,02:00:00,1.4198,1.42019,1.41947,1.41964,0,0
2014-10-24,03:00:00,1.41974,1.4214,1.41939,1.42107,0,0
2014-10-24,04:00:00,1.42113,1.42163,1.42034,1.42042,0,0
2014-10-24,05:00:00,1.42046,1.42049,1.41957,1.41967,0,0
2014-10-24,06:00:00,1.41966,1.41966,1.41904,1.41912,0,0
2014-10-24,07:00:00,1.41913,1.41962,1.41885,1.41962,0,0
2014-10-24,08:00:00,1.41962,1.41974,1.41911,1.41943,0,0
2014-10-24,09:00:00,1.41945,1.42071,1.41937,1.41983,0,0
2014-10-24,10:00:00,1.41983,1.42031,1.41721,1.41759,0,0
2014-10-24,11:00:00,1.41753,1.41963,1.41722,1.41935,0,0
2014-10-24,12:00:00,1.41906,1.41926,1.41786,1.41836,0,0
2014-10-24,13:00:00,1.41834,1.41941,1.41809,1.41851,0,0
2014-10-24,14:00:00,1.41849,1.4198,1.41817,1.41877,0,0
2014-10-24,15:00:00,1.41883,1.42077,1.41806,1.42045,0,0
2014-10-24,16:00:00,1.42036,1.42127,1.41886,1.42084,0,0
2014-10-24,17:00:00,1.42096,1.42351,1.42029,1.42196,0,0
2014-10-24,18:00:00,1.42204,1.42229,1.41953,1.4207,0,0
2014-10-24,19:00:00,1.42079,1.42248,1.42051,1.42218,0,0
2014-10-24,20:00:00,1.4221,1.42332,1.4221,1.42298,0,0
2014-10-24,21:00:00,1.42298,1.42338,1.42211,1.42211,0,0
2014-10-24,22:00:00,1.42226,1.42296,1.42178,1.4228,0,0
2014-10-24,23:00:00,1.42272,1.42272,1.42271,1.42271,0,0
2014-10-27,01:00:00,1.42464,1.4255,1.42406,1.42439,0,0
2014-10-27,02:00:00,1.42439,1.42513,1.42402,1.42452,0,0
2014-10-27,03:00:00,1.42455,1.42513,1.42382,1.42491,0,0
2014-10-27,04:00:00,1.42496,1.42575,1.42381,1.42519,0,0
2014-10-27,05:00:00,1.42493,1.42587,1.42493,1.42536,0,0
2014-10-27,06:00:00,1.42544,1.42594,1.42505,1.42543,0,0
2014-10-27,07:00:00,1.42545,1.42553,1.42489,1.42499,0,0
2014-10-27,08:00:00,1.42503,1.42554,1.42467,1.42533,0,0
2014-10-27,09:00:00,1.42531,1.42545,1.42403,1.42535,0,0
2014-10-27,10:00:00,1.42527,1.42594,1.42491,1.42528,0,0
2014-10-27,11:00:00,1.42506,1.42575,1.42361,1.4242,0,0
2014-10-27,12:00:00,1.4242,1.42486,1.42351,1.4239,0,0
2014-10-27,13:00:00,1.42395,1.42497,1.42327,1.42447,0,0
2014-10-27,14:00:00,1.42452,1.42672,1.42417,1.42572,0,0
2014-10-27,15:00:00,1.42572,1.42678,1.42492,1.42616,0,0
2014-10-27,16:00:00,1.42629,1.4283,1.42612,1.42667,0,0
2014-10-27,17:00:00,1.42681,1.42955,1.42666,1.42948,0,0
2014-10-27,18:00:00,1.42954,1.42987,1.42803,1.42803,0,0
2014-10-27,19:00:00,1.42804,1.42863,1.42732,1.4283,0,0
2014-10-27,20:00:00,1.42831,1.42886,1.42752,1.42785,0,0
2014-10-27,21:00:00,1.4279,1.42819,1.42734,1.42765,0,0
2014-10-27,22:00:00,1.42774,1.42823,1.42752,1.42798,0,0
2014-10-27,23:00:00,1.42793,1.4286,1.42783,1.4284,0,0
2014-10-27,23:59:00,1.42837,1.42861,1.42815,1.42847,0,0
2014-10-28,01:00:00,1.42848,1.42903,1.42843,1.42878,0,0
2014-10-28,02:00:00,1.42879,1.42926,1.4283,1.42885,0,0
2014-10-28,03:00:00,1.42885,1.42914,1.42833,1.42894,0,0
2014-10-28,04:00:00,1.42895,1.42948,1.42888,1.42944,0,0
2014-10-28,05:00:00,1.42941,1.42961,1.42869,1.42876,0,0
2014-10-28,06:00:00,1.4287,1.4287,1.42801,1.4282,0,0
2014-10-28,07:00:00,1.42819,1.42839,1.42777,1.42809,0,0
2014-10-28,08:00:00,1.42799,1.42811,1.42661,1.42709,0,0
2014-10-28,09:00:00,1.42701,1.42831,1.42668,1.42831,0,0
2014-10-28,10:00:00,1.42829,1.42872,1.42626,1.42642,0,0
2014-10-28,11:00:00,1.42614,1.42636,1.42485,1.42581,0,0
2014-10-28,12:00:00,1.42585,1.42599,1.42301,1.42437,0,0
2014-10-28,13:00:00,1.42435,1.42572,1.42377,1.42536,0,0
2014-10-28,14:00:00,1.42533,1.43023,1.42499,1.4292,0,0
2014-10-28,15:00:00,1.42919,1.42996,1.42601,1.42662,0,0
2014-10-28,16:00:00,1.42667,1.42667,1.42232,1.42426,0,0
2014-10-28,17:00:00,1.42402,1.42541,1.42282,1.42456,0,0
2014-10-28,18:00:00,1.42453,1.42639,1.42434,1.4263,0,0
2014-10-28,19:00:00,1.4263,1.42657,1.42558,1.42578,0,0
2014-10-28,20:00:00,1.42574,1.42666,1.42482,1.42503,0,0
2014-10-28,21:00:00,1.42483,1.4251,1.42225,1.42275,0,0
2014-10-28,22:00:00,1.42278,1.42293,1.42152,1.42188,0,0
2014-10-28,23:00:00,1.42167,1.42232,1.42146,1.42198,0,0
2014-10-28,23:59:00,1.42198,1.42293,1.42187,1.42248,0,0
2014-10-29,01:00:00,1.42243,1.42271,1.42222,1.42256,0,0
2014-10-29,02:00:00,1.42258,1.42274,1.42175,1.42189,0,0
2014-10-29,03:00:00,1.42207,1.42239,1.42138,1.42239,0,0
2014-10-29,04:00:00,1.42244,1.42244,1.42197,1.42202,0,0
2014-10-29,05:00:00,1.42206,1.42227,1.42165,1.42172,0,0
2014-10-29,06:00:00,1.42176,1.4218,1.42122,1.42131,0,0
2014-10-29,07:00:00,1.42131,1.42257,1.42126,1.42251,0,0
2014-10-29,08:00:00,1.42249,1.42259,1.42138,1.42141,0,0
2014-10-29,09:00:00,1.42133,1.42241,1.42077,1.42203,0,0
2014-10-29,10:00:00,1.42198,1.42202,1.42005,1.42039,0,0
2014-10-29,11:00:00,1.42037,1.42156,1.42026,1.421,0,0
2014-10-29,12:00:00,1.42104,1.42195,1.42038,1.42151,0,0
2014-10-29,13:00:00,1.4215,1.42205,1.41851,1.41862,0,0
2014-10-29,14:00:00,1.41857,1.42053,1.41834,1.41918,0,0
2014-10-29,15:00:00,1.41918,1.41949,1.41702,1.41857,0,0
2014-10-29,16:00:00,1.41813,1.42176,1.41802,1.42146,0,0
2014-10-29,17:00:00,1.4215,1.42227,1.42063,1.42079,0,0
2014-10-29,18:00:00,1.42086,1.42192,1.41996,1.42059,0,0
2014-10-29,19:00:00,1.42056,1.4208,1.41754,1.4176,0,0
2014-10-29,20:00:00,1.41793,1.41896,1.41431,1.41597,0,0
2014-10-29,21:00:00,1.41601,1.4172,1.41426,1.41426,0,0
2014-10-29,22:00:00,1.41426,1.4155,1.41223,1.41248,0,0
2014-10-29,23:00:00,1.41236,1.41343,1.41194,1.41311,0,0
2014-10-29,23:59:00,1.41318,1.41365,1.41259,1.41317,0,0
2014-10-30,01:00:00,1.41314,1.41391,1.41291,1.41358,0,0
2014-10-30,02:00:00,1.41357,1.41404,1.41189,1.41228,0,0
2014-10-30,03:00:00,1.41228,1.41273,1.41183,1.4123,0,0
2014-10-30,04:00:00,1.4123,1.41301,1.41194,1.41283,0,0
2014-10-30,05:00:00,1.41286,1.41332,1.41277,1.41302,0,0
2014-10-30,06:00:00,1.41302,1.41311,1.41195,1.41224,0,0
2014-10-30,07:00:00,1.41226,1.41229,1.41071,1.41154,0,0
2014-10-30,08:00:00,1.41155,1.41214,1.41031,1.4114,0,0
2014-10-30,09:00:00,1.41115,1.41161,1.41034,1.41112,0,0
2014-10-30,10:00:00,1.41106,1.41108,1.40831,1.40839,0,0
2014-10-30,11:00:00,1.40833,1.41022,1.40675,1.40953,0,0
2014-10-30,12:00:00,1.40969,1.41009,1.40862,1.40894,0,0
2014-10-30,13:00:00,1.40889,1.40984,1.4075,1.40882,0,0
2014-10-30,14:00:00,1.40885,1.4092,1.40579,1.40742,0,0
2014-10-30,15:00:00,1.40762,1.41104,1.40715,1.41102,0,0
2014-10-30,16:00:00,1.41089,1.41218,1.41024,1.4115,0,0
2014-10-30,17:00:00,1.4117,1.4126,1.41139,1.4124,0,0
2014-10-30,18:00:00,1.41239,1.41322,1.41108,1.41108,0,0
2014-10-30,19:00:00,1.4111,1.41206,1.41039,1.41168,0,0
2014-10-30,20:00:00,1.41172,1.41177,1.4097,1.41145,0,0
2014-10-30,21:00:00,1.41146,1.41154,1.41072,1.41103,0,0
2014-10-30,22:00:00,1.41097,1.41202,1.41083,1.41089,0,0
2014-10-30,23:00:00,1.41028,1.41136,1.40994,1.4108,0,0
2014-10-30,23:59:00,1.4108,1.41154,1.41074,1.41074,0,0
2014-10-31,01:00:00,1.41073,1.41178,1.41064,1.41153,0,0
2014-10-31,02:00:00,1.41157,1.41157,1.41073,1.41135,0,0
2014-10-31,03:00:00,1.41132,1.41143,1.41004,1.41024,0,0
2014-10-31,04:00:00,1.41024,1.41069,1.41009,1.41069,0,0
2014-10-31,05:00:00,1.41069,1.41089,1.40957,1.41013,0,0
2014-10-31,06:00:00,1.41013,1.41054,1.40977,1.41013,0,0
2014-10-31,07:00:00,1.41006,1.41009,1.40835,1.40863,0,0
2014-10-31,08:00:00,1.40828,1.40995,1.40779,1.40832,0,0
2014-10-31,09:00:00,1.40845,1.41047,1.40602,1.40843,0,0
2014-10-31,10:00:00,1.40843,1.40935,1.40807,1.40891,0,0
2014-10-31,11:00:00,1.40885,1.40889,1.40584,1.40668,0,0
2014-10-31,12:00:00,1.40732,1.40905,1.40642,1.40814,0,0
2014-10-31,13:00:00,1.40811,1.40925,1.40697,1.40772,0,0
2014-10-31,14:00:00,1.4075,1.41281,1.40686,1.41138,0,0
2014-10-31,15:00:00,1.41101,1.41259,1.40868,1.41048,0,0
2014-10-31,16:00:00,1.41055,1.41671,1.41055,1.41537,0,0
2014-10-31,17:00:00,1.41518,1.41637,1.41132,1.41242,0,0
2014-10-31,18:00:00,1.41232,1.41411,1.41193,1.41315,0,0
2014-10-31,19:00:00,1.41315,1.41449,1.41292,1.41315,0,0
2014-10-31,20:00:00,1.41312,1.41386,1.41211,1.41211,0,0
2014-10-31,21:00:00,1.41214,1.41278,1.41131,1.41212,0,0
2014-10-31,22:00:00,1.412,1.41266,1.40991,1.41083,0,0
2014-10-31,23:00:00,1.41083,1.41083,1.41072,1.41072,0,0
2014-11-03,01:00:00,1.41064,1.4113,1.41009,1.41113,0,0
2014-11-03,02:00:00,1.41111,1.41161,1.40465,1.40772,0,0
2014-11-03,03:00:00,1.40787,1.4092,1.40694,1.40802,0,0
2014-11-03,04:00:00,1.40794,1.40927,1.40777,1.40871,0,0
2014-11-03,05:00:00,1.40871,1.40908,1.40826,1.40886,0,0
2014-11-03,06:00:00,1.40886,1.4091,1.40829,1.40863,0,0
2014-11-03,07:00:00,1.40866,1.40908,1.40841,1.40908,0,0
2014-11-03,08:00:00,1.40909,1.40969,1.40838,1.40908,0,0
2014-11-03,09:00:00,1.40906,1.41036,1.40855,1.40972,0,0
2014-11-03,10:00:00,1.4097,1.41012,1.40878,1.40937,0,0
2014-11-03,11:00:00,1.40937,1.40961,1.40712,1.4085,0,0
2014-11-03,12:00:00,1.40848,1.40953,1.40783,1.40932,0,0
2014-11-03,13:00:00,1.40936,1.41063,1.40918,1.4103,0,0
2014-11-03,14:00:00,1.4101,1.41104,1.40954,1.40979,0,0
2014-11-03,15:00:00,1.40981,1.41183,1.40904,1.41141,0,0
2014-11-03,16:00:00,1.41134,1.4133,1.41058,1.41173,0,0
2014-11-03,17:00:00,1.41165,1.41464,1.4105,1.41176,0,0
2014-11-03,18:00:00,1.41187,1.41396,1.41146,1.41334,0,0
2014-11-03,19:00:00,1.41332,1.41742,1.41326,1.41545,0,0
2014-11-03,20:00:00,1.41563,1.41797,1.41548,1.41664,0,0
2014-11-03,21:00:00,1.41662,1.42083,1.41645,1.41949,0,0
2014-11-03,22:00:00,1.41936,1.41936,1.4182,1.41852,0,0
2014-11-03,23:00:00,1.41854,1.41898,1.41714,1.41718,0,0
2014-11-03,23:59:00,1.4173,1.41839,1.417,1.4178,0,0
2014-11-04,01:00:00,1.41788,1.41912,1.41753,1.41885,0,0
2014-11-04,02:00:00,1.41888,1.42127,1.41863,1.41993,0,0
2014-11-04,03:00:00,1.41993,1.42077,1.41916,1.42036,0,0
2014-11-04,04:00:00,1.42034,1.42065,1.41943,1.42061,0,0
2014-11-04,05:00:00,1.42059,1.42169,1.41992,1.4212,0,0
2014-11-04,06:00:00,1.4212,1.42125,1.42,1.4201,0,0
2014-11-04,07:00:00,1.4201,1.421,1.42006,1.42071,0,0
2014-11-04,08:00:00,1.42071,1.42092,1.4192,1.41922,0,0
2014-11-04,09:00:00,1.41919,1.42213,1.41894,1.42213,0,0
2014-11-04,10:00:00,1.42209,1.42352,1.42155,1.42244,0,0
2014-11-04,11:00:00,1.42231,1.4238,1.42231,1.42293,0,0
2014-11-04,12:00:00,1.42287,1.42544,1.42218,1.42512,0,0
2014-11-04,13:00:00,1.42513,1.42609,1.42453,1.42514,0,0
2014-11-04,14:00:00,1.42509,1.42727,1.42455,1.42697,0,0
2014-11-04,15:00:00,1.42695,1.42991,1.42623,1.42623,0,0
2014-11-04,16:00:00,1.42619,1.42843,1.42562,1.42775,0,0
2014-11-04,17:00:00,1.42809,1.43399,1.42754,1.43318,0,0
2014-11-04,18:00:00,1.43313,1.43364,1.42975,1.43061,0,0
2014-11-04,19:00:00,1.43059,1.43087,1.42935,1.42966,0,0
2014-11-04,20:00:00,1.42962,1.43063,1.42935,1.43,0,0
2014-11-04,21:00:00,1.42999,1.43103,1.42943,1.43022,0,0
2014-11-04,22:00:00,1.43015,1.43132,1.42998,1.43132,0,0
2014-11-04,23:00:00,1.43128,1.43166,1.43058,1.43113,0,0
2014-11-04,23:59:00,1.43134,1.43156,1.43027,1.43085,0,0
2014-11-05,01:00:00,1.43088,1.43102,1.42964,1.42985,0,0
2014-11-05,02:00:00,1.42984,1.43079,1.42977,1.43072,0,0
2014-11-05,03:00:00,1.43077,1.43222,1.43071,1.43179,0,0
2014-11-05,04:00:00,1.43174,1.43175,1.43093,1.43151,0,0
2014-11-05,05:00:00,1.43153,1.4318,1.43075,1.43114,0,0
2014-11-05,06:00:00,1.43114,1.43173,1.43088,1.43137,0,0
2014-11-05,07:00:00,1.43147,1.4317,1.43044,1.43107,0,0
2014-11-05,08:00:00,1.43109,1.43258,1.43088,1.43204,0,0
2014-11-05,09:00:00,1.43213,1.43328,1.43167,1.43198,0,0
2014-11-05,10:00:00,1.43193,1.43221,1.43042,1.43156,0,0
2014-11-05,11:00:00,1.43155,1.43178,1.42949,1.42956,0,0
2014-11-05,12:00:00,1.42956,1.43052,1.4282,1.42826,0,0
2014-11-05,13:00:00,1.42824,1.42957,1.42781,1.4283,0,0
2014-11-05,14:00:00,1.42799,1.42897,1.4263,1.42636,0,0
2014-11-05,15:00:00,1.42636,1.42804,1.42601,1.42698,0,0
2014-11-05,16:00:00,1.42709,1.42836,1.42593,1.42652,0,0
2014-11-05,17:00:00,1.4267,1.42807,1.42171,1.42183,0,0
2014-11-05,18:00:00,1.42177,1.42374,1.42058,1.42058,0,0
2014-11-05,19:00:00,1.42061,1.42222,1.41987,1.42192,0,0
2014-11-05,20:00:00,1.42204,1.42328,1.42153,1.42303,0,0
2014-11-05,21:00:00,1.42303,1.42322,1.42212,1.42256,0,0
2014-11-05,22:00:00,1.4224,1.42286,1.42143,1.42159,0,0
2014-11-05,23:00:00,1.42145,1.4224,1.42142,1.42142,0,0
2014-11-05,23:59:00,1.42144,1.42213,1.42116,1.4217,0,0
2014-11-06,01:00:00,1.4217,1.42193,1.42092,1.42171,0,0
2014-11-06,02:00:00,1.42173,1.42339,1.42166,1.423,0,0
2014-11-06,03:00:00,1.4229,1.42441,1.4229,1.42376,0,0
2014-11-06,04:00:00,1.42376,1.42398,1.42283,1.42361,0,0
2014-11-06,05:00:00,1.42356,1.42501,1.42347,1.42475,0,0
2014-11-06,06:00:00,1.42473,1.42549,1.42406,1.4247,0,0
2014-11-06,07:00:00,1.42477,1.4261,1.42443,1.42554,0,0
2014-11-06,08:00:00,1.42563,1.42616,1.42519,1.42585,0,0
2014-11-06,09:00:00,1.42584,1.42603,1.42409,1.42454,0,0
2014-11-06,10:00:00,1.42451,1.4254,1.42428,1.4247,0,0
2014-11-06,11:00:00,1.4246,1.42622,1.4246,1.4261,0,0
2014-11-06,12:00:00,1.42605,1.42749,1.42558,1.42647,0,0
2014-11-06,13:00:00,1.4264,1.42823,1.42616,1.427,0,0
2014-11-06,14:00:00,1.42688,1.42829,1.42648,1.42822,0,0
2014-11-06,15:00:00,1.42815,1.42952,1.41639,1.41708,0,0
2014-11-06,16:00:00,1.41702,1.41904,1.41606,1.4179,0,0
2014-11-06,17:00:00,1.41809,1.42167,1.41777,1.41916,0,0
2014-11-06,18:00:00,1.41918,1.42041,1.41769,1.41769,0,0
2014-11-06,19:00:00,1.41781,1.41901,1.41763,1.41831,0,0
2014-11-06,20:00:00,1.41835,1.41861,1.41507,1.4155,0,0
2014-11-06,21:00:00,1.41553,1.41644,1.4144,1.41483,0,0
2014-11-06,22:00:00,1.41486,1.41514,1.41355,1.41395,0,0
2014-11-06,23:00:00,1.41384,1.41433,1.41242,1.41334,0,0
2014-11-06,23:59:00,1.41329,1.41436,1.41291,1.41422,0,0
2014-11-07,01:00:00,1.41419,1.41476,1.41386,1.41447,0,0
2014-11-07,02:00:00,1.41441,1.41495,1.41388,1.41433,0,0
2014-11-07,03:00:00,1.41435,1.41584,1.41397,1.41538,0,0
2014-11-07,04:00:00,1.41538,1.4161,1.41534,1.41571,0,0
2014-11-07,05:00:00,1.41569,1.4163,1.41557,1.41607,0,0
2014-11-07,06:00:00,1.41607,1.41616,1.4151,1.41554,0,0
2014-11-07,07:00:00,1.41553,1.41607,1.41529,1.41594,0,0
2014-11-07,08:00:00,1.41587,1.41682,1.41559,1.41631,0,0
2014-11-07,09:00:00,1.41629,1.4176,1.41621,1.41711,0,0
2014-11-07,10:00:00,1.41714,1.41798,1.41655,1.41703,0,0
2014-11-07,11:00:00,1.41698,1.41819,1.4162,1.4168,0,0
2014-11-07,12:00:00,1.41683,1.41778,1.41611,1.41748,0,0
2014-11-07,13:00:00,1.41755,1.41798,1.41638,1.41703,0,0
2014-11-07,14:00:00,1.41684,1.41881,1.41664,1.41757,0,0
2014-11-07,15:00:00,1.41759,1.41808,1.40533,1.40558,0,0
2014-11-07,16:00:00,1.40557,1.41143,1.40557,1.41081,0,0
2014-11-07,17:00:00,1.411,1.41142,1.40856,1.40875,0,0
2014-11-07,18:00:00,1.4089,1.41201,1.40887,1.41087,0,0
2014-11-07,19:00:00,1.41097,1.41289,1.41042,1.41069,0,0
2014-11-07,20:00:00,1.41088,1.41153,1.40864,1.40971,0,0
2014-11-07,21:00:00,1.40969,1.40998,1.40822,1.40954,0,0
2014-11-07,22:00:00,1.40944,1.41213,1.40937,1.41122,0,0
2014-11-07,23:00:00,1.41108,1.41108,1.41108,1.41108,0,0
2014-11-10,01:00:00,1.41135,1.41236,1.41039,1.41152,0,0
2014-11-10,02:00:00,1.4115,1.41196,1.41118,1.41158,0,0
2014-11-10,03:00:00,1.41158,1.41188,1.41093,1.41176,0,0
2014-11-10,04:00:00,1.4119,1.41323,1.41185,1.41302,0,0
2014-11-10,05:00:00,1.41302,1.41348,1.41229,1.41229,0,0
2014-11-10,06:00:00,1.41237,1.41294,1.41234,1.41275,0,0
2014-11-10,07:00:00,1.41275,1.41304,1.41192,1.41242,0,0
2014-11-10,08:00:00,1.41242,1.4128,1.41157,1.41229,0,0
2014-11-10,09:00:00,1.41217,1.41339,1.41146,1.41303,0,0
2014-11-10,10:00:00,1.41308,1.41385,1.41236,1.4133,0,0
2014-11-10,11:00:00,1.41334,1.41409,1.41278,1.41288,0,0
2014-11-10,12:00:00,1.41288,1.41384,1.41161,1.41354,0,0
2014-11-10,13:00:00,1.41354,1.41361,1.41121,1.4115,0,0
2014-11-10,14:00:00,1.41171,1.41295,1.41141,1.41225,0,0
2014-11-10,15:00:00,1.41216,1.41298,1.41181,1.41225,0,0
2014-11-10,16:00:00,1.41225,1.41225,1.40859,1.40859,0,0
2014-11-10,17:00:00,1.40859,1.40929,1.40738,1.40901,0,0
2014-11-10,18:00:00,1.40863,1.40986,1.40825,1.40907,0,0
2014-11-10,19:00:00,1.40965,1.41046,1.4095,1.40998,0,0
2014-11-10,20:00:00,1.41037,1.41344,1.40996,1.41307,0,0
2014-11-10,21:00:00,1.41329,1.41428,1.41298,1.41348,0,0
2014-11-10,22:00:00,1.41354,1.41378,1.41255,1.41268,0,0
2014-11-10,23:00:00,1.4127,1.4138,1.41257,1.41322,0,0
2014-11-10,23:59:00,1.41277,1.4136,1.41277,1.41305,0,0
2014-11-11,01:00:00,1.41303,1.41331,1.41267,1.41273,0,0
2014-11-11,02:00:00,1.413,1.41399,1.41278,1.41397,0,0
2014-11-11,03:00:00,1.41398,1.41479,1.41368,1.41383,0,0
2014-11-11,04:00:00,1.41374,1.41454,1.41359,1.41407,0,0
2014-11-11,05:00:00,1.41412,1.41491,1.41384,1.41473,0,0
2014-11-11,06:00:00,1.41473,1.41488,1.41356,1.41372,0,0
2014-11-11,07:00:00,1.4136,1.41417,1.41325,1.41389,0,0
2014-11-11,08:00:00,1.4139,1.41423,1.41316,1.41345,0,0
2014-11-11,09:00:00,1.4133,1.41362,1.41216,1.41227,0,0
2014-11-11,10:00:00,1.41234,1.4144,1.41211,1.41408,0,0
2014-11-11,11:00:00,1.4141,1.4141,1.41234,1.41271,0,0
2014-11-11,12:00:00,1.41261,1.41391,1.41258,1.41347,0,0
2014-11-11,13:00:00,1.41349,1.41432,1.41329,1.4135,0,0
2014-11-11,14:00:00,1.41346,1.41454,1.41331,1.41366,0,0
2014-11-11,15:00:00,1.41373,1.41509,1.41306,1.4134,0,0
2014-11-11,16:00:00,1.41352,1.4137,1.41039,1.41051,0,0
2014-11-11,17:00:00,1.41011,1.41059,1.40859,1.40912,0,0
2014-11-11,18:00:00,1.40902,1.41306,1.40852,1.4126,0,0
2014-11-11,19:00:00,1.41244,1.41321,1.41169,1.41315,0,0
2014-11-11,20:00:00,1.41302,1.41515,1.41301,1.4147,0,0
2014-11-11,21:00:00,1.41466,1.41522,1.41337,1.41381,0,0
2014-11-11,22:00:00,1.41378,1.41411,1.41295,1.41302,0,0
2014-11-11,23:00:00,1.41302,1.41399,1.41302,1.4138,0,0
2014-11-11,23:59:00,1.41376,1.41452,1.41317,1.41418,0,0
2014-11-12,01:00:00,1.41418,1.41433,1.41371,1.41406,0,0
2014-11-12,02:00:00,1.41404,1.41404,1.41308,1.41337,0,0
2014-11-12,03:00:00,1.41337,1.4138,1.41301,1.4138,0,0
2014-11-12,04:00:00,1.41379,1.41467,1.41365,1.41402,0,0
2014-11-12,05:00:00,1.41402,1.41445,1.41355,1.41424,0,0
2014-11-12,06:00:00,1.41423,1.41544,1.41378,1.41507,0,0
2014-11-12,07:00:00,1.41509,1.41628,1.41509,1.41613,0,0
2014-11-12,08:00:00,1.41626,1.41694,1.41572,1.41572,0,0
2014-11-12,09:00:00,1.41584,1.41589,1.41347,1.41442,0,0
2014-11-12,10:00:00,1.41436,1.41462,1.41093,1.41157,0,0
2014-11-12,11:00:00,1.41189,1.41209,1.40898,1.40926,0,0
2014-11-12,12:00:00,1.4091,1.41119,1.40858,1.41047,0,0
2014-11-12,13:00:00,1.41048,1.41316,1.41013,1.41083,0,0
2014-11-12,14:00:00,1.41066,1.4109,1.40934,1.40976,0,0
2014-11-12,15:00:00,1.40976,1.41227,1.40867,1.40891,0,0
2014-11-12,16:00:00,1.40864,1.40953,1.40654,1.40799,0,0
2014-11-12,17:00:00,1.40797,1.41024,1.40677,1.41009,0,0
2014-11-12,18:00:00,1.41001,1.41108,1.40516,1.4055,0,0
2014-11-12,19:00:00,1.4055,1.4055,1.40348,1.40477,0,0
2014-11-12,20:00:00,1.40489,1.40504,1.40348,1.40463,0,0
2014-11-12,21:00:00,1.40469,1.4059,1.40462,1.40543,0,0
2014-11-12,22:00:00,1.40525,1.40741,1.40525,1.40709,0,0
2014-11-12,23:00:00,1.40681,1.4076,1.40675,1.40756,0,0
2014-11-12,23:59:00,1.40756,1.40756,1.40667,1.40694,0,0
2014-11-13,01:00:00,1.4072,1.40745,1.40645,1.40725,0,0
2014-11-13,02:00:00,1.40723,1.40756,1.40699,1.40746,0,0
2014-11-13,03:00:00,1.40743,1.40777,1.4067,1.40765,0,0
2014-11-13,04:00:00,1.40765,1.40797,1.40716,1.40763,0,0
2014-11-13,05:00:00,1.40764,1.40837,1.4074,1.4079,0,0
2014-11-13,06:00:00,1.40792,1.40823,1.40776,1.40815,0,0
2014-11-13,07:00:00,1.40818,1.40905,1.40815,1.40868,0,0
2014-11-13,08:00:00,1.409,1.40956,1.40887,1.40902,0,0
2014-11-13,09:00:00,1.40902,1.41053,1.40783,1.41032,0,0
2014-11-13,10:00:00,1.41032,1.41125,1.4091,1.40938,0,0
2014-11-13,11:00:00,1.40938,1.4102,1.40891,1.40988,0,0
2014-11-13,12:00:00,1.40993,1.4109,1.40931,1.40935,0,0
2014-11-13,13:00:00,1.40935,1.40992,1.40887,1.40953,0,0
2014-11-13,14:00:00,1.40936,1.41012,1.40884,1.40987,0,0
2014-11-13,15:00:00,1.40983,1.41157,1.40953,1.41039,0,0
2014-11-13,16:00:00,1.41024,1.4133,1.4095,1.41308,0,0
2014-11-13,17:00:00,1.41308,1.41641,1.41308,1.41453,0,0
2014-11-13,18:00:00,1.41448,1.41766,1.41413,1.41601,0,0
2014-11-13,19:00:00,1.41601,1.41731,1.41585,1.41676,0,0
2014-11-13,20:00:00,1.41695,1.41809,1.41582,1.41791,0,0
2014-11-13,21:00:00,1.41794,1.42005,1.4178,1.41899,0,0
2014-11-13,22:00:00,1.41899,1.41941,1.41814,1.41917,0,0
2014-11-13,23:00:00,1.41906,1.42096,1.41816,1.41821,0,0
2014-11-13,23:59:00,1.41821,1.41922,1.41783,1.41867,0,0
2014-11-14,01:00:00,1.4186,1.41979,1.41823,1.4197,0,0
2014-11-14,02:00:00,1.4197,1.41972,1.41838,1.41868,0,0
2014-11-14,03:00:00,1.41869,1.41874,1.41785,1.41803,0,0
2014-11-14,04:00:00,1.418,1.4185,1.41755,1.41769,0,0
2014-11-14,05:00:00,1.41763,1.41809,1.41741,1.41774,0,0
2014-11-14,06:00:00,1.41774,1.41782,1.41612,1.41615,0,0
2014-11-14,07:00:00,1.41612,1.41663,1.4155,1.41606,0,0
2014-11-14,08:00:00,1.41604,1.41636,1.41529,1.41636,0,0
2014-11-14,09:00:00,1.41692,1.4172,1.41529,1.41636,0,0
2014-11-14,10:00:00,1.41647,1.4182,1.41572,1.41781,0,0
2014-11-14,11:00:00,1.41781,1.41806,1.4159,1.41639,0,0
2014-11-14,12:00:00,1.41646,1.41704,1.41483,1.4155,0,0
2014-11-14,13:00:00,1.41548,1.41583,1.41333,1.41377,0,0
2014-11-14,14:00:00,1.41377,1.41606,1.41375,1.41591,0,0
2014-11-14,15:00:00,1.41572,1.41609,1.41021,1.41072,0,0
2014-11-14,16:00:00,1.4106,1.41078,1.40784,1.40874,0,0
2014-11-14,17:00:00,1.40874,1.41269,1.40825,1.41262,0,0
2014-11-14,18:00:00,1.4123,1.41297,1.40972,1.41112,0,0
2014-11-14,19:00:00,1.41102,1.41483,1.41097,1.41219,0,0
2014-11-14,20:00:00,1.41316,1.41373,1.41265,1.41323,0,0
2014-11-14,21:00:00,1.41342,1.41408,1.41249,1.41308,0,0
2014-11-14,22:00:00,1.41307,1.41314,1.41137,1.41235,0,0
2014-11-14,23:00:00,1.41235,1.41236,1.41235,1.41236,0,0
2014-11-17,01:00:00,1.41352,1.41377,1.41254,1.41331,0,0
2014-11-17,02:00:00,1.41339,1.41511,1.41278,1.41387,0,0
2014-11-17,03:00:00,1.41387,1.41562,1.41387,1.41515,0,0
2014-11-17,04:00:00,1.41481,1.41748,1.41471,1.41626,0,0
2014-11-17,05:00:00,1.41618,1.41651,1.41544,1.41551,0,0
2014-11-17,06:00:00,1.41558,1.41589,1.41512,1.41538,0,0
2014-11-17,07:00:00,1.41538,1.41543,1.41405,1.41456,0,0
2014-11-17,08:00:00,1.41456,1.41499,1.41435,1.41464,0,0
2014-11-17,09:00:00,1.41475,1.41526,1.41369,1.41401,0,0
2014-11-17,10:00:00,1.41401,1.41441,1.4129,1.41438,0,0
2014-11-17,11:00:00,1.41448,1.41448,1.41148,1.41289,0,0
2014-11-17,12:00:00,1.41282,1.41374,1.41271,1.41341,0,0
2014-11-17,13:00:00,1.41341,1.41436,1.41229,1.41231,0,0
2014-11-17,14:00:00,1.41224,1.41354,1.41212,1.4127,0,0
2014-11-17,15:00:00,1.4127,1.41506,1.41228,1.415,0,0
2014-11-17,16:00:00,1.415,1.41508,1.41087,1.41124,0,0
2014-11-17,17:00:00,1.41054,1.41118,1.40859,1.40909,0,0
2014-11-17,18:00:00,1.40915,1.40977,1.40742,1.40742,0,0
2014-11-17,19:00:00,1.40742,1.40882,1.40681,1.40711,0,0
2014-11-17,20:00:00,1.40713,1.40725,1.40581,1.40683,0,0
2014-11-17,21:00:00,1.40683,1.40869,1.40668,1.40801,0,0
2014-11-17,22:00:00,1.40801,1.40812,1.40614,1.40623,0,0
2014-11-17,23:00:00,1.40625,1.40767,1.40625,1.4076,0,0
2014-11-17,23:59:00,1.4076,1.4076,1.40603,1.40648,0,0
2014-11-18,01:00:00,1.4065,1.40665,1.40574,1.40624,0,0
2014-11-18,02:00:00,1.40648,1.40746,1.40632,1.40693,0,0
2014-11-18,03:00:00,1.40693,1.4076,1.40693,1.40756,0,0
2014-11-18,04:00:00,1.40754,1.40772,1.4071,1.40764,0,0
2014-11-18,05:00:00,1.40764,1.40773,1.40658,1.40687,0,0
2014-11-18,06:00:00,1.40689,1.40712,1.40635,1.4064,0,0
2014-11-18,07:00:00,1.40639,1.40647,1.40583,1.40623,0,0
2014-11-18,08:00:00,1.40624,1.40683,1.40518,1.40522,0,0
2014-11-18,09:00:00,1.40522,1.40721,1.40457,1.40695,0,0
2014-11-18,10:00:00,1.40694,1.4082,1.40686,1.40781,0,0
2014-11-18,11:00:00,1.40781,1.41207,1.40705,1.41168,0,0
2014-11-18,12:00:00,1.41168,1.41419,1.41151,1.41169,0,0
2014-11-18,13:00:00,1.4117,1.41245,1.41155,1.41187,0,0
2014-11-18,14:00:00,1.41204,1.41269,1.41167,1.41173,0,0
2014-11-18,15:00:00,1.41172,1.41507,1.41155,1.41413,0,0
2014-11-18,16:00:00,1.41407,1.41581,1.41377,1.41566,0,0
2014-11-18,17:00:00,1.41566,1.41636,1.41447,1.41547,0,0
2014-11-18,18:00:00,1.41649,1.41872,1.41624,1.41676,0,0
2014-11-18,19:00:00,1.41675,1.41765,1.41625,1.41625,0,0
2014-11-18,20:00:00,1.41626,1.41745,1.41626,1.41715,0,0
2014-11-18,21:00:00,1.41708,1.4171,1.41558,1.41593,0,0
2014-11-18,22:00:00,1.4158,1.41689,1.41559,1.41616,0,0
2014-11-18,23:00:00,1.41616,1.4166,1.41581,1.41581,0,0
2014-11-18,23:59:00,1.41581,1.41632,1.41548,1.4163,0,0
2014-11-19,01:00:00,1.41642,1.41904,1.41627,1.41865,0,0
2014-11-19,02:00:00,1.41864,1.41882,1.41732,1.41758,0,0
2014-11-19,03:00:00,1.41752,1.41834,1.41723,1.41825,0,0
2014-11-19,04:00:00,1.41825,1.41836,1.41739,1.41803,0,0
2014-11-19,05:00:00,1.41812,1.41879,1.41756,1.41819,0,0
2014-11-19,06:00:00,1.41819,1.41871,1.41774,1.41865,0,0
2014-11-19,07:00:00,1.41862,1.41871,1.41809,1.41871,0,0
2014-11-19,08:00:00,1.4188,1.41891,1.41733,1.41759,0,0
2014-11-19,09:00:00,1.41782,1.42004,1.41697,1.42,0,0
2014-11-19,10:00:00,1.42,1.42164,1.41927,1.42164,0,0
2014-11-19,11:00:00,1.42139,1.42185,1.42053,1.42075,0,0
2014-11-19,12:00:00,1.42075,1.42182,1.42012,1.42143,0,0
2014-11-19,13:00:00,1.42133,1.42146,1.42024,1.42143,0,0
2014-11-19,14:00:00,1.42134,1.42264,1.42097,1.42218,0,0
2014-11-19,15:00:00,1.42222,1.4253,1.42207,1.42501,0,0
2014-11-19,16:00:00,1.42501,1.4255,1.42247,1.42289,0,0
2014-11-19,17:00:00,1.42296,1.42316,1.42083,1.42243,0,0
2014-11-19,18:00:00,1.4216,1.42447,1.42144,1.42401,0,0
2014-11-19,19:00:00,1.42397,1.42501,1.42319,1.42319,0,0
2014-11-19,20:00:00,1.42317,1.42435,1.42262,1.42262,0,0
2014-11-19,21:00:00,1.42499,1.42529,1.42159,1.42235,0,0
2014-11-19,22:00:00,1.42237,1.42371,1.42231,1.42339,0,0
2014-11-19,23:00:00,1.42344,1.42362,1.42259,1.42342,0,0
2014-11-19,23:59:00,1.42342,1.4235,1.42251,1.42284,0,0
2014-11-20,01:00:00,1.42306,1.42364,1.42282,1.42312,0,0
2014-11-20,02:00:00,1.4232,1.42347,1.42221,1.42265,0,0
2014-11-20,03:00:00,1.42269,1.42298,1.42222,1.42292,0,0
2014-11-20,04:00:00,1.42315,1.4233,1.42252,1.42327,0,0
2014-11-20,05:00:00,1.42327,1.4236,1.42283,1.42332,0,0
2014-11-20,06:00:00,1.42332,1.42421,1.42288,1.42339,0,0
2014-11-20,07:00:00,1.42342,1.42378,1.42329,1.42345,0,0
2014-11-20,08:00:00,1.42345,1.42366,1.42269,1.42305,0,0
2014-11-20,09:00:00,1.42309,1.42505,1.42297,1.42405,0,0
2014-11-20,10:00:00,1.4239,1.42607,1.41987,1.42121,0,0
2014-11-20,11:00:00,1.42123,1.42176,1.41936,1.42002,0,0
2014-11-20,12:00:00,1.42013,1.42126,1.41962,1.42107,0,0
2014-11-20,13:00:00,1.42107,1.42165,1.42007,1.42072,0,0
2014-11-20,14:00:00,1.42064,1.42156,1.41987,1.42071,0,0
2014-11-20,15:00:00,1.42071,1.42071,1.41721,1.41933,0,0
2014-11-20,16:00:00,1.41933,1.42183,1.41893,1.41899,0,0
2014-11-20,17:00:00,1.41899,1.41902,1.4167,1.41735,0,0
2014-11-20,18:00:00,1.41735,1.41753,1.41541,1.4161,0,0
2014-11-20,19:00:00,1.41667,1.41671,1.41556,1.41634,0,0
2014-11-20,20:00:00,1.41649,1.4186,1.41638,1.41783,0,0
2014-11-20,21:00:00,1.41783,1.41862,1.41762,1.41812,0,0
2014-11-20,22:00:00,1.41812,1.41831,1.41706,1.41806,0,0
2014-11-20,23:00:00,1.41807,1.41816,1.41712,1.41735,0,0
2014-11-20,23:59:00,1.41719,1.41849,1.41694,1.41837,0,0
2014-11-21,01:00:00,1.41831,1.41876,1.41772,1.4185,0,0
2014-11-21,02:00:00,1.41851,1.41908,1.4182,1.41908,0,0
2014-11-21,03:00:00,1.4191,1.41944,1.41883,1.41905,0,0
2014-11-21,04:00:00,1.41899,1.41976,1.41873,1.41962,0,0
2014-11-21,05:00:00,1.41959,1.42023,1.41912,1.41977,0,0
2014-11-21,06:00:00,1.41977,1.41985,1.41849,1.41899,0,0
2014-11-21,07:00:00,1.41899,1.41936,1.41838,1.41891,0,0
2014-11-21,08:00:00,1.41905,1.41927,1.41839,1.41848,0,0
2014-11-21,09:00:00,1.41856,1.419,1.41785,1.41836,0,0
2014-11-21,10:00:00,1.41836,1.41929,1.41147,1.41155,0,0
2014-11-21,11:00:00,1.41113,1.41207,1.40762,1.40784,0,0
2014-11-21,12:00:00,1.40756,1.40839,1.40394,1.40399,0,0
2014-11-21,13:00:00,1.40399,1.40399,1.39852,1.4013,0,0
2014-11-21,14:00:00,1.40141,1.40304,1.3981,1.39822,0,0
2014-11-21,15:00:00,1.39822,1.39972,1.3919,1.39531,0,0
2014-11-21,16:00:00,1.39477,1.39605,1.39215,1.39524,0,0
2014-11-21,17:00:00,1.39583,1.39588,1.39146,1.39323,0,0
2014-11-21,18:00:00,1.39318,1.39398,1.392,1.39232,0,0
2014-11-21,19:00:00,1.3922,1.39327,1.39091,1.39189,0,0
2014-11-21,20:00:00,1.39187,1.39262,1.39111,1.3919,0,0
2014-11-21,21:00:00,1.39195,1.39246,1.39137,1.39209,0,0
2014-11-21,22:00:00,1.39213,1.39245,1.39141,1.39234,0,0
2014-11-21,23:00:00,1.39223,1.39223,1.39209,1.39213,0,0
2014-11-24,01:00:00,1.38993,1.39031,1.38861,1.38921,0,0
2014-11-24,02:00:00,1.38916,1.39035,1.38906,1.3899,0,0
2014-11-24,03:00:00,1.38984,1.39064,1.38893,1.38995,0,0
2014-11-24,04:00:00,1.38995,1.39063,1.38981,1.39024,0,0
2014-11-24,05:00:00,1.39022,1.39153,1.39011,1.39137,0,0
2014-11-24,06:00:00,1.39137,1.39175,1.39104,1.39136,0,0
2014-11-24,07:00:00,1.39133,1.3917,1.39107,1.39163,0,0
2014-11-24,08:00:00,1.39164,1.39194,1.39117,1.39132,0,0
2014-11-24,09:00:00,1.39129,1.39349,1.39129,1.3931,0,0
2014-11-24,10:00:00,1.39305,1.39315,1.39081,1.39202,0,0
2014-11-24,11:00:00,1.39202,1.39444,1.39202,1.39377,0,0
2014-11-24,12:00:00,1.39349,1.39438,1.39236,1.39418,0,0
2014-11-24,13:00:00,1.39422,1.39526,1.39354,1.39498,0,0
2014-11-24,14:00:00,1.395,1.39625,1.39402,1.3959,0,0
2014-11-24,15:00:00,1.39588,1.39692,1.39509,1.39612,0,0
2014-11-24,16:00:00,1.3961,1.3989,1.3954,1.39839,0,0
2014-11-24,17:00:00,1.39821,1.40197,1.39818,1.40194,0,0
2014-11-24,18:00:00,1.40195,1.40223,1.4009,1.40124,0,0
2014-11-24,19:00:00,1.40124,1.40538,1.40124,1.40247,0,0
2014-11-24,20:00:00,1.40258,1.4046,1.40224,1.40441,0,0
2014-11-24,21:00:00,1.40452,1.40464,1.4036,1.40441,0,0
2014-11-24,22:00:00,1.40445,1.40507,1.40403,1.40412,0,0
2014-11-24,23:00:00,1.40406,1.40438,1.403,1.403,0,0
2014-11-24,23:59:00,1.40291,1.40423,1.40284,1.40329,0,0
2014-11-25,01:00:00,1.40318,1.40372,1.4028,1.40327,0,0
2014-11-25,02:00:00,1.40327,1.40344,1.40245,1.40265,0,0
2014-11-25,03:00:00,1.4027,1.40341,1.40219,1.4031,0,0
2014-11-25,04:00:00,1.40308,1.40342,1.4023,1.40315,0,0
2014-11-25,05:00:00,1.40294,1.40334,1.40236,1.40236,0,0
2014-11-25,06:00:00,1.40236,1.40258,1.40142,1.40171,0,0
2014-11-25,07:00:00,1.40171,1.40223,1.40148,1.40213,0,0
2014-11-25,08:00:00,1.40213,1.4031,1.40175,1.40279,0,0
2014-11-25,09:00:00,1.40276,1.40396,1.40215,1.40347,0,0
2014-11-25,10:00:00,1.40353,1.4053,1.40276,1.40459,0,0
2014-11-25,11:00:00,1.40455,1.40652,1.40455,1.40559,0,0
2014-11-25,12:00:00,1.40548,1.4062,1.40481,1.40491,0,0
2014-11-25,13:00:00,1.40487,1.40492,1.40239,1.4026,0,0
2014-11-25,14:00:00,1.40282,1.40283,1.4007,1.40098,0,0
2014-11-25,15:00:00,1.40102,1.40149,1.39838,1.39931,0,0
2014-11-25,16:00:00,1.39948,1.4009,1.39818,1.40035,0,0
2014-11-25,17:00:00,1.40103,1.40442,1.40066,1.40442,0,0
2014-11-25,18:00:00,1.40449,1.40566,1.40302,1.40397,0,0
2014-11-25,19:00:00,1.40402,1.40402,1.40047,1.40048,0,0
2014-11-25,20:00:00,1.40045,1.40343,1.40042,1.40237,0,0
2014-11-25,21:00:00,1.40235,1.40334,1.40199,1.40316,0,0
2014-11-25,22:00:00,1.40326,1.40493,1.40313,1.40367,0,0
2014-11-25,23:00:00,1.40365,1.40404,1.40308,1.40404,0,0
2014-11-25,23:59:00,1.40412,1.40415,1.4034,1.40391,0,0
2014-11-26,01:00:00,1.40381,1.4041,1.40328,1.40351,0,0
2014-11-26,02:00:00,1.40352,1.40518,1.40318,1.40503,0,0
2014-11-26,03:00:00,1.40502,1.40556,1.40445,1.40454,0,0
2014-11-26,04:00:00,1.40454,1.40498,1.40407,1.40487,0,0
2014-11-26,05:00:00,1.40488,1.40516,1.40394,1.40423,0,0
2014-11-26,06:00:00,1.40423,1.40515,1.40408,1.4051,0,0
2014-11-26,07:00:00,1.40513,1.40521,1.40412,1.40476,0,0
2014-11-26,08:00:00,1.4048,1.4048,1.40377,1.40397,0,0
2014-11-26,09:00:00,1.40392,1.40434,1.40262,1.40394,0,0
2014-11-26,10:00:00,1.40387,1.40837,1.40387,1.40596,0,0
2014-11-26,11:00:00,1.40596,1.40657,1.40431,1.40457,0,0
2014-11-26,12:00:00,1.40454,1.40656,1.40398,1.40536,0,0
2014-11-26,13:00:00,1.40525,1.40528,1.40153,1.4027,0,0
2014-11-26,14:00:00,1.40263,1.40596,1.40263,1.40594,0,0
2014-11-26,15:00:00,1.40579,1.40737,1.40408,1.40654,0,0
2014-11-26,16:00:00,1.40656,1.40666,1.40381,1.40515,0,0
2014-11-26,17:00:00,1.40538,1.40736,1.40467,1.40671,0,0
2014-11-26,18:00:00,1.40692,1.40713,1.40437,1.40441,0,0
2014-11-26,19:00:00,1.40441,1.40549,1.40427,1.40479,0,0
2014-11-26,20:00:00,1.40458,1.40579,1.40458,1.4053,0,0
2014-11-26,21:00:00,1.40527,1.40568,1.40452,1.40471,0,0
2014-11-26,22:00:00,1.40472,1.40557,1.40459,1.40497,0,0
2014-11-26,23:00:00,1.40499,1.40662,1.40483,1.40615,0,0
2014-11-26,23:59:00,1.40617,1.40681,1.40579,1.40664,0,0
2014-11-27,01:00:00,1.40665,1.40731,1.40619,1.40686,0,0
2014-11-27,02:00:00,1.40686,1.40748,1.40661,1.40704,0,0
2014-11-27,03:00:00,1.40704,1.40738,1.406,1.40647,0,0
2014-11-27,04:00:00,1.40649,1.40661,1.40569,1.40593,0,0
2014-11-27,05:00:00,1.4059,1.40853,1.4059,1.40762,0,0
2014-11-27,06:00:00,1.40773,1.40855,1.40759,1.40815,0,0
2014-11-27,07:00:00,1.40815,1.40831,1.4075,1.40761,0,0
2014-11-27,08:00:00,1.40758,1.40836,1.40742,1.40777,0,0
2014-11-27,09:00:00,1.40777,1.40838,1.40642,1.40647,0,0
2014-11-27,10:00:00,1.40647,1.40654,1.40352,1.40641,0,0
2014-11-27,11:00:00,1.40642,1.4066,1.40443,1.40502,0,0
2014-11-27,12:00:00,1.40499,1.40725,1.40499,1.40684,0,0
2014-11-27,13:00:00,1.40684,1.40746,1.40423,1.40459,0,0
2014-11-27,14:00:00,1.40461,1.40502,1.40374,1.40432,0,0
2014-11-27,15:00:00,1.40432,1.40531,1.40208,1.40259,0,0
2014-11-27,16:00:00,1.4026,1.40893,1.4026,1.40787,0,0
2014-11-27,17:00:00,1.40812,1.41473,1.40801,1.41318,0,0
2014-11-27,18:00:00,1.41306,1.41708,1.41218,1.41347,0,0
2014-11-27,19:00:00,1.41359,1.41496,1.41303,1.41431,0,0
2014-11-27,20:00:00,1.41412,1.41451,1.41284,1.41353,0,0
2014-11-27,21:00:00,1.41346,1.41405,1.41341,1.41405,0,0
2014-11-27,22:00:00,1.41403,1.41416,1.41227,1.41243,0,0
2014-11-27,23:00:00,1.41237,1.41256,1.41186,1.41215,0,0
2014-11-27,23:59:00,1.41212,1.41314,1.41192,1.41257,0,0
2014-11-28,01:00:00,1.41265,1.41323,1.41226,1.41244,0,0
2014-11-28,02:00:00,1.41241,1.41322,1.41208,1.41286,0,0
2014-11-28,03:00:00,1.4128,1.41311,1.41241,1.41256,0,0
2014-11-28,04:00:00,1.41254,1.41263,1.41178,1.41182,0,0
2014-11-28,05:00:00,1.41181,1.41263,1.41164,1.41218,0,0
2014-11-28,06:00:00,1.4122,1.41291,1.41185,1.41279,0,0
2014-11-28,07:00:00,1.41279,1.41297,1.412,1.412,0,0
2014-11-28,08:00:00,1.41196,1.41321,1.4117,1.41321,0,0
2014-11-28,09:00:00,1.41319,1.41557,1.41207,1.41436,0,0
2014-11-28,10:00:00,1.41439,1.41567,1.41323,1.41543,0,0
2014-11-28,11:00:00,1.41536,1.41678,1.41384,1.41408,0,0
2014-11-28,12:00:00,1.41409,1.41839,1.41409,1.41758,0,0
2014-11-28,13:00:00,1.41752,1.41986,1.4165,1.41974,0,0
2014-11-28,14:00:00,1.41966,1.42296,1.41966,1.42278,0,0
2014-11-28,15:00:00,1.42287,1.42599,1.41857,1.42492,0,0
2014-11-28,16:00:00,1.42492,1.42624,1.42096,1.42225,0,0
2014-11-28,17:00:00,1.42225,1.42642,1.42101,1.42101,0,0
2014-11-28,18:00:00,1.42083,1.42184,1.41824,1.42075,0,0
2014-11-28,19:00:00,1.42075,1.42174,1.41931,1.42174,0,0
2014-11-28,20:00:00,1.42184,1.42257,1.42022,1.42186,0,0
2014-11-28,21:00:00,1.42188,1.4225,1.4207,1.42108,0,0
2014-11-28,22:00:00,1.42108,1.42299,1.42081,1.4224,0,0
2014-11-28,23:00:00,1.42233,1.42283,1.42222,1.42246,0,0
2014-12-01,01:00:00,1.42234,1.42439,1.42213,1.42398,0,0
2014-12-01,02:00:00,1.42398,1.42435,1.42345,1.42411,0,0
2014-12-01,03:00:00,1.42405,1.42458,1.42312,1.42381,0,0
2014-12-01,04:00:00,1.42383,1.42393,1.42218,1.42249,0,0
2014-12-01,05:00:00,1.42249,1.42389,1.42249,1.42346,0,0
2014-12-01,06:00:00,1.4235,1.42357,1.42251,1.42269,0,0
2014-12-01,07:00:00,1.42269,1.42328,1.422,1.42276,0,0
2014-12-01,08:00:00,1.42276,1.42387,1.42265,1.42323,0,0
2014-12-01,09:00:00,1.42307,1.42338,1.42063,1.42097,0,0
2014-12-01,10:00:00,1.42087,1.42315,1.41987,1.42018,0,0
2014-12-01,11:00:00,1.42053,1.42424,1.42011,1.42188,0,0
2014-12-01,12:00:00,1.42207,1.42309,1.4215,1.42186,0,0
2014-12-01,13:00:00,1.42183,1.4233,1.42122,1.42122,0,0
2014-12-01,14:00:00,1.42115,1.42127,1.41952,1.4209,0,0
2014-12-01,15:00:00,1.42095,1.42164,1.4192,1.42082,0,0
2014-12-01,16:00:00,1.42077,1.42095,1.41861,1.42029,0,0
2014-12-01,17:00:00,1.42004,1.42113,1.41859,1.41946,0,0
2014-12-01,18:00:00,1.41937,1.41955,1.41612,1.41646,0,0
2014-12-01,19:00:00,1.41634,1.41725,1.41465,1.41569,0,0
2014-12-01,20:00:00,1.41583,1.41594,1.41311,1.41311,0,0
2014-12-01,21:00:00,1.41309,1.41402,1.41108,1.41187,0,0
2014-12-01,22:00:00,1.41194,1.41304,1.41138,1.41225,0,0
2014-12-01,23:00:00,1.41232,1.41255,1.41127,1.41201,0,0
2014-12-01,23:59:00,1.41227,1.41246,1.41141,1.41155,0,0
2014-12-02,01:00:00,1.41153,1.41209,1.41123,1.41134,0,0
2014-12-02,02:00:00,1.41133,1.41254,1.41104,1.41252,0,0
2014-12-02,03:00:00,1.41252,1.41284,1.41143,1.4121,0,0
2014-12-02,04:00:00,1.41208,1.41215,1.41117,1.41154,0,0
2014-12-02,05:00:00,1.41155,1.41211,1.41105,1.4113,0,0
2014-12-02,06:00:00,1.4113,1.41165,1.41083,1.41133,0,0
2014-12-02,07:00:00,1.41134,1.41187,1.41099,1.41154,0,0
2014-12-02,08:00:00,1.41156,1.41254,1.41112,1.4125,0,0
2014-12-02,09:00:00,1.41245,1.41256,1.41076,1.41076,0,0
2014-12-02,10:00:00,1.41076,1.4119,1.40951,1.40973,0,0
2014-12-02,11:00:00,1.40979,1.41183,1.40954,1.41034,0,0
2014-12-02,12:00:00,1.41042,1.41295,1.41009,1.41142,0,0
2014-12-02,13:00:00,1.41146,1.41414,1.41114,1.41323,0,0
2014-12-02,14:00:00,1.41318,1.41433,1.41216,1.41313,0,0
2014-12-02,15:00:00,1.41302,1.41321,1.40988,1.41203,0,0
2014-12-02,16:00:00,1.41205,1.4164,1.41097,1.41461,0,0
2014-12-02,17:00:00,1.41473,1.41556,1.41159,1.4119,0,0
2014-12-02,18:00:00,1.41194,1.41352,1.4107,1.41173,0,0
2014-12-02,19:00:00,1.41171,1.41258,1.41051,1.4109,0,0
2014-12-02,20:00:00,1.4109,1.41215,1.41087,1.4109,0,0
2014-12-02,21:00:00,1.41082,1.41226,1.41028,1.41157,0,0
2014-12-02,22:00:00,1.41153,1.41208,1.41035,1.41041,0,0
2014-12-02,23:00:00,1.41034,1.41213,1.41034,1.41212,0,0
2014-12-02,23:59:00,1.41206,1.41227,1.41133,1.41225,0,0
2014-12-03,01:00:00,1.41217,1.41278,1.41174,1.41205,0,0
2014-12-03,02:00:00,1.41211,1.41304,1.41136,1.41296,0,0
2014-12-03,03:00:00,1.41304,1.41304,1.41123,1.41146,0,0
2014-12-03,04:00:00,1.41147,1.41189,1.41092,1.41131,0,0
2014-12-03,05:00:00,1.4113,1.41167,1.41047,1.41096,0,0
2014-12-03,06:00:00,1.41096,1.41129,1.41034,1.41068,0,0
2014-12-03,07:00:00,1.41068,1.4109,1.40985,1.41037,0,0
2014-12-03,08:00:00,1.40991,1.41037,1.40869,1.40934,0,0
2014-12-03,09:00:00,1.40939,1.41014,1.40825,1.40914,0,0
2014-12-03,10:00:00,1.40912,1.40949,1.40389,1.40459,0,0
2014-12-03,11:00:00,1.40445,1.40504,1.40177,1.40186,0,0
2014-12-03,12:00:00,1.40189,1.4048,1.40171,1.40334,0,0
2014-12-03,13:00:00,1.40334,1.40442,1.40211,1.40227,0,0
2014-12-03,14:00:00,1.4023,1.40456,1.40204,1.40399,0,0
2014-12-03,15:00:00,1.40398,1.40401,1.40117,1.40308,0,0
2014-12-03,16:00:00,1.40307,1.40539,1.40165,1.40247,0,0
2014-12-03,17:00:00,1.40127,1.40493,1.39731,1.39938,0,0
2014-12-03,18:00:00,1.39914,1.39924,1.39671,1.39765,0,0
2014-12-03,19:00:00,1.39742,1.39921,1.39688,1.39852,0,0
2014-12-03,20:00:00,1.39856,1.39859,1.39742,1.3982,0,0
2014-12-03,21:00:00,1.39821,1.39867,1.39767,1.39854,0,0
2014-12-03,22:00:00,1.39853,1.3994,1.39843,1.39875,0,0
2014-12-03,23:00:00,1.3988,1.39923,1.39872,1.39872,0,0
2014-12-03,23:59:00,1.39858,1.39949,1.39808,1.39931,0,0
2014-12-04,01:00:00,1.39931,1.39976,1.39893,1.39909,0,0
2014-12-04,02:00:00,1.39909,1.39943,1.39765,1.3981,0,0
2014-12-04,03:00:00,1.39798,1.39848,1.39765,1.39848,0,0
2014-12-04,04:00:00,1.39841,1.3994,1.39833,1.399,0,0
2014-12-04,05:00:00,1.399,1.39943,1.39863,1.39907,0,0
2014-12-04,06:00:00,1.39905,1.39914,1.39773,1.39807,0,0
2014-12-04,07:00:00,1.39804,1.39916,1.39782,1.39889,0,0
2014-12-04,08:00:00,1.39889,1.39908,1.39808,1.39818,0,0
2014-12-04,09:00:00,1.39825,1.39835,1.39528,1.39631,0,0
2014-12-04,10:00:00,1.39629,1.39931,1.39629,1.39889,0,0
2014-12-04,11:00:00,1.39897,1.40013,1.39859,1.39869,0,0
2014-12-04,12:00:00,1.39865,1.3994,1.39804,1.39892,0,0
2014-12-04,13:00:00,1.39898,1.39975,1.39685,1.39716,0,0
2014-12-04,14:00:00,1.39716,1.39945,1.39716,1.39796,0,0
2014-12-04,15:00:00,1.39791,1.4086,1.39756,1.40727,0,0
2014-12-04,16:00:00,1.40738,1.41069,1.40545,1.40988,0,0
2014-12-04,17:00:00,1.4104,1.41412,1.40858,1.41412,0,0
2014-12-04,18:00:00,1.41428,1.41647,1.41301,1.41354,0,0
2014-12-04,19:00:00,1.41354,1.41354,1.40629,1.40777,0,0
2014-12-04,20:00:00,1.40791,1.40841,1.40672,1.40681,0,0
2014-12-04,21:00:00,1.40675,1.40791,1.40671,1.40781,0,0
2014-12-04,22:00:00,1.40783,1.40903,1.40767,1.4081,0,0
2014-12-04,23:00:00,1.4081,1.40905,1.40786,1.40877,0,0
2014-12-04,23:59:00,1.40893,1.40944,1.40848,1.40919,0,0
2014-12-05,01:00:00,1.40909,1.41065,1.40889,1.40994,0,0
2014-12-05,02:00:00,1.40996,1.41074,1.40971,1.41019,0,0
2014-12-05,03:00:00,1.41022,1.41081,1.40968,1.40976,0,0
2014-12-05,04:00:00,1.40972,1.41054,1.40953,1.41043,0,0
2014-12-05,05:00:00,1.41043,1.41062,1.41008,1.41019,0,0
2014-12-05,06:00:00,1.41026,1.41051,1.4099,1.40995,0,0
2014-12-05,07:00:00,1.40995,1.41026,1.40947,1.40947,0,0
2014-12-05,08:00:00,1.4094,1.40993,1.40868,1.409,0,0
2014-12-05,09:00:00,1.40889,1.41152,1.40875,1.41137,0,0
2014-12-05,10:00:00,1.41139,1.41139,1.40986,1.41038,0,0
2014-12-05,11:00:00,1.41026,1.41137,1.40972,1.40997,0,0
2014-12-05,12:00:00,1.40998,1.41041,1.40818,1.4093,0,0
2014-12-05,13:00:00,1.40921,1.41011,1.40762,1.40894,0,0
2014-12-05,14:00:00,1.40874,1.40914,1.40674,1.4084,0,0
2014-12-05,15:00:00,1.40836,1.41006,1.40257,1.40469,0,0
2014-12-05,16:00:00,1.40462,1.40817,1.40285,1.40754,0,0
2014-12-05,17:00:00,1.40718,1.40724,1.40451,1.40455,0,0
2014-12-05,18:00:00,1.40463,1.4055,1.40371,1.40522,0,0
2014-12-05,19:00:00,1.40504,1.40537,1.40352,1.40452,0,0
2014-12-05,20:00:00,1.40452,1.40558,1.40404,1.40473,0,0
2014-12-05,21:00:00,1.40468,1.40538,1.40384,1.40455,0,0
2014-12-05,22:00:00,1.40461,1.40506,1.40369,1.40438,0,0
2014-12-05,23:00:00,1.40445,1.40468,1.40434,1.40468,0,0
2014-12-08,01:00:00,1.4051,1.40775,1.4051,1.40676,0,0
2014-12-08,02:00:00,1.40674,1.40708,1.40595,1.40639,0,0
2014-12-08,03:00:00,1.40638,1.40683,1.4059,1.40592,0,0
2014-12-08,04:00:00,1.40593,1.4061,1.40551,1.40559,0,0
2014-12-08,05:00:00,1.40561,1.40633,1.40548,1.40596,0,0
2014-12-08,06:00:00,1.40593,1.40596,1.40516,1.40547,0,0
2014-12-08,07:00:00,1.40531,1.40606,1.40529,1.40604,0,0
2014-12-08,08:00:00,1.40604,1.40647,1.40507,1.40518,0,0
2014-12-08,09:00:00,1.40535,1.40629,1.40396,1.40471,0,0
2014-12-08,10:00:00,1.40471,1.4052,1.40247,1.40445,0,0
2014-12-08,11:00:00,1.40445,1.40451,1.40131,1.40229,0,0
2014-12-08,12:00:00,1.40229,1.40271,1.40123,1.40134,0,0
2014-12-08,13:00:00,1.40135,1.40342,1.40125,1.40297,0,0
2014-12-08,14:00:00,1.40285,1.40337,1.40033,1.40097,0,0
2014-12-08,15:00:00,1.40099,1.40323,1.40026,1.40308,0,0
2014-12-08,16:00:00,1.40309,1.40543,1.40256,1.40453,0,0
2014-12-08,17:00:00,1.40452,1.40944,1.40451,1.40751,0,0
2014-12-08,18:00:00,1.40761,1.41122,1.4071,1.40966,0,0
2014-12-08,19:00:00,1.40974,1.413,1.40927,1.41277,0,0
2014-12-08,20:00:00,1.41293,1.41343,1.41164,1.41266,0,0
2014-12-08,21:00:00,1.41264,1.41377,1.41169,1.41364,0,0
2014-12-08,22:00:00,1.41368,1.41427,1.41285,1.413,0,0
2014-12-08,23:00:00,1.41319,1.41341,1.4122,1.4134,0,0
2014-12-08,23:59:00,1.4135,1.41403,1.41249,1.41342,0,0
2014-12-09,01:00:00,1.41342,1.41415,1.41311,1.4136,0,0
2014-12-09,02:00:00,1.41358,1.41405,1.41329,1.41358,0,0
2014-12-09,03:00:00,1.41358,1.41425,1.41316,1.41383,0,0
2014-12-09,04:00:00,1.41374,1.41474,1.4137,1.41458,0,0
2014-12-09,05:00:00,1.41459,1.41463,1.41199,1.41228,0,0
2014-12-09,06:00:00,1.41225,1.41445,1.41221,1.41375,0,0
2014-12-09,07:00:00,1.41376,1.41522,1.41347,1.41477,0,0
2014-12-09,08:00:00,1.41471,1.41624,1.41437,1.41524,0,0
2014-12-09,09:00:00,1.41511,1.41645,1.41489,1.41636,0,0
2014-12-09,10:00:00,1.4164,1.41952,1.41622,1.41778,0,0
2014-12-09,11:00:00,1.41769,1.41803,1.41596,1.41707,0,0
2014-12-09,12:00:00,1.41707,1.4185,1.41675,1.41782,0,0
2014-12-09,13:00:00,1.41784,1.41829,1.41581,1.41582,0,0
2014-12-09,14:00:00,1.41584,1.41722,1.41553,1.41677,0,0
2014-12-09,15:00:00,1.41673,1.41715,1.41486,1.41712,0,0
2014-12-09,16:00:00,1.4172,1.41883,1.41673,1.41718,0,0
2014-12-09,17:00:00,1.41729,1.41948,1.41641,1.41854,0,0
2014-12-09,18:00:00,1.41871,1.41956,1.41695,1.41749,0,0
2014-12-09,19:00:00,1.41755,1.41777,1.41588,1.41658,0,0
2014-12-09,20:00:00,1.4168,1.41712,1.41566,1.41641,0,0
2014-12-09,21:00:00,1.41632,1.41632,1.41458,1.41531,0,0
2014-12-09,22:00:00,1.41525,1.41544,1.41339,1.4148,0,0
2014-12-09,23:00:00,1.41484,1.41601,1.41457,1.41587,0,0
2014-12-09,23:59:00,1.41597,1.41647,1.41524,1.41595,0,0
2014-12-10,01:00:00,1.416,1.41745,1.41548,1.41695,0,0
2014-12-10,02:00:00,1.41697,1.41774,1.41642,1.41745,0,0
2014-12-10,03:00:00,1.41744,1.41763,1.41593,1.41594,0,0
2014-12-10,04:00:00,1.41597,1.41641,1.41586,1.41632,0,0
2014-12-10,05:00:00,1.41639,1.41718,1.41637,1.41686,0,0
2014-12-10,06:00:00,1.41688,1.41757,1.41622,1.41748,0,0
2014-12-10,07:00:00,1.41747,1.41795,1.41695,1.41748,0,0
2014-12-10,08:00:00,1.41747,1.41772,1.41705,1.41714,0,0
2014-12-10,09:00:00,1.41712,1.41779,1.4166,1.41754,0,0
2014-12-10,10:00:00,1.41765,1.41885,1.41609,1.41879,0,0
2014-12-10,11:00:00,1.41878,1.42082,1.41813,1.41999,0,0
2014-12-10,12:00:00,1.41998,1.42028,1.41772,1.41804,0,0
2014-12-10,13:00:00,1.41816,1.41911,1.41757,1.41787,0,0
2014-12-10,14:00:00,1.41801,1.41812,1.41681,1.4171,0,0
2014-12-10,15:00:00,1.41717,1.4207,1.41699,1.42057,0,0
2014-12-10,16:00:00,1.42048,1.42273,1.41962,1.42263,0,0
2014-12-10,17:00:00,1.42248,1.4291,1.42233,1.4236,0,0
2014-12-10,18:00:00,1.42372,1.42693,1.42325,1.42597,0,0
2014-12-10,19:00:00,1.42596,1.42799,1.42507,1.42556,0,0
2014-12-10,20:00:00,1.42562,1.43018,1.42518,1.42979,0,0
2014-12-10,21:00:00,1.42979,1.43032,1.42807,1.42896,0,0
2014-12-10,22:00:00,1.42896,1.42939,1.42653,1.42817,0,0
2014-12-10,23:00:00,1.42819,1.429,1.42747,1.42889,0,0
2014-12-10,23:59:00,1.42887,1.42892,1.42787,1.42825,0,0
2014-12-11,01:00:00,1.4281,1.4312,1.4275,1.43064,0,0
2014-12-11,02:00:00,1.43065,1.43202,1.42984,1.43036,0,0
2014-12-11,03:00:00,1.43044,1.43047,1.42681,1.42723,0,0
2014-12-11,04:00:00,1.42727,1.42819,1.42702,1.42712,0,0
2014-12-11,05:00:00,1.42709,1.42827,1.42646,1.42702,0,0
2014-12-11,06:00:00,1.42702,1.42765,1.42644,1.42674,0,0
2014-12-11,07:00:00,1.42674,1.42688,1.42448,1.42502,0,0
2014-12-11,08:00:00,1.42502,1.4264,1.42452,1.42591,0,0
2014-12-11,09:00:00,1.42589,1.42914,1.42578,1.429,0,0
2014-12-11,10:00:00,1.4292,1.4293,1.42606,1.42633,0,0
2014-12-11,11:00:00,1.42624,1.42832,1.42589,1.42621,0,0
2014-12-11,12:00:00,1.42617,1.42938,1.42521,1.42938,0,0
2014-12-11,13:00:00,1.42918,1.43042,1.42819,1.42907,0,0
2014-12-11,14:00:00,1.42906,1.42953,1.42729,1.42775,0,0
2014-12-11,15:00:00,1.4278,1.43124,1.42606,1.42978,0,0
2014-12-11,16:00:00,1.42964,1.43072,1.42613,1.42718,0,0
2014-12-11,17:00:00,1.42704,1.42829,1.42504,1.42706,0,0
2014-12-11,18:00:00,1.42707,1.43074,1.4267,1.42963,0,0
2014-12-11,19:00:00,1.42956,1.43019,1.42723,1.42772,0,0
2014-12-11,20:00:00,1.42769,1.4281,1.42645,1.42801,0,0
2014-12-11,21:00:00,1.42803,1.42958,1.4274,1.42897,0,0
2014-12-11,22:00:00,1.42876,1.42876,1.4274,1.42769,0,0
2014-12-11,23:00:00,1.42778,1.43052,1.42778,1.4295,0,0
2014-12-11,23:59:00,1.42939,1.42962,1.42858,1.42911,0,0
2014-12-12,01:00:00,1.42912,1.42919,1.42807,1.42864,0,0
2014-12-12,02:00:00,1.42864,1.43058,1.42782,1.43022,0,0
2014-12-12,03:00:00,1.43015,1.43096,1.42982,1.43084,0,0
2014-12-12,04:00:00,1.43084,1.43183,1.43052,1.43156,0,0
2014-12-12,05:00:00,1.43154,1.43158,1.4306,1.43086,0,0
2014-12-12,06:00:00,1.43088,1.43097,1.42911,1.42923,0,0
2014-12-12,07:00:00,1.42925,1.43004,1.42891,1.42949,0,0
2014-12-12,08:00:00,1.4295,1.43028,1.42897,1.42914,0,0
2014-12-12,09:00:00,1.42922,1.43009,1.42804,1.43002,0,0
2014-12-12,10:00:00,1.43012,1.43489,1.4299,1.4343,0,0
2014-12-12,11:00:00,1.43431,1.4366,1.4341,1.43539,0,0
2014-12-12,12:00:00,1.43559,1.43831,1.43449,1.43782,0,0
2014-12-12,13:00:00,1.43785,1.44296,1.43766,1.44233,0,0
2014-12-12,14:00:00,1.44225,1.44312,1.43724,1.4391,0,0
2014-12-12,15:00:00,1.43911,1.4414,1.43623,1.44023,0,0
2014-12-12,16:00:00,1.44008,1.44151,1.43784,1.43884,0,0
2014-12-12,17:00:00,1.43879,1.44187,1.43839,1.43882,0,0
2014-12-12,18:00:00,1.43839,1.44023,1.43578,1.44023,0,0
2014-12-12,19:00:00,1.44003,1.44055,1.43739,1.43877,0,0
2014-12-12,20:00:00,1.43876,1.44006,1.43797,1.43831,0,0
2014-12-12,21:00:00,1.43817,1.44065,1.43788,1.4401,0,0
2014-12-12,22:00:00,1.44016,1.442,1.43996,1.44078,0,0
2014-12-12,23:00:00,1.44074,1.44095,1.44074,1.44095,0,0
2014-12-15,01:00:00,1.44308,1.44345,1.44036,1.441,0,0
2014-12-15,02:00:00,1.441,1.44176,1.44032,1.44095,0,0
2014-12-15,03:00:00,1.44104,1.44169,1.44028,1.44122,0,0
2014-12-15,04:00:00,1.44131,1.44206,1.44016,1.4402,0,0
2014-12-15,05:00:00,1.44015,1.44022,1.43667,1.43679,0,0
2014-12-15,06:00:00,1.43677,1.43796,1.43672,1.43765,0,0
2014-12-15,07:00:00,1.43753,1.43846,1.43721,1.43763,0,0
2014-12-15,08:00:00,1.43763,1.43864,1.43741,1.43862,0,0
2014-12-15,09:00:00,1.43862,1.44117,1.43817,1.44033,0,0
2014-12-15,10:00:00,1.44028,1.44028,1.43741,1.43873,0,0
2014-12-15,11:00:00,1.43879,1.43901,1.4373,1.43797,0,0
2014-12-15,12:00:00,1.43797,1.43813,1.43658,1.43779,0,0
2014-12-15,13:00:00,1.43788,1.4401,1.43748,1.43951,0,0
2014-12-15,14:00:00,1.43953,1.44096,1.43879,1.44029,0,0
2014-12-15,15:00:00,1.44033,1.44107,1.43914,1.44031,0,0
2014-12-15,16:00:00,1.44021,1.44246,1.43953,1.44073,0,0
2014-12-15,17:00:00,1.44065,1.44553,1.43999,1.44318,0,0
2014-12-15,18:00:00,1.44319,1.4514,1.44231,1.44967,0,0
2014-12-15,19:00:00,1.44946,1.45104,1.44739,1.44783,0,0
2014-12-15,20:00:00,1.44755,1.44877,1.44565,1.44834,0,0
2014-12-15,21:00:00,1.44841,1.44943,1.44757,1.44788,0,0
2014-12-15,22:00:00,1.44787,1.44933,1.44774,1.44882,0,0
2014-12-15,23:00:00,1.44892,1.45139,1.44806,1.45111,0,0
2014-12-15,23:59:00,1.45127,1.45145,1.4501,1.45042,0,0
2014-12-16,01:00:00,1.45041,1.45088,1.44959,1.44962,0,0
2014-12-16,02:00:00,1.44963,1.45083,1.44963,1.44989,0,0
2014-12-16,03:00:00,1.44987,1.44987,1.44883,1.44924,0,0
2014-12-16,04:00:00,1.44927,1.44982,1.4488,1.44975,0,0
2014-12-16,05:00:00,1.44975,1.45025,1.44881,1.44973,0,0
2014-12-16,06:00:00,1.44961,1.44992,1.44885,1.4498,0,0
2014-12-16,07:00:00,1.44977,1.45051,1.44944,1.45016,0,0
2014-12-16,08:00:00,1.45013,1.45023,1.44703,1.44803,0,0
2014-12-16,09:00:00,1.44819,1.45061,1.44752,1.45043,0,0
2014-12-16,10:00:00,1.4503,1.45379,1.4493,1.45324,0,0
2014-12-16,11:00:00,1.45326,1.45762,1.45315,1.45589,0,0
2014-12-16,12:00:00,1.45583,1.45766,1.4527,1.45379,0,0
2014-12-16,13:00:00,1.45382,1.46078,1.45342,1.4605,0,0
2014-12-16,14:00:00,1.46059,1.46383,1.45929,1.4616,0,0
2014-12-16,15:00:00,1.4616,1.46196,1.45642,1.45715,0,0
2014-12-16,16:00:00,1.45725,1.45769,1.45343,1.45652,0,0
2014-12-16,17:00:00,1.45657,1.45782,1.45178,1.45457,0,0
2014-12-16,18:00:00,1.4547,1.45685,1.45022,1.45302,0,0
2014-12-16,19:00:00,1.45292,1.45556,1.45253,1.45392,0,0
2014-12-16,20:00:00,1.45366,1.45528,1.4531,1.45415,0,0
2014-12-16,21:00:00,1.45406,1.45408,1.45086,1.45243,0,0
2014-12-16,22:00:00,1.45236,1.45603,1.45233,1.45563,0,0
2014-12-16,23:00:00,1.45573,1.45573,1.45373,1.45403,0,0
2014-12-16,23:59:00,1.45412,1.45544,1.45411,1.45428,0,0
2014-12-17,01:00:00,1.45437,1.45502,1.45376,1.45496,0,0
2014-12-17,02:00:00,1.45498,1.45534,1.45326,1.45356,0,0
2014-12-17,03:00:00,1.45352,1.45418,1.45312,1.45327,0,0
2014-12-17,04:00:00,1.45326,1.45453,1.45302,1.45393,0,0
2014-12-17,05:00:00,1.45396,1.45428,1.45306,1.45358,0,0
2014-12-17,06:00:00,1.45371,1.45405,1.45302,1.45354,0,0
2014-12-17,07:00:00,1.45353,1.45404,1.45333,1.45364,0,0
2014-12-17,08:00:00,1.45364,1.45374,1.45233,1.45283,0,0
2014-12-17,09:00:00,1.4527,1.4545,1.45141,1.45141,0,0
2014-12-17,10:00:00,1.45144,1.45298,1.45061,1.45256,0,0
2014-12-17,11:00:00,1.45284,1.45357,1.45127,1.4523,0,0
2014-12-17,12:00:00,1.4522,1.45315,1.4502,1.45111,0,0
2014-12-17,13:00:00,1.45109,1.45123,1.44982,1.45035,0,0
2014-12-17,14:00:00,1.45035,1.45121,1.44879,1.44884,0,0
2014-12-17,15:00:00,1.44892,1.45067,1.44777,1.44897,0,0
2014-12-17,16:00:00,1.44895,1.45073,1.4478,1.44839,0,0
2014-12-17,17:00:00,1.4484,1.44983,1.44386,1.44461,0,0
2014-12-17,18:00:00,1.44459,1.44624,1.44203,1.44236,0,0
2014-12-17,19:00:00,1.44283,1.44287,1.43896,1.44032,0,0
2014-12-17,20:00:00,1.44057,1.44117,1.438,1.4402,0,0
2014-12-17,21:00:00,1.44029,1.4435,1.436,1.43764,0,0
2014-12-17,22:00:00,1.43757,1.43962,1.43546,1.43596,0,0
2014-12-17,23:00:00,1.43609,1.43739,1.43497,1.43497,0,0
2014-12-17,23:59:00,1.43486,1.43732,1.43486,1.43557,0,0
2014-12-18,01:00:00,1.43557,1.4363,1.43512,1.43516,0,0
2014-12-18,02:00:00,1.43516,1.43573,1.43407,1.43536,0,0
2014-12-18,03:00:00,1.43506,1.43592,1.43505,1.4353,0,0
2014-12-18,04:00:00,1.43536,1.43601,1.43484,1.43589,0,0
2014-12-18,05:00:00,1.43593,1.43634,1.43513,1.43627,0,0
2014-12-18,06:00:00,1.43628,1.43628,1.43503,1.4358,0,0
2014-12-18,07:00:00,1.43579,1.4363,1.43529,1.43571,0,0
2014-12-18,08:00:00,1.43577,1.43596,1.43353,1.43422,0,0
2014-12-18,09:00:00,1.43417,1.43474,1.42837,1.43139,0,0
2014-12-18,10:00:00,1.43128,1.43305,1.43033,1.43092,0,0
2014-12-18,11:00:00,1.43091,1.43239,1.42674,1.42762,0,0
2014-12-18,12:00:00,1.42771,1.42928,1.42673,1.42692,0,0
2014-12-18,13:00:00,1.42692,1.42846,1.42486,1.42577,0,0
2014-12-18,14:00:00,1.42566,1.42765,1.42504,1.42716,0,0
2014-12-18,15:00:00,1.42716,1.42725,1.42316,1.42335,0,0
2014-12-18,16:00:00,1.4233,1.42759,1.42317,1.42579,0,0
2014-12-18,17:00:00,1.42563,1.42787,1.42451,1.42452,0,0
2014-12-18,18:00:00,1.42447,1.42676,1.42396,1.42459,0,0
2014-12-18,19:00:00,1.42465,1.42506,1.42294,1.42479,0,0
2014-12-18,20:00:00,1.4248,1.42535,1.42292,1.42358,0,0
2014-12-18,21:00:00,1.42361,1.42487,1.42345,1.42403,0,0
2014-12-18,22:00:00,1.42404,1.42482,1.42288,1.4242,0,0
2014-12-18,23:00:00,1.42439,1.42506,1.42183,1.42193,0,0
2014-12-18,23:59:00,1.42199,1.42322,1.42185,1.423,0,0
2014-12-19,01:00:00,1.4228,1.42363,1.42246,1.42328,0,0
2014-12-19,02:00:00,1.42317,1.42325,1.42183,1.42224,0,0
2014-12-19,03:00:00,1.42218,1.42244,1.42166,1.42185,0,0
2014-12-19,04:00:00,1.42185,1.4221,1.42129,1.42165,0,0
2014-12-19,05:00:00,1.42163,1.422,1.42086,1.4211,0,0
2014-12-19,06:00:00,1.4211,1.42147,1.4206,1.42086,0,0
2014-12-19,07:00:00,1.42093,1.42129,1.42012,1.42108,0,0
2014-12-19,08:00:00,1.42104,1.42299,1.42095,1.42271,0,0
2014-12-19,09:00:00,1.42273,1.42395,1.42203,1.4223,0,0
2014-12-19,10:00:00,1.4223,1.42362,1.42092,1.42332,0,0
2014-12-19,11:00:00,1.4233,1.42463,1.42263,1.42334,0,0
2014-12-19,12:00:00,1.4232,1.4245,1.4209,1.4209,0,0
2014-12-19,13:00:00,1.42094,1.42282,1.41994,1.42176,0,0
2014-12-19,14:00:00,1.42181,1.42392,1.42129,1.42359,0,0
2014-12-19,15:00:00,1.42354,1.42862,1.42273,1.42621,0,0
2014-12-19,16:00:00,1.42624,1.42657,1.42378,1.42527,0,0
2014-12-19,17:00:00,1.42514,1.42565,1.42171,1.42183,0,0
2014-12-19,18:00:00,1.42193,1.4224,1.42009,1.42214,0,0
2014-12-19,19:00:00,1.42214,1.42278,1.42057,1.42231,0,0
2014-12-19,20:00:00,1.42231,1.42231,1.41928,1.41938,0,0
2014-12-19,21:00:00,1.41935,1.42073,1.41781,1.41815,0,0
2014-12-19,22:00:00,1.41814,1.41915,1.41711,1.4189,0,0
2014-12-19,23:00:00,1.41871,1.41871,1.41841,1.41842,0,0
2014-12-22,01:00:00,1.4191,1.42011,1.4188,1.41957,0,0
2014-12-22,02:00:00,1.41957,1.42053,1.41927,1.41948,0,0
2014-12-22,03:00:00,1.41948,1.41985,1.41874,1.4193,0,0
2014-12-22,04:00:00,1.41903,1.4209,1.41879,1.4209,0,0
2014-12-22,05:00:00,1.4209,1.42167,1.42043,1.42062,0,0
2014-12-22,06:00:00,1.42062,1.42105,1.42056,1.42079,0,0
2014-12-22,07:00:00,1.42067,1.4212,1.41852,1.419,0,0
2014-12-22,08:00:00,1.41905,1.42043,1.41905,1.42001,0,0
2014-12-22,09:00:00,1.42003,1.42104,1.41904,1.42019,0,0
2014-12-22,10:00:00,1.42016,1.42091,1.41869,1.42059,0,0
2014-12-22,11:00:00,1.42059,1.42252,1.42059,1.42228,0,0
2014-12-22,12:00:00,1.42228,1.42247,1.42047,1.42077,0,0
2014-12-22,13:00:00,1.42068,1.42336,1.41998,1.42336,0,0
2014-12-22,14:00:00,1.4234,1.42496,1.42296,1.42443,0,0
2014-12-22,15:00:00,1.42451,1.42651,1.42407,1.42619,0,0
2014-12-22,16:00:00,1.42619,1.42679,1.42356,1.42491,0,0
2014-12-22,17:00:00,1.42505,1.42724,1.42464,1.42658,0,0
2014-12-22,18:00:00,1.42669,1.42765,1.42634,1.42645,0,0
2014-12-22,19:00:00,1.42645,1.42671,1.42484,1.4258,0,0
2014-12-22,20:00:00,1.42586,1.42618,1.42401,1.42408,0,0
2014-12-22,21:00:00,1.42408,1.42499,1.42293,1.42304,0,0
2014-12-22,22:00:00,1.42304,1.42351,1.42219,1.42248,0,0
2014-12-22,23:00:00,1.4227,1.42288,1.42167,1.42184,0,0
2014-12-22,23:59:00,1.42182,1.42291,1.42167,1.42255,0,0
2014-12-23,01:00:00,1.42262,1.42329,1.4225,1.42292,0,0
2014-12-23,02:00:00,1.42307,1.42307,1.4219,1.42195,0,0
2014-12-23,03:00:00,1.42202,1.42205,1.42138,1.4216,0,0
2014-12-23,04:00:00,1.4216,1.42172,1.42009,1.4207,0,0
2014-12-23,05:00:00,1.4208,1.42102,1.42041,1.421,0,0
2014-12-23,06:00:00,1.421,1.421,1.42039,1.4209,0,0
2014-12-23,07:00:00,1.42087,1.42102,1.42027,1.42058,0,0
2014-12-23,08:00:00,1.42053,1.42134,1.42043,1.42097,0,0
2014-12-23,09:00:00,1.42097,1.42184,1.42045,1.42052,0,0
2014-12-23,10:00:00,1.42054,1.42275,1.42034,1.4209,0,0
2014-12-23,11:00:00,1.4209,1.42171,1.42016,1.42085,0,0
2014-12-23,12:00:00,1.42085,1.4215,1.42048,1.42101,0,0
2014-12-23,13:00:00,1.42104,1.42122,1.41991,1.42058,0,0
2014-12-23,14:00:00,1.42058,1.42128,1.41932,1.42068,0,0
2014-12-23,15:00:00,1.42049,1.42129,1.41777,1.42014,0,0
2014-12-23,16:00:00,1.42014,1.42121,1.41866,1.41866,0,0
2014-12-23,17:00:00,1.41787,1.41804,1.41347,1.41352,0,0
2014-12-23,18:00:00,1.41372,1.41641,1.41346,1.41603,0,0
2014-12-23,19:00:00,1.41602,1.41602,1.41288,1.41364,0,0
2014-12-23,20:00:00,1.41365,1.41488,1.41277,1.41391,0,0
2014-12-23,21:00:00,1.41388,1.41487,1.41291,1.41395,0,0
2014-12-23,22:00:00,1.41438,1.41571,1.41399,1.41524,0,0
2014-12-23,23:00:00,1.41522,1.41526,1.4136,1.41369,0,0
2014-12-23,23:59:00,1.41374,1.41546,1.41337,1.41491,0,0
2014-12-24,01:00:00,1.41482,1.41485,1.41395,1.41437,0,0
2014-12-24,02:00:00,1.41437,1.41595,1.41437,1.41578,0,0
2014-12-24,03:00:00,1.41575,1.41626,1.41542,1.41562,0,0
2014-12-24,04:00:00,1.41563,1.41572,1.41423,1.4148,0,0
2014-12-24,05:00:00,1.41478,1.41525,1.41454,1.41454,0,0
2014-12-24,06:00:00,1.41454,1.41518,1.41414,1.41454,0,0
2014-12-24,07:00:00,1.41454,1.41546,1.4141,1.41479,0,0
2014-12-24,08:00:00,1.41484,1.41502,1.41432,1.41479,0,0
2014-12-24,09:00:00,1.41483,1.41561,1.41463,1.41466,0,0
2014-12-24,10:00:00,1.41466,1.41624,1.41435,1.41553,0,0
2014-12-24,11:00:00,1.41581,1.41692,1.41553,1.41666,0,0
2014-12-24,12:00:00,1.41664,1.41668,1.41499,1.41513,0,0
2014-12-24,13:00:00,1.41513,1.41695,1.41454,1.41509,0,0
2014-12-24,14:00:00,1.41532,1.41623,1.4146,1.41545,0,0
2014-12-24,15:00:00,1.41541,1.41714,1.41531,1.41557,0,0
2014-12-24,16:00:00,1.41562,1.41768,1.41525,1.41691,0,0
2014-12-24,17:00:00,1.41742,1.41887,1.4145,1.41453,0,0
2014-12-24,18:00:00,1.41453,1.41726,1.41442,1.41633,0,0
2014-12-24,19:00:00,1.4162,1.41761,1.41619,1.41658,0,0
2014-12-24,20:00:00,1.41655,1.41774,1.41571,1.41707,0,0
2014-12-24,21:00:00,1.4172,1.41781,1.41624,1.41703,0,0
2014-12-24,22:00:00,1.41679,1.4196,1.41678,1.41911,0,0
2014-12-24,23:00:00,1.41911,1.41933,1.41837,1.41867,0,0
2014-12-24,23:59:00,1.41653,1.41937,1.41653,1.41838,0,0
2014-12-26,01:00:00,1.41983,1.41984,1.41763,1.41846,0,0
2014-12-26,02:00:00,1.41846,1.41974,1.4182,1.41968,0,0
2014-12-26,03:00:00,1.4195,1.41993,1.41926,1.41969,0,0
2014-12-26,04:00:00,1.41974,1.41979,1.41876,1.41898,0,0
2014-12-26,05:00:00,1.41894,1.41941,1.4184,1.4193,0,0
2014-12-26,06:00:00,1.41936,1.41951,1.41867,1.41869,0,0
2014-12-26,07:00:00,1.41859,1.41902,1.41849,1.41867,0,0
2014-12-26,08:00:00,1.41867,1.41912,1.41769,1.41801,0,0
2014-12-26,09:00:00,1.41799,1.41816,1.41701,1.41715,0,0
2014-12-26,10:00:00,1.41734,1.41741,1.41521,1.41553,0,0
2014-12-26,11:00:00,1.41552,1.41609,1.41511,1.41568,0,0
2014-12-26,12:00:00,1.41572,1.4158,1.41528,1.4154,0,0
2014-12-26,13:00:00,1.41561,1.41563,1.41416,1.415,0,0
2014-12-26,14:00:00,1.415,1.41573,1.41415,1.41448,0,0
2014-12-26,15:00:00,1.4144,1.41506,1.4128,1.41316,0,0
2014-12-26,16:00:00,1.41318,1.41422,1.41243,1.41303,0,0
2014-12-26,17:00:00,1.41303,1.41418,1.41295,1.41305,0,0
2014-12-26,18:00:00,1.41305,1.41421,1.41294,1.41419,0,0
2014-12-26,19:00:00,1.41406,1.41486,1.41376,1.41486,0,0
2014-12-26,20:00:00,1.41497,1.41632,1.41458,1.41626,0,0
2014-12-26,21:00:00,1.41624,1.41624,1.41512,1.41527,0,0
2014-12-26,22:00:00,1.41527,1.41575,1.41506,1.41551,0,0
2014-12-26,23:00:00,1.41551,1.41551,1.41551,1.41551,0,0
2014-12-29,01:00:00,1.41538,1.41622,1.41506,1.41534,0,0
2014-12-29,02:00:00,1.41544,1.41712,1.41544,1.4168,0,0
2014-12-29,03:00:00,1.41676,1.41772,1.41632,1.41678,0,0
2014-12-29,04:00:00,1.41688,1.4179,1.41668,1.4176,0,0
2014-12-29,05:00:00,1.41749,1.41767,1.41658,1.41687,0,0
2014-12-29,06:00:00,1.41687,1.41744,1.41661,1.41727,0,0
2014-12-29,07:00:00,1.41727,1.41749,1.41656,1.4169,0,0
2014-12-29,08:00:00,1.41693,1.41712,1.41581,1.41596,0,0
2014-12-29,09:00:00,1.41576,1.41643,1.41471,1.41538,0,0
2014-12-29,10:00:00,1.415,1.41592,1.41476,1.41484,0,0
2014-12-29,11:00:00,1.41465,1.42071,1.41455,1.4167,0,0
2014-12-29,12:00:00,1.41725,1.41823,1.41578,1.41726,0,0
2014-12-29,13:00:00,1.41739,1.41861,1.4167,1.4167,0,0
2014-12-29,14:00:00,1.4168,1.41924,1.41629,1.4189,0,0
2014-12-29,15:00:00,1.41882,1.42017,1.41777,1.41963,0,0
2014-12-29,16:00:00,1.41962,1.41994,1.41682,1.41694,0,0
2014-12-29,17:00:00,1.41753,1.41777,1.41541,1.41555,0,0
2014-12-29,18:00:00,1.41548,1.41741,1.41538,1.41699,0,0
2014-12-29,19:00:00,1.41607,1.41812,1.41582,1.41679,0,0
2014-12-29,20:00:00,1.41678,1.41701,1.41367,1.41409,0,0
2014-12-29,21:00:00,1.41409,1.41411,1.41334,1.41392,0,0
2014-12-29,22:00:00,1.41392,1.41416,1.41306,1.41322,0,0
2014-12-29,23:00:00,1.41322,1.41491,1.41321,1.4141,0,0
2014-12-29,23:59:00,1.4141,1.41563,1.41358,1.41563,0,0
2014-12-30,01:00:00,1.41565,1.41565,1.41448,1.4149,0,0
2014-12-30,02:00:00,1.4149,1.41535,1.41439,1.41466,0,0
2014-12-30,03:00:00,1.41459,1.41486,1.41413,1.41426,0,0
2014-12-30,04:00:00,1.41425,1.41444,1.41287,1.41317,0,0
2014-12-30,05:00:00,1.41327,1.41364,1.41254,1.41353,0,0
2014-12-30,06:00:00,1.41356,1.41374,1.41272,1.41362,0,0
2014-12-30,07:00:00,1.41362,1.41394,1.41279,1.4129,0,0
2014-12-30,08:00:00,1.41273,1.41343,1.41169,1.41343,0,0
2014-12-30,09:00:00,1.41335,1.41601,1.41258,1.41469,0,0
2014-12-30,10:00:00,1.4148,1.41637,1.41477,1.41535,0,0
2014-12-30,11:00:00,1.41534,1.41565,1.41349,1.41363,0,0
2014-12-30,12:00:00,1.41363,1.41417,1.41214,1.41403,0,0
2014-12-30,13:00:00,1.41402,1.41406,1.41245,1.41277,0,0
2014-12-30,14:00:00,1.41281,1.41346,1.41152,1.41276,0,0
2014-12-30,15:00:00,1.4128,1.41448,1.41196,1.41446,0,0
2014-12-30,16:00:00,1.41419,1.41517,1.41364,1.41467,0,0
2014-12-30,17:00:00,1.41482,1.41518,1.41099,1.41165,0,0
2014-12-30,18:00:00,1.41165,1.41259,1.41123,1.41176,0,0
2014-12-30,19:00:00,1.41166,1.41238,1.41036,1.41051,0,0
2014-12-30,20:00:00,1.41052,1.41058,1.4095,1.41038,0,0
2014-12-30,21:00:00,1.41038,1.41062,1.40944,1.40998,0,0
2014-12-30,22:00:00,1.40998,1.41087,1.4099,1.41051,0,0
2014-12-30,23:00:00,1.4107,1.41121,1.41025,1.41111,0,0
2014-12-30,23:59:00,1.41104,1.41164,1.41064,1.41134,0,0
2014-12-31,01:00:00,1.41127,1.41165,1.41074,1.41129,0,0
2014-12-31,02:00:00,1.41109,1.4112,1.41,1.41026,0,0
2014-12-31,03:00:00,1.41021,1.41058,1.4098,1.41034,0,0
2014-12-31,04:00:00,1.41041,1.41041,1.40946,1.4097,0,0
2014-12-31,05:00:00,1.40956,1.41136,1.40956,1.41126,0,0
2014-12-31,06:00:00,1.41131,1.41134,1.41053,1.41067,0,0
2014-12-31,07:00:00,1.41066,1.41082,1.4099,1.41007,0,0
2014-12-31,08:00:00,1.41002,1.41047,1.40975,1.41043,0,0
2014-12-31,09:00:00,1.41001,1.41142,1.40985,1.41078,0,0
2014-12-31,10:00:00,1.4108,1.41101,1.40871,1.40886,0,0
2014-12-31,11:00:00,1.40992,1.41018,1.40828,1.40848,0,0
2014-12-31,12:00:00,1.40848,1.40869,1.40716,1.40794,0,0
2014-12-31,13:00:00,1.4076,1.40806,1.40686,1.40734,0,0
2014-12-31,14:00:00,1.40734,1.40786,1.4058,1.40691,0,0
2014-12-31,15:00:00,1.40732,1.40868,1.4059,1.40713,0,0
2014-12-31,16:00:00,1.40653,1.40697,1.4044,1.40572,0,0
2014-12-31,17:00:00,1.40571,1.40687,1.40307,1.40307,0,0
2014-12-31,18:00:00,1.40012,1.40371,1.39995,1.40371,0,0
2014-12-31,19:00:00,1.40371,1.40587,1.40371,1.40502,0,0
2014-12-31,20:00:00,1.40521,1.40551,1.40475,1.40514,0,0
2014-12-31,21:00:00,1.40514,1.40671,1.40514,1.40646,0,0
2014-12-31,22:00:00,1.40633,1.40691,1.40263,1.40557,0,0
2014-12-31,23:00:00,1.40569,1.40693,1.40543,1.40668,0,0
2014-12-31,23:59:00,1.40683,1.40709,1.40404,1.40583,0,0
2015-01-02,01:00:00,1.40518,1.40548,1.40323,1.40384,0,0
2015-01-02,02:00:00,1.40384,1.40428,1.40253,1.40304,0,0
2015-01-02,03:00:00,1.40302,1.40393,1.40201,1.40393,0,0
2015-01-02,04:00:00,1.40372,1.40382,1.40228,1.40303,0,0
2015-01-02,05:00:00,1.40303,1.40364,1.4027,1.40287,0,0
2015-01-02,06:00:00,1.40271,1.40467,1.40271,1.4042,0,0
2015-01-02,07:00:00,1.40418,1.4045,1.40339,1.40378,0,0
2015-01-02,08:00:00,1.40378,1.4052,1.40347,1.40411,0,0
2015-01-02,09:00:00,1.40408,1.40455,1.40256,1.40421,0,0
2015-01-02,10:00:00,1.40421,1.40578,1.40293,1.40344,0,0
2015-01-02,11:00:00,1.40344,1.40569,1.40227,1.40569,0,0
2015-01-02,12:00:00,1.40586,1.40586,1.40409,1.40461,0,0
2015-01-02,13:00:00,1.40466,1.40627,1.40441,1.40587,0,0
2015-01-02,14:00:00,1.40577,1.40655,1.40509,1.40584,0,0
2015-01-02,15:00:00,1.40589,1.40751,1.40529,1.40699,0,0
2015-01-02,16:00:00,1.407,1.40724,1.40496,1.40625,0,0
2015-01-02,17:00:00,1.40652,1.4106,1.40524,1.40847,0,0
2015-01-02,18:00:00,1.40847,1.41033,1.40826,1.40864,0,0
2015-01-02,19:00:00,1.40858,1.41097,1.40817,1.40958,0,0
2015-01-02,20:00:00,1.41011,1.411,1.41009,1.41056,0,0
2015-01-02,21:00:00,1.4106,1.41146,1.40926,1.41032,0,0
2015-01-02,22:00:00,1.41052,1.41188,1.40989,1.41162,0,0
2015-01-02,23:00:00,1.41162,1.41167,1.41162,1.41167,0,0
2015-01-05,01:00:00,1.40936,1.40979,1.40799,1.40867,0,0
2015-01-05,02:00:00,1.40869,1.4104,1.40844,1.40964,0,0
2015-01-05,03:00:00,1.4096,1.41021,1.40831,1.40968,0,0
2015-01-05,04:00:00,1.40971,1.41083,1.40915,1.41029,0,0
2015-01-05,05:00:00,1.4102,1.41125,1.41013,1.41023,0,0
2015-01-05,06:00:00,1.4097,1.41037,1.40955,1.41018,0,0
2015-01-05,07:00:00,1.41018,1.41024,1.40818,1.40891,0,0
2015-01-05,08:00:00,1.40843,1.41061,1.40838,1.41046,0,0
2015-01-05,09:00:00,1.41045,1.41114,1.4091,1.4105,0,0
2015-01-05,10:00:00,1.41038,1.41116,1.40837,1.40857,0,0
2015-01-05,11:00:00,1.40852,1.40905,1.40677,1.40734,0,0
2015-01-05,12:00:00,1.40725,1.40741,1.4057,1.4065,0,0
2015-01-05,13:00:00,1.40648,1.40672,1.40385,1.40429,0,0
2015-01-05,14:00:00,1.40415,1.40521,1.40203,1.40265,0,0
2015-01-05,15:00:00,1.40265,1.40424,1.40211,1.40319,0,0
2015-01-05,16:00:00,1.40332,1.4052,1.40218,1.405,0,0
2015-01-05,17:00:00,1.405,1.40757,1.40462,1.40687,0,0
2015-01-05,18:00:00,1.40699,1.40733,1.40441,1.40457,0,0
2015-01-05,19:00:00,1.40457,1.40555,1.40411,1.40517,0,0
2015-01-05,20:00:00,1.40496,1.40496,1.40377,1.40436,0,0
2015-01-05,21:00:00,1.40436,1.40457,1.40197,1.40381,0,0
2015-01-05,22:00:00,1.40381,1.40383,1.40238,1.40238,0,0
2015-01-05,23:00:00,1.4024,1.40363,1.40168,1.40318,0,0
2015-01-05,23:59:00,1.40318,1.40381,1.40273,1.40314,0,0
2015-01-06,01:00:00,1.40303,1.4036,1.40293,1.40333,0,0
2015-01-06,02:00:00,1.40333,1.4038,1.40282,1.40286,0,0
2015-01-06,03:00:00,1.40269,1.40333,1.40208,1.40257,0,0
2015-01-06,04:00:00,1.40249,1.40306,1.40185,1.40208,0,0
2015-01-06,05:00:00,1.40208,1.40282,1.40208,1.40219,0,0
2015-01-06,06:00:00,1.40223,1.40352,1.40207,1.40325,0,0
2015-01-06,07:00:00,1.40325,1.40464,1.40309,1.40359,0,0
2015-01-06,08:00:00,1.40369,1.40534,1.40348,1.40481,0,0
2015-01-06,09:00:00,1.40481,1.40606,1.40456,1.4053,0,0
2015-01-06,10:00:00,1.4053,1.40573,1.40325,1.40527,0,0
2015-01-06,11:00:00,1.40527,1.40544,1.40135,1.40139,0,0
2015-01-06,12:00:00,1.4013,1.40336,1.40018,1.40115,0,0
2015-01-06,13:00:00,1.40116,1.40371,1.39951,1.39987,0,0
2015-01-06,14:00:00,1.39987,1.40175,1.39967,1.40123,0,0
2015-01-06,15:00:00,1.40098,1.40176,1.40022,1.40117,0,0
2015-01-06,16:00:00,1.40126,1.40298,1.40047,1.4022,0,0
2015-01-06,17:00:00,1.4022,1.40514,1.40067,1.40514,0,0
2015-01-06,18:00:00,1.40508,1.40971,1.40471,1.40881,0,0
2015-01-06,19:00:00,1.40881,1.41121,1.40762,1.40841,0,0
2015-01-06,20:00:00,1.40835,1.41052,1.40834,1.40974,0,0
2015-01-06,21:00:00,1.40972,1.41046,1.40784,1.40817,0,0
2015-01-06,22:00:00,1.40799,1.40818,1.40484,1.4072,0,0
2015-01-06,23:00:00,1.40726,1.40755,1.40624,1.4069,0,0
2015-01-06,23:59:00,1.40699,1.40712,1.40183,1.4057,0,0
2015-01-07,01:00:00,1.40593,1.40614,1.40485,1.4054,0,0
2015-01-07,02:00:00,1.4054,1.40631,1.40408,1.40443,0,0
2015-01-07,03:00:00,1.40448,1.40504,1.40392,1.40446,0,0
2015-01-07,04:00:00,1.40451,1.40513,1.40387,1.40392,0,0
2015-01-07,05:00:00,1.40395,1.40485,1.40366,1.40458,0,0
2015-01-07,06:00:00,1.40478,1.40501,1.40411,1.40488,0,0
2015-01-07,07:00:00,1.40481,1.40636,1.40471,1.40575,0,0
2015-01-07,08:00:00,1.40575,1.40596,1.4041,1.40528,0,0
2015-01-07,09:00:00,1.4053,1.40712,1.40467,1.40675,0,0
2015-01-07,10:00:00,1.40675,1.40775,1.40513,1.40716,0,0
2015-01-07,11:00:00,1.40716,1.40825,1.40615,1.40653,0,0
2015-01-07,12:00:00,1.40644,1.40908,1.40053,1.40053,0,0
2015-01-07,13:00:00,1.40078,1.40193,1.39863,1.39963,0,0
2015-01-07,14:00:00,1.39963,1.40073,1.39834,1.39907,0,0
2015-01-07,15:00:00,1.39905,1.40215,1.39779,1.40171,0,0
2015-01-07,16:00:00,1.4016,1.40166,1.39863,1.39975,0,0
2015-01-07,17:00:00,1.39863,1.40068,1.39761,1.40011,0,0
2015-01-07,18:00:00,1.40012,1.40125,1.39974,1.40055,0,0
2015-01-07,19:00:00,1.40055,1.40224,1.40025,1.40168,0,0
2015-01-07,20:00:00,1.40168,1.4033,1.40146,1.40264,0,0
2015-01-07,21:00:00,1.40216,1.40282,1.40029,1.40084,0,0
2015-01-07,22:00:00,1.40046,1.40097,1.39845,1.39861,0,0
2015-01-07,23:00:00,1.39868,1.40018,1.39846,1.39849,0,0
2015-01-07,23:59:00,1.39849,1.39956,1.39813,1.39816,0,0
2015-01-08,01:00:00,1.39817,1.39892,1.39776,1.3984,0,0
2015-01-08,02:00:00,1.39836,1.39924,1.39818,1.39866,0,0
2015-01-08,03:00:00,1.39899,1.39916,1.39754,1.39792,0,0
2015-01-08,04:00:00,1.39794,1.39829,1.39734,1.3979,0,0
2015-01-08,05:00:00,1.39787,1.39875,1.39764,1.39831,0,0
2015-01-08,06:00:00,1.39831,1.3988,1.39799,1.39813,0,0
2015-01-08,07:00:00,1.39837,1.39869,1.39769,1.39787,0,0
2015-01-08,08:00:00,1.39789,1.39842,1.39757,1.39757,0,0
2015-01-08,09:00:00,1.39723,1.39871,1.39642,1.39848,0,0
2015-01-08,10:00:00,1.39855,1.39863,1.39569,1.39588,0,0
2015-01-08,11:00:00,1.39506,1.39605,1.39153,1.3917,0,0
2015-01-08,12:00:00,1.39158,1.39165,1.38922,1.39013,0,0
2015-01-08,13:00:00,1.38995,1.38995,1.38813,1.38933,0,0
2015-01-08,14:00:00,1.38974,1.39134,1.3885,1.39134,0,0
2015-01-08,15:00:00,1.39137,1.3934,1.38956,1.3934,0,0
2015-01-08,16:00:00,1.39319,1.3948,1.39319,1.39376,0,0
2015-01-08,17:00:00,1.39378,1.39451,1.39096,1.39376,0,0
2015-01-08,18:00:00,1.39399,1.39524,1.39321,1.39503,0,0
2015-01-08,19:00:00,1.39474,1.39611,1.39382,1.39603,0,0
2015-01-08,20:00:00,1.39624,1.39655,1.39484,1.39645,0,0
2015-01-08,21:00:00,1.39639,1.39653,1.39407,1.39537,0,0
2015-01-08,22:00:00,1.39495,1.39575,1.39476,1.39511,0,0
2015-01-08,23:00:00,1.3951,1.39604,1.39475,1.39486,0,0
2015-01-08,23:59:00,1.39487,1.39578,1.39469,1.39542,0,0
2015-01-09,01:00:00,1.39542,1.39572,1.39443,1.39457,0,0
2015-01-09,02:00:00,1.39457,1.39503,1.39421,1.3945,0,0
2015-01-09,03:00:00,1.3945,1.39576,1.39433,1.39488,0,0
2015-01-09,04:00:00,1.39473,1.39536,1.3943,1.39488,0,0
2015-01-09,05:00:00,1.39486,1.3954,1.39436,1.39493,0,0
2015-01-09,06:00:00,1.39493,1.39556,1.39483,1.39522,0,0
2015-01-09,07:00:00,1.39519,1.39629,1.39519,1.39625,0,0
2015-01-09,08:00:00,1.39625,1.39628,1.39514,1.3956,0,0
2015-01-09,09:00:00,1.3952,1.39613,1.39462,1.39612,0,0
2015-01-09,10:00:00,1.39612,1.39743,1.39583,1.39699,0,0
2015-01-09,11:00:00,1.39699,1.40016,1.39689,1.40006,0,0
2015-01-09,12:00:00,1.40006,1.4002,1.39735,1.39794,0,0
2015-01-09,13:00:00,1.39794,1.39855,1.39605,1.39612,0,0
2015-01-09,14:00:00,1.39636,1.39845,1.39634,1.39712,0,0
2015-01-09,15:00:00,1.39701,1.40104,1.39335,1.39911,0,0
2015-01-09,16:00:00,1.39918,1.39967,1.39697,1.39847,0,0
2015-01-09,17:00:00,1.39847,1.40298,1.39847,1.40267,0,0
2015-01-09,18:00:00,1.40252,1.40477,1.39775,1.40264,0,0
2015-01-09,19:00:00,1.40266,1.40379,1.4024,1.40277,0,0
2015-01-09,20:00:00,1.40277,1.40352,1.40269,1.40295,0,0
2015-01-09,21:00:00,1.4032,1.40485,1.40251,1.40419,0,0
2015-01-09,22:00:00,1.40419,1.40537,1.40417,1.40537,0,0
2015-01-09,23:00:00,1.40527,1.40527,1.40527,1.40527,0,0
