Date,Time,Open,High,Low,Close,Volume,OpenInt
2014-10-13,01:00:00,0.786,0.78612,0.78557,0.7859,0,0
2014-10-13,02:00:00,0.78593,0.78606,0.78536,0.78546,0,0
2014-10-13,03:00:00,0.78547,0.78583,0.78535,0.78559,0,0
2014-10-13,04:00:00,0.78558,0.78718,0.78558,0.78709,0,0
2014-10-13,05:00:00,0.78706,0.78773,0.78684,0.78747,0,0
2014-10-13,06:00:00,0.78748,0.78757,0.78713,0.78745,0,0
2014-10-13,07:00:00,0.78742,0.78746,0.78689,0.78713,0,0
2014-10-13,08:00:00,0.78713,0.78727,0.7867,0.78682,0,0
2014-10-13,09:00:00,0.78681,0.78717,0.78609,0.78696,0,0
2014-10-13,10:00:00,0.78686,0.78788,0.78658,0.78783,0,0
2014-10-13,11:00:00,0.78783,0.78861,0.78738,0.78814,0,0
2014-10-13,12:00:00,0.7882,0.78826,0.78752,0.78804,0,0
2014-10-13,13:00:00,0.78804,0.78825,0.78759,0.78811,0,0
2014-10-13,14:00:00,0.78806,0.78837,0.78779,0.78835,0,0
2014-10-13,15:00:00,0.78832,0.78881,0.78794,0.78852,0,0
2014-10-13,16:00:00,0.78853,0.78902,0.78843,0.78863,0,0
2014-10-13,17:00:00,0.78866,0.78992,0.78846,0.78972,0,0
2014-10-13,18:00:00,0.7897,0.78981,0.78921,0.78956,0,0
2014-10-13,19:00:00,0.78956,0.78957,0.78859,0.78868,0,0
2014-10-13,20:00:00,0.78868,0.78909,0.78858,0.78905,0,0
2014-10-13,21:00:00,0.78902,0.78955,0.78879,0.78941,0,0
2014-10-13,22:00:00,0.78944,0.78981,0.78928,0.78967,0,0
2014-10-13,23:00:00,0.78967,0.79323,0.78966,0.79279,0,0
2014-10-13,23:59:00,0.79271,0.79341,0.79244,0.79269,0,0
2014-10-14,01:00:00,0.79269,0.79269,0.79233,0.79238,0,0
2014-10-14,02:00:00,0.79235,0.79286,0.79191,0.79195,0,0
2014-10-14,03:00:00,0.79196,0.79198,0.79148,0.79176,0,0
2014-10-14,04:00:00,0.79177,0.79203,0.79162,0.79183,0,0
2014-10-14,05:00:00,0.79183,0.79197,0.79164,0.79184,0,0
2014-10-14,06:00:00,0.79185,0.79186,0.79161,0.79167,0,0
2014-10-14,07:00:00,0.79167,0.79172,0.79143,0.79158,0,0
2014-10-14,08:00:00,0.79158,0.79164,0.79108,0.79112,0,0
2014-10-14,09:00:00,0.79114,0.79225,0.79107,0.79149,0,0
2014-10-14,10:00:00,0.79148,0.7917,0.79058,0.79128,0,0
2014-10-14,11:00:00,0.79129,0.79558,0.79129,0.79431,0,0
2014-10-14,12:00:00,0.79434,0.79446,0.79224,0.79281,0,0
2014-10-14,13:00:00,0.79276,0.79353,0.79257,0.79321,0,0
2014-10-14,14:00:00,0.79334,0.79502,0.79329,0.79479,0,0
2014-10-14,15:00:00,0.79479,0.79509,0.79387,0.79434,0,0
2014-10-14,16:00:00,0.79431,0.79524,0.79417,0.79524,0,0
2014-10-14,17:00:00,0.79526,0.79575,0.79467,0.79574,0,0
2014-10-14,18:00:00,0.79573,0.79605,0.79455,0.79473,0,0
2014-10-14,19:00:00,0.79474,0.79539,0.79463,0.79522,0,0
2014-10-14,20:00:00,0.79517,0.79532,0.79486,0.79518,0,0
2014-10-14,21:00:00,0.79516,0.7953,0.79474,0.79518,0,0
2014-10-14,22:00:00,0.79514,0.79573,0.795,0.79567,0,0
2014-10-14,23:00:00,0.79563,0.79602,0.79523,0.79583,0,0
2014-10-14,23:59:00,0.79587,0.79614,0.79559,0.79589,0,0
2014-10-15,01:00:00,0.79588,0.79597,0.7954,0.79571,0,0
2014-10-15,02:00:00,0.7957,0.79574,0.79522,0.79557,0,0
2014-10-15,03:00:00,0.79559,0.79581,0.7951,0.79568,0,0
2014-10-15,04:00:00,0.79567,0.7958,0.79491,0.79523,0,0
2014-10-15,05:00:00,0.79523,0.79524,0.79474,0.79476,0,0
2014-10-15,06:00:00,0.7948,0.79515,0.79463,0.79479,0,0
2014-10-15,07:00:00,0.79478,0.79503,0.79472,0.79492,0,0
2014-10-15,08:00:00,0.79492,0.79514,0.79464,0.79477,0,0
2014-10-15,09:00:00,0.7947,0.79542,0.7945,0.79488,0,0
2014-10-15,10:00:00,0.79495,0.79595,0.79471,0.79553,0,0
2014-10-15,11:00:00,0.79557,0.79663,0.79408,0.79508,0,0
2014-10-15,12:00:00,0.79501,0.7951,0.7939,0.79391,0,0
2014-10-15,13:00:00,0.7939,0.79437,0.79361,0.79423,0,0
2014-10-15,14:00:00,0.7942,0.79587,0.79419,0.79569,0,0
2014-10-15,15:00:00,0.79564,0.79796,0.79554,0.79709,0,0
2014-10-15,16:00:00,0.79708,0.80197,0.79708,0.79969,0,0
2014-10-15,17:00:00,0.79985,0.80085,0.79829,0.80038,0,0
2014-10-15,18:00:00,0.80036,0.80152,0.79951,0.80061,0,0
2014-10-15,19:00:00,0.80065,0.80366,0.80065,0.80241,0,0
2014-10-15,20:00:00,0.80259,0.80468,0.80259,0.80317,0,0
2014-10-15,21:00:00,0.80331,0.80384,0.80188,0.80205,0,0
2014-10-15,22:00:00,0.80207,0.80255,0.80126,0.80174,0,0
2014-10-15,23:00:00,0.80163,0.80283,0.8013,0.80131,0,0
2014-10-15,23:59:00,0.80135,0.80163,0.80092,0.80092,0,0
2014-10-16,01:00:00,0.80096,0.80165,0.80044,0.80147,0,0
2014-10-16,02:00:00,0.80144,0.80202,0.80122,0.80187,0,0
2014-10-16,03:00:00,0.80187,0.80276,0.8015,0.8026,0,0
2014-10-16,04:00:00,0.80259,0.80271,0.80189,0.80196,0,0
2014-10-16,05:00:00,0.80193,0.80259,0.80191,0.80201,0,0
2014-10-16,06:00:00,0.80199,0.80217,0.80164,0.80201,0,0
2014-10-16,07:00:00,0.80202,0.80251,0.8019,0.80231,0,0
2014-10-16,08:00:00,0.80236,0.80255,0.80201,0.80242,0,0
2014-10-16,09:00:00,0.80243,0.80283,0.79997,0.80014,0,0
2014-10-16,10:00:00,0.80014,0.8009,0.79961,0.79999,0,0
2014-10-16,11:00:00,0.80001,0.80118,0.79879,0.79961,0,0
2014-10-16,12:00:00,0.7996,0.80099,0.79909,0.79909,0,0
2014-10-16,13:00:00,0.79895,0.79912,0.79478,0.79722,0,0
2014-10-16,14:00:00,0.79722,0.7982,0.79664,0.79697,0,0
2014-10-16,15:00:00,0.79692,0.79815,0.79664,0.79693,0,0
2014-10-16,16:00:00,0.7969,0.79753,0.79542,0.79631,0,0
2014-10-16,17:00:00,0.79631,0.79799,0.79592,0.7978,0,0
2014-10-16,18:00:00,0.79779,0.79856,0.79709,0.79746,0,0
2014-10-16,19:00:00,0.79743,0.79827,0.79738,0.79813,0,0
2014-10-16,20:00:00,0.79814,0.79838,0.79692,0.7971,0,0
2014-10-16,21:00:00,0.79702,0.79737,0.79637,0.79692,0,0
2014-10-16,22:00:00,0.79707,0.79707,0.79556,0.79556,0,0
2014-10-16,23:00:00,0.79568,0.79639,0.79554,0.79619,0,0
2014-10-16,23:59:00,0.79607,0.7967,0.79586,0.79659,0,0
2014-10-17,01:00:00,0.79668,0.79668,0.79592,0.79629,0,0
2014-10-17,02:00:00,0.79631,0.79631,0.79526,0.79561,0,0
2014-10-17,03:00:00,0.79559,0.79715,0.79547,0.79682,0,0
2014-10-17,04:00:00,0.79682,0.79713,0.79599,0.79604,0,0
2014-10-17,05:00:00,0.79599,0.7962,0.79572,0.79596,0,0
2014-10-17,06:00:00,0.79595,0.79623,0.79578,0.79609,0,0
2014-10-17,07:00:00,0.79609,0.79628,0.79596,0.79603,0,0
2014-10-17,08:00:00,0.79604,0.79646,0.79599,0.79646,0,0
2014-10-17,09:00:00,0.79646,0.79742,0.79576,0.79721,0,0
2014-10-17,10:00:00,0.7972,0.79811,0.79557,0.79563,0,0
2014-10-17,11:00:00,0.79571,0.79693,0.79533,0.79667,0,0
2014-10-17,12:00:00,0.79679,0.79679,0.79555,0.79641,0,0
2014-10-17,13:00:00,0.79641,0.79668,0.79561,0.79571,0,0
2014-10-17,14:00:00,0.79566,0.79657,0.79502,0.79657,0,0
2014-10-17,15:00:00,0.79656,0.79656,0.79475,0.79504,0,0
2014-10-17,16:00:00,0.79511,0.79547,0.79415,0.79427,0,0
2014-10-17,17:00:00,0.79435,0.79461,0.79315,0.79315,0,0
2014-10-17,18:00:00,0.79319,0.7937,0.79254,0.793,0,0
2014-10-17,19:00:00,0.79296,0.79375,0.79296,0.79344,0,0
2014-10-17,20:00:00,0.79353,0.79395,0.79335,0.79335,0,0
2014-10-17,21:00:00,0.79336,0.79349,0.79254,0.79292,0,0
2014-10-17,22:00:00,0.79288,0.79329,0.79252,0.79316,0,0
2014-10-17,23:00:00,0.79313,0.79313,0.79313,0.79313,0,0
2014-10-20,01:00:00,0.79266,0.79284,0.79195,0.79218,0,0
2014-10-20,02:00:00,0.79214,0.79236,0.79183,0.79225,0,0
2014-10-20,03:00:00,0.79224,0.79273,0.79224,0.79252,0,0
2014-10-20,04:00:00,0.79252,0.79293,0.79243,0.79281,0,0
2014-10-20,05:00:00,0.79278,0.79292,0.79231,0.79244,0,0
2014-10-20,06:00:00,0.79245,0.79257,0.79182,0.79211,0,0
2014-10-20,07:00:00,0.79211,0.79215,0.79183,0.79189,0,0
2014-10-20,08:00:00,0.7919,0.79213,0.79185,0.79193,0,0
2014-10-20,09:00:00,0.79191,0.7925,0.79165,0.79182,0,0
2014-10-20,10:00:00,0.79181,0.79306,0.79158,0.79299,0,0
2014-10-20,11:00:00,0.79289,0.7929,0.79137,0.79148,0,0
2014-10-20,12:00:00,0.79145,0.7918,0.79103,0.79173,0,0
2014-10-20,13:00:00,0.79175,0.79235,0.7911,0.79217,0,0
2014-10-20,14:00:00,0.79209,0.79294,0.79174,0.79174,0,0
2014-10-20,15:00:00,0.79183,0.79191,0.79095,0.79104,0,0
2014-10-20,16:00:00,0.79101,0.79132,0.7904,0.79122,0,0
2014-10-20,17:00:00,0.79127,0.79236,0.79105,0.79228,0,0
2014-10-20,18:00:00,0.79228,0.79243,0.79202,0.79213,0,0
2014-10-20,19:00:00,0.79215,0.79262,0.79187,0.79253,0,0
2014-10-20,20:00:00,0.79256,0.79259,0.79127,0.79141,0,0
2014-10-20,21:00:00,0.79139,0.79217,0.79128,0.79214,0,0
2014-10-20,22:00:00,0.79217,0.79231,0.79155,0.79189,0,0
2014-10-20,23:00:00,0.79188,0.79208,0.7917,0.7919,0,0
2014-10-20,23:59:00,0.792,0.7921,0.79171,0.79181,0,0
2014-10-21,01:00:00,0.79182,0.792,0.79152,0.79171,0,0
2014-10-21,02:00:00,0.79173,0.79199,0.79165,0.79199,0,0
2014-10-21,03:00:00,0.79198,0.792,0.79151,0.79155,0,0
2014-10-21,04:00:00,0.79156,0.79195,0.79148,0.79171,0,0
2014-10-21,05:00:00,0.79175,0.79206,0.79152,0.79187,0,0
2014-10-21,06:00:00,0.7919,0.7922,0.79177,0.79213,0,0
2014-10-21,07:00:00,0.79214,0.79252,0.79196,0.79236,0,0
2014-10-21,08:00:00,0.79238,0.79249,0.79222,0.79229,0,0
2014-10-21,09:00:00,0.7923,0.7938,0.79218,0.79284,0,0
2014-10-21,10:00:00,0.79284,0.79418,0.79268,0.79369,0,0
2014-10-21,11:00:00,0.79368,0.79369,0.79234,0.7925,0,0
2014-10-21,12:00:00,0.79249,0.79267,0.78982,0.79053,0,0
2014-10-21,13:00:00,0.79051,0.79082,0.78984,0.7899,0,0
2014-10-21,14:00:00,0.78997,0.79118,0.78908,0.79108,0,0
2014-10-21,15:00:00,0.79105,0.79105,0.78901,0.78927,0,0
2014-10-21,16:00:00,0.78927,0.78949,0.7881,0.78871,0,0
2014-10-21,17:00:00,0.78863,0.7891,0.78779,0.78906,0,0
2014-10-21,18:00:00,0.78903,0.78926,0.78843,0.78871,0,0
2014-10-21,19:00:00,0.78872,0.7893,0.7886,0.78921,0,0
2014-10-21,20:00:00,0.78919,0.78986,0.789,0.78956,0,0
2014-10-21,21:00:00,0.78957,0.78978,0.78937,0.78939,0,0
2014-10-21,22:00:00,0.78938,0.78948,0.78906,0.78907,0,0
2014-10-21,23:00:00,0.78904,0.7894,0.78904,0.7891,0,0
2014-10-21,23:59:00,0.78921,0.78953,0.78861,0.78867,0,0
2014-10-22,01:00:00,0.78876,0.78917,0.78869,0.78895,0,0
2014-10-22,02:00:00,0.78896,0.78913,0.78889,0.78907,0,0
2014-10-22,03:00:00,0.78911,0.7894,0.7889,0.78897,0,0
2014-10-22,04:00:00,0.78895,0.78951,0.78895,0.78917,0,0
2014-10-22,05:00:00,0.78917,0.78937,0.78902,0.78922,0,0
2014-10-22,06:00:00,0.78923,0.78942,0.78905,0.78918,0,0
2014-10-22,07:00:00,0.78913,0.78935,0.78891,0.789,0,0
2014-10-22,08:00:00,0.78899,0.78947,0.78888,0.78936,0,0
2014-10-22,09:00:00,0.78935,0.79018,0.78932,0.79011,0,0
2014-10-22,10:00:00,0.79016,0.79129,0.78942,0.79072,0,0
2014-10-22,11:00:00,0.79071,0.7925,0.78932,0.79168,0,0
2014-10-22,12:00:00,0.79174,0.79253,0.79092,0.79103,0,0
2014-10-22,13:00:00,0.79101,0.79135,0.79063,0.79063,0,0
2014-10-22,14:00:00,0.79064,0.79201,0.79062,0.79131,0,0
2014-10-22,15:00:00,0.79137,0.79145,0.78971,0.78983,0,0
2014-10-22,16:00:00,0.7898,0.7903,0.78957,0.78992,0,0
2014-10-22,17:00:00,0.7899,0.78992,0.78895,0.78915,0,0
2014-10-22,18:00:00,0.78916,0.78921,0.78728,0.78776,0,0
2014-10-22,19:00:00,0.78773,0.78814,0.78746,0.78792,0,0
2014-10-22,20:00:00,0.7879,0.78807,0.78763,0.78789,0,0
2014-10-22,21:00:00,0.78791,0.78825,0.78775,0.78784,0,0
2014-10-22,22:00:00,0.78786,0.78793,0.78749,0.78783,0,0
2014-10-22,23:00:00,0.7878,0.78807,0.78766,0.78803,0,0
2014-10-22,23:59:00,0.78798,0.78846,0.78787,0.78819,0,0
2014-10-23,01:00:00,0.7882,0.78847,0.78794,0.78821,0,0
2014-10-23,02:00:00,0.78823,0.78831,0.78792,0.78798,0,0
2014-10-23,03:00:00,0.78798,0.78814,0.78774,0.7879,0,0
2014-10-23,04:00:00,0.7879,0.78806,0.78748,0.78757,0,0
2014-10-23,05:00:00,0.78756,0.78769,0.78722,0.7874,0,0
2014-10-23,06:00:00,0.7874,0.78763,0.78727,0.78748,0,0
2014-10-23,07:00:00,0.78749,0.78756,0.78717,0.78728,0,0
2014-10-23,08:00:00,0.78715,0.78781,0.78715,0.78769,0,0
2014-10-23,09:00:00,0.78769,0.78815,0.78721,0.78773,0,0
2014-10-23,10:00:00,0.78745,0.78849,0.78715,0.78829,0,0
2014-10-23,11:00:00,0.78826,0.79144,0.78821,0.79092,0,0
2014-10-23,12:00:00,0.79092,0.79169,0.79042,0.7905,0,0
2014-10-23,13:00:00,0.79054,0.7914,0.79036,0.79128,0,0
2014-10-23,14:00:00,0.79129,0.7913,0.79028,0.79048,0,0
2014-10-23,15:00:00,0.79056,0.79062,0.78925,0.78997,0,0
2014-10-23,16:00:00,0.78997,0.79032,0.78923,0.78966,0,0
2014-10-23,17:00:00,0.78967,0.78981,0.78842,0.78877,0,0
2014-10-23,18:00:00,0.78881,0.7895,0.78881,0.78928,0,0
2014-10-23,19:00:00,0.78928,0.78929,0.78835,0.78844,0,0
2014-10-23,20:00:00,0.7884,0.78893,0.7884,0.78886,0,0
2014-10-23,21:00:00,0.78884,0.78927,0.78841,0.78918,0,0
2014-10-23,22:00:00,0.78921,0.78991,0.78921,0.78976,0,0
2014-10-23,23:00:00,0.7897,0.78971,0.78873,0.78891,0,0
2014-10-23,23:59:00,0.78895,0.78915,0.78866,0.78895,0,0
2014-10-24,01:00:00,0.78895,0.78934,0.78877,0.7889,0,0
2014-10-24,02:00:00,0.7889,0.78943,0.78878,0.78932,0,0
2014-10-24,03:00:00,0.78934,0.78956,0.78912,0.78929,0,0
2014-10-24,04:00:00,0.78928,0.78948,0.78911,0.7894,0,0
2014-10-24,05:00:00,0.78942,0.78959,0.78921,0.78933,0,0
2014-10-24,06:00:00,0.78933,0.7895,0.7891,0.78916,0,0
2014-10-24,07:00:00,0.78914,0.78915,0.78869,0.78871,0,0
2014-10-24,08:00:00,0.78872,0.7892,0.78867,0.789,0,0
2014-10-24,09:00:00,0.78902,0.78994,0.78896,0.78905,0,0
2014-10-24,10:00:00,0.78914,0.78926,0.78813,0.78858,0,0
2014-10-24,11:00:00,0.78855,0.78946,0.78734,0.78786,0,0
2014-10-24,12:00:00,0.78787,0.78897,0.78769,0.78841,0,0
2014-10-24,13:00:00,0.78842,0.78908,0.78814,0.78878,0,0
2014-10-24,14:00:00,0.78878,0.78923,0.78831,0.78869,0,0
2014-10-24,15:00:00,0.78874,0.78938,0.7881,0.78934,0,0
2014-10-24,16:00:00,0.78921,0.79013,0.78849,0.78869,0,0
2014-10-24,17:00:00,0.78873,0.78873,0.78763,0.78778,0,0
2014-10-24,18:00:00,0.78778,0.78799,0.7873,0.78735,0,0
2014-10-24,19:00:00,0.78735,0.78769,0.78712,0.78769,0,0
2014-10-24,20:00:00,0.78776,0.78801,0.78744,0.78801,0,0
2014-10-24,21:00:00,0.78802,0.78802,0.78728,0.78779,0,0
2014-10-24,22:00:00,0.78786,0.78798,0.78738,0.7875,0,0
2014-10-24,23:00:00,0.78748,0.78748,0.78748,0.78748,0,0
2014-10-27,01:00:00,0.78763,0.78826,0.7875,0.78782,0,0
2014-10-27,02:00:00,0.78781,0.78838,0.78778,0.78814,0,0
2014-10-27,03:00:00,0.78816,0.7886,0.78805,0.78857,0,0
2014-10-27,04:00:00,0.78858,0.78927,0.78848,0.78912,0,0
2014-10-27,05:00:00,0.78903,0.78933,0.78877,0.78889,0,0
2014-10-27,06:00:00,0.78891,0.78904,0.78884,0.78902,0,0
2014-10-27,07:00:00,0.78902,0.78907,0.78883,0.78887,0,0
2014-10-27,08:00:00,0.78887,0.78938,0.7887,0.78878,0,0
2014-10-27,09:00:00,0.78878,0.78887,0.78794,0.78828,0,0
2014-10-27,10:00:00,0.78823,0.78886,0.78816,0.78816,0,0
2014-10-27,11:00:00,0.78799,0.7882,0.78727,0.78782,0,0
2014-10-27,12:00:00,0.78789,0.78811,0.78678,0.78682,0,0
2014-10-27,13:00:00,0.7868,0.78749,0.78625,0.78746,0,0
2014-10-27,14:00:00,0.78749,0.78762,0.78691,0.78706,0,0
2014-10-27,15:00:00,0.78704,0.78743,0.78683,0.78706,0,0
2014-10-27,16:00:00,0.78709,0.78814,0.78698,0.78771,0,0
2014-10-27,17:00:00,0.78771,0.78794,0.78745,0.78794,0,0
2014-10-27,18:00:00,0.78793,0.78839,0.78773,0.78818,0,0
2014-10-27,19:00:00,0.78816,0.78829,0.7876,0.78794,0,0
2014-10-27,20:00:00,0.78798,0.78805,0.78761,0.78795,0,0
2014-10-27,21:00:00,0.78795,0.78805,0.78785,0.78791,0,0
2014-10-27,22:00:00,0.7879,0.78798,0.78769,0.78771,0,0
2014-10-27,23:00:00,0.78776,0.78798,0.78766,0.78782,0,0
2014-10-27,23:59:00,0.78784,0.78803,0.78782,0.78802,0,0
2014-10-28,01:00:00,0.78802,0.78802,0.78762,0.78782,0,0
2014-10-28,02:00:00,0.78781,0.78857,0.78755,0.78855,0,0
2014-10-28,03:00:00,0.78847,0.78847,0.78772,0.78807,0,0
2014-10-28,04:00:00,0.78808,0.78837,0.78798,0.78812,0,0
2014-10-28,05:00:00,0.7881,0.78829,0.78799,0.78807,0,0
2014-10-28,06:00:00,0.78805,0.78805,0.78767,0.78772,0,0
2014-10-28,07:00:00,0.78773,0.78783,0.78748,0.78781,0,0
2014-10-28,08:00:00,0.78784,0.78822,0.7875,0.78816,0,0
2014-10-28,09:00:00,0.78813,0.7889,0.78794,0.78869,0,0
2014-10-28,10:00:00,0.78869,0.78917,0.78854,0.7886,0,0
2014-10-28,11:00:00,0.78845,0.78884,0.78804,0.78828,0,0
2014-10-28,12:00:00,0.78831,0.7884,0.78754,0.78766,0,0
2014-10-28,13:00:00,0.78764,0.78856,0.78727,0.78816,0,0
2014-10-28,14:00:00,0.78817,0.78893,0.7877,0.78842,0,0
2014-10-28,15:00:00,0.78848,0.78888,0.78776,0.78788,0,0
2014-10-28,16:00:00,0.78779,0.78852,0.78723,0.78852,0,0
2014-10-28,17:00:00,0.78853,0.78912,0.78811,0.78886,0,0
2014-10-28,18:00:00,0.78891,0.78899,0.78852,0.78877,0,0
2014-10-28,19:00:00,0.78877,0.78961,0.7886,0.78938,0,0
2014-10-28,20:00:00,0.78936,0.79008,0.78936,0.78968,0,0
2014-10-28,21:00:00,0.78956,0.78972,0.78917,0.7893,0,0
2014-10-28,22:00:00,0.78934,0.78946,0.78915,0.78944,0,0
2014-10-28,23:00:00,0.78945,0.78948,0.78912,0.78933,0,0
2014-10-28,23:59:00,0.78932,0.78957,0.78928,0.78937,0,0
2014-10-29,01:00:00,0.78936,0.78947,0.78909,0.78915,0,0
2014-10-29,02:00:00,0.78915,0.78924,0.78898,0.78906,0,0
2014-10-29,03:00:00,0.78902,0.78967,0.789,0.78962,0,0
2014-10-29,04:00:00,0.78964,0.78973,0.7894,0.78968,0,0
2014-10-29,05:00:00,0.7897,0.78972,0.78918,0.78923,0,0
2014-10-29,06:00:00,0.78925,0.78929,0.78903,0.7891,0,0
2014-10-29,07:00:00,0.7891,0.78933,0.789,0.78928,0,0
2014-10-29,08:00:00,0.7893,0.78947,0.78906,0.78925,0,0
2014-10-29,09:00:00,0.78922,0.78944,0.78891,0.78942,0,0
2014-10-29,10:00:00,0.78944,0.7898,0.78903,0.78926,0,0
2014-10-29,11:00:00,0.78928,0.78966,0.78905,0.78947,0,0
2014-10-29,12:00:00,0.78947,0.79061,0.78947,0.79012,0,0
2014-10-29,13:00:00,0.79014,0.79055,0.78995,0.78998,0,0
2014-10-29,14:00:00,0.78999,0.79061,0.78993,0.79037,0,0
2014-10-29,15:00:00,0.79043,0.79103,0.79003,0.79025,0,0
2014-10-29,16:00:00,0.79017,0.79061,0.78995,0.79007,0,0
2014-10-29,17:00:00,0.79006,0.79064,0.7899,0.79025,0,0
2014-10-29,18:00:00,0.79018,0.79074,0.79004,0.79039,0,0
2014-10-29,19:00:00,0.79037,0.79097,0.78978,0.79077,0,0
2014-10-29,20:00:00,0.79112,0.79176,0.78897,0.78937,0,0
2014-10-29,21:00:00,0.78936,0.79001,0.78926,0.78955,0,0
2014-10-29,22:00:00,0.78956,0.78972,0.78882,0.7889,0,0
2014-10-29,23:00:00,0.78901,0.78939,0.78876,0.78911,0,0
2014-10-29,23:59:00,0.78909,0.78933,0.7889,0.78917,0,0
2014-10-30,01:00:00,0.78919,0.78948,0.78902,0.78934,0,0
2014-10-30,02:00:00,0.78934,0.79047,0.78931,0.79043,0,0
2014-10-30,03:00:00,0.79043,0.79044,0.78982,0.79015,0,0
2014-10-30,04:00:00,0.79017,0.79017,0.78976,0.78976,0,0
2014-10-30,05:00:00,0.78978,0.79003,0.78963,0.78965,0,0
2014-10-30,06:00:00,0.78965,0.78969,0.78892,0.78898,0,0
2014-10-30,07:00:00,0.78898,0.78902,0.78811,0.78874,0,0
2014-10-30,08:00:00,0.78874,0.78884,0.78797,0.78821,0,0
2014-10-30,09:00:00,0.78808,0.78844,0.78755,0.78791,0,0
2014-10-30,10:00:00,0.78786,0.78787,0.78644,0.78708,0,0
2014-10-30,11:00:00,0.78701,0.78722,0.78631,0.78722,0,0
2014-10-30,12:00:00,0.78722,0.78733,0.78624,0.78635,0,0
2014-10-30,13:00:00,0.78632,0.78747,0.78613,0.78728,0,0
2014-10-30,14:00:00,0.78725,0.78803,0.78626,0.78749,0,0
2014-10-30,15:00:00,0.78754,0.78796,0.78699,0.78785,0,0
2014-10-30,16:00:00,0.78773,0.78815,0.78728,0.78768,0,0
2014-10-30,17:00:00,0.78771,0.78801,0.78743,0.78777,0,0
2014-10-30,18:00:00,0.78773,0.78784,0.78712,0.78731,0,0
2014-10-30,19:00:00,0.78734,0.78841,0.78734,0.78829,0,0
2014-10-30,20:00:00,0.78831,0.78833,0.78779,0.78814,0,0
2014-10-30,21:00:00,0.78817,0.7882,0.7879,0.78795,0,0
2014-10-30,22:00:00,0.78798,0.78827,0.78795,0.78824,0,0
2014-10-30,23:00:00,0.78828,0.78841,0.7879,0.78817,0,0
2014-10-30,23:59:00,0.78819,0.78848,0.78806,0.78811,0,0
2014-10-31,01:00:00,0.7881,0.78842,0.78799,0.78813,0,0
2014-10-31,02:00:00,0.78812,0.7882,0.78785,0.788,0,0
2014-10-31,03:00:00,0.788,0.78816,0.78777,0.78787,0,0
2014-10-31,04:00:00,0.78787,0.78807,0.7878,0.78807,0,0
2014-10-31,05:00:00,0.78807,0.78809,0.78773,0.78797,0,0
2014-10-31,06:00:00,0.78794,0.7881,0.78724,0.78733,0,0
2014-10-31,07:00:00,0.78732,0.78736,0.78656,0.78676,0,0
2014-10-31,08:00:00,0.78658,0.78744,0.78634,0.78663,0,0
2014-10-31,09:00:00,0.78668,0.7871,0.78549,0.78593,0,0
2014-10-31,10:00:00,0.78593,0.78658,0.78536,0.78653,0,0
2014-10-31,11:00:00,0.78657,0.7866,0.78551,0.78583,0,0
2014-10-31,12:00:00,0.78602,0.78669,0.78509,0.78598,0,0
2014-10-31,13:00:00,0.78604,0.78662,0.78562,0.78626,0,0
2014-10-31,14:00:00,0.78622,0.78622,0.78401,0.78433,0,0
2014-10-31,15:00:00,0.78422,0.78469,0.78299,0.78386,0,0
2014-10-31,16:00:00,0.78391,0.78391,0.78284,0.78301,0,0
2014-10-31,17:00:00,0.78292,0.78387,0.78233,0.78316,0,0
2014-10-31,18:00:00,0.78308,0.78382,0.78286,0.78363,0,0
2014-10-31,19:00:00,0.78367,0.78394,0.78336,0.78353,0,0
2014-10-31,20:00:00,0.78351,0.78377,0.78315,0.78339,0,0
2014-10-31,21:00:00,0.78342,0.78384,0.78321,0.78336,0,0
2014-10-31,22:00:00,0.78339,0.78352,0.78279,0.78307,0,0
2014-10-31,23:00:00,0.78307,0.78307,0.78301,0.78301,0,0
2014-11-03,01:00:00,0.78313,0.78321,0.78258,0.78272,0,0
2014-11-03,02:00:00,0.78277,0.78367,0.78103,0.78188,0,0
2014-11-03,03:00:00,0.78197,0.78241,0.78101,0.78141,0,0
2014-11-03,04:00:00,0.78138,0.78173,0.78115,0.78168,0,0
2014-11-03,05:00:00,0.78168,0.78185,0.78127,0.7816,0,0
2014-11-03,06:00:00,0.78159,0.78188,0.78156,0.78166,0,0
2014-11-03,07:00:00,0.78166,0.7819,0.78147,0.78182,0,0
2014-11-03,08:00:00,0.78183,0.78237,0.78172,0.78189,0,0
2014-11-03,09:00:00,0.78186,0.78244,0.78155,0.78205,0,0
2014-11-03,10:00:00,0.78205,0.78244,0.78087,0.78142,0,0
2014-11-03,11:00:00,0.78131,0.78177,0.77998,0.78092,0,0
2014-11-03,12:00:00,0.78091,0.78149,0.78068,0.78111,0,0
2014-11-03,13:00:00,0.78112,0.78125,0.78067,0.78119,0,0
2014-11-03,14:00:00,0.78109,0.78151,0.78074,0.78099,0,0
2014-11-03,15:00:00,0.78097,0.78178,0.78047,0.78165,0,0
2014-11-03,16:00:00,0.78161,0.78238,0.78147,0.78182,0,0
2014-11-03,17:00:00,0.7819,0.78235,0.78082,0.78127,0,0
2014-11-03,18:00:00,0.78131,0.78207,0.78114,0.78114,0,0
2014-11-03,19:00:00,0.78113,0.78136,0.78079,0.78095,0,0
2014-11-03,20:00:00,0.78101,0.78122,0.78064,0.78113,0,0
2014-11-03,21:00:00,0.78112,0.782,0.78085,0.78176,0,0
2014-11-03,22:00:00,0.78177,0.78189,0.78131,0.78189,0,0
2014-11-03,23:00:00,0.78198,0.78198,0.78136,0.78151,0,0
2014-11-03,23:59:00,0.78149,0.78199,0.78134,0.78182,0,0
2014-11-04,01:00:00,0.78181,0.78222,0.7817,0.78198,0,0
2014-11-04,02:00:00,0.78196,0.78282,0.78186,0.78247,0,0
2014-11-04,03:00:00,0.78246,0.78262,0.78194,0.782,0,0
2014-11-04,04:00:00,0.78201,0.78242,0.78186,0.78242,0,0
2014-11-04,05:00:00,0.78238,0.78309,0.78209,0.78296,0,0
2014-11-04,06:00:00,0.78294,0.78305,0.78255,0.78264,0,0
2014-11-04,07:00:00,0.78263,0.78304,0.7825,0.78268,0,0
2014-11-04,08:00:00,0.78268,0.78313,0.78229,0.78239,0,0
2014-11-04,09:00:00,0.78239,0.78239,0.7818,0.78213,0,0
2014-11-04,10:00:00,0.78211,0.78211,0.7813,0.78181,0,0
2014-11-04,11:00:00,0.78179,0.78263,0.78136,0.78231,0,0
2014-11-04,12:00:00,0.78241,0.78308,0.78189,0.78264,0,0
2014-11-04,13:00:00,0.78272,0.78279,0.78202,0.78219,0,0
2014-11-04,14:00:00,0.78217,0.78238,0.78168,0.78193,0,0
2014-11-04,15:00:00,0.78191,0.78251,0.78175,0.78216,0,0
2014-11-04,16:00:00,0.78216,0.78218,0.78136,0.78148,0,0
2014-11-04,17:00:00,0.78157,0.78534,0.78152,0.78534,0,0
2014-11-04,18:00:00,0.78532,0.78537,0.78456,0.78509,0,0
2014-11-04,19:00:00,0.78508,0.78513,0.78441,0.78447,0,0
2014-11-04,20:00:00,0.78445,0.78456,0.78416,0.7845,0,0
2014-11-04,21:00:00,0.78448,0.78479,0.78428,0.78467,0,0
2014-11-04,22:00:00,0.78466,0.78466,0.78416,0.78423,0,0
2014-11-04,23:00:00,0.78423,0.78433,0.78393,0.78404,0,0
2014-11-04,23:59:00,0.78405,0.78454,0.78366,0.78432,0,0
2014-11-05,01:00:00,0.78429,0.78467,0.78415,0.78429,0,0
2014-11-05,02:00:00,0.78429,0.78468,0.78412,0.78463,0,0
2014-11-05,03:00:00,0.78466,0.78482,0.78435,0.78437,0,0
2014-11-05,04:00:00,0.78438,0.78459,0.78422,0.78447,0,0
2014-11-05,05:00:00,0.78446,0.78471,0.78443,0.78455,0,0
2014-11-05,06:00:00,0.78452,0.78468,0.78385,0.78396,0,0
2014-11-05,07:00:00,0.78398,0.78433,0.78371,0.78428,0,0
2014-11-05,08:00:00,0.78435,0.78591,0.78384,0.7852,0,0
2014-11-05,09:00:00,0.78526,0.78539,0.78443,0.78465,0,0
2014-11-05,10:00:00,0.78463,0.78499,0.78377,0.7842,0,0
2014-11-05,11:00:00,0.78416,0.78607,0.78384,0.7856,0,0
2014-11-05,12:00:00,0.78561,0.78638,0.78529,0.78597,0,0
2014-11-05,13:00:00,0.78596,0.786,0.78479,0.78493,0,0
2014-11-05,14:00:00,0.78485,0.78505,0.78418,0.7842,0,0
2014-11-05,15:00:00,0.7842,0.78497,0.78256,0.78256,0,0
2014-11-05,16:00:00,0.78254,0.78272,0.78153,0.78174,0,0
2014-11-05,17:00:00,0.78178,0.78235,0.78116,0.78172,0,0
2014-11-05,18:00:00,0.78169,0.7821,0.78094,0.78131,0,0
2014-11-05,19:00:00,0.78131,0.78176,0.7811,0.78176,0,0
2014-11-05,20:00:00,0.78176,0.78206,0.78124,0.78124,0,0
2014-11-05,21:00:00,0.78124,0.78142,0.78085,0.78114,0,0
2014-11-05,22:00:00,0.78108,0.78149,0.78093,0.78127,0,0
2014-11-05,23:00:00,0.78127,0.78171,0.78127,0.78155,0,0
2014-11-05,23:59:00,0.78159,0.78207,0.78145,0.78168,0,0
2014-11-06,01:00:00,0.78168,0.78192,0.78135,0.78163,0,0
2014-11-06,02:00:00,0.78163,0.78211,0.78154,0.78204,0,0
2014-11-06,03:00:00,0.78196,0.7824,0.78167,0.78212,0,0
2014-11-06,04:00:00,0.78212,0.78246,0.78196,0.78222,0,0
2014-11-06,05:00:00,0.78224,0.78262,0.78194,0.78237,0,0
2014-11-06,06:00:00,0.78236,0.7833,0.78227,0.78319,0,0
2014-11-06,07:00:00,0.78319,0.78356,0.78276,0.78355,0,0
2014-11-06,08:00:00,0.78362,0.7837,0.78293,0.78309,0,0
2014-11-06,09:00:00,0.78307,0.78311,0.78228,0.78247,0,0
2014-11-06,10:00:00,0.78249,0.78295,0.7822,0.78249,0,0
2014-11-06,11:00:00,0.78242,0.78388,0.78224,0.78363,0,0
2014-11-06,12:00:00,0.78366,0.78556,0.78353,0.78473,0,0
2014-11-06,13:00:00,0.78467,0.78574,0.78433,0.7848,0,0
2014-11-06,14:00:00,0.78471,0.78599,0.78435,0.78593,0,0
2014-11-06,15:00:00,0.78595,0.78638,0.7802,0.78061,0,0
2014-11-06,16:00:00,0.78064,0.78176,0.7799,0.78139,0,0
2014-11-06,17:00:00,0.78128,0.78217,0.78097,0.78204,0,0
2014-11-06,18:00:00,0.78198,0.7831,0.78163,0.78257,0,0
2014-11-06,19:00:00,0.78257,0.78293,0.78238,0.78278,0,0
2014-11-06,20:00:00,0.78275,0.78283,0.78174,0.78212,0,0
2014-11-06,21:00:00,0.78211,0.78232,0.78188,0.78208,0,0
2014-11-06,22:00:00,0.78211,0.78215,0.78143,0.78167,0,0
2014-11-06,23:00:00,0.78164,0.7817,0.78128,0.78163,0,0
2014-11-06,23:59:00,0.78167,0.78202,0.78147,0.78165,0,0
2014-11-07,01:00:00,0.78173,0.78183,0.78135,0.78149,0,0
2014-11-07,02:00:00,0.78152,0.78181,0.78121,0.78152,0,0
2014-11-07,03:00:00,0.78149,0.78186,0.78139,0.78175,0,0
2014-11-07,04:00:00,0.78175,0.78176,0.78151,0.7816,0,0
2014-11-07,05:00:00,0.78159,0.7822,0.78158,0.78215,0,0
2014-11-07,06:00:00,0.78215,0.78234,0.78195,0.78211,0,0
2014-11-07,07:00:00,0.78209,0.78225,0.78191,0.78201,0,0
2014-11-07,08:00:00,0.78205,0.78232,0.78183,0.78187,0,0
2014-11-07,09:00:00,0.78185,0.78253,0.78171,0.78204,0,0
2014-11-07,10:00:00,0.78206,0.7834,0.78196,0.78321,0,0
2014-11-07,11:00:00,0.78321,0.78409,0.78293,0.7838,0,0
2014-11-07,12:00:00,0.7838,0.78385,0.78318,0.78349,0,0
2014-11-07,13:00:00,0.78346,0.78398,0.7829,0.7829,0,0
2014-11-07,14:00:00,0.7829,0.78351,0.7829,0.78338,0,0
2014-11-07,15:00:00,0.78338,0.78476,0.78256,0.78269,0,0
2014-11-07,16:00:00,0.78267,0.78482,0.78267,0.78463,0,0
2014-11-07,17:00:00,0.78462,0.78504,0.78351,0.78358,0,0
2014-11-07,18:00:00,0.78357,0.7843,0.78357,0.78399,0,0
2014-11-07,19:00:00,0.78404,0.78493,0.78387,0.78458,0,0
2014-11-07,20:00:00,0.78457,0.78588,0.78448,0.78505,0,0
2014-11-07,21:00:00,0.785,0.78518,0.78382,0.78427,0,0
2014-11-07,22:00:00,0.78426,0.78479,0.78404,0.78451,0,0
2014-11-07,23:00:00,0.78455,0.78455,0.78455,0.78455,0,0
2014-11-10,01:00:00,0.78476,0.78532,0.78443,0.78463,0,0
2014-11-10,02:00:00,0.78469,0.78492,0.78444,0.78492,0,0
2014-11-10,03:00:00,0.78492,0.78492,0.78435,0.78454,0,0
2014-11-10,04:00:00,0.78472,0.78523,0.78461,0.78483,0,0
2014-11-10,05:00:00,0.78482,0.7852,0.78482,0.78506,0,0
2014-11-10,06:00:00,0.78506,0.78516,0.78479,0.78488,0,0
2014-11-10,07:00:00,0.7849,0.78501,0.78457,0.78463,0,0
2014-11-10,08:00:00,0.78463,0.78464,0.78412,0.78445,0,0
2014-11-10,09:00:00,0.78437,0.78474,0.7838,0.78448,0,0
2014-11-10,10:00:00,0.78453,0.78549,0.78445,0.78538,0,0
2014-11-10,11:00:00,0.78538,0.78561,0.78501,0.78517,0,0
2014-11-10,12:00:00,0.78517,0.78622,0.78482,0.78617,0,0
2014-11-10,13:00:00,0.78615,0.7862,0.78529,0.78535,0,0
2014-11-10,14:00:00,0.78523,0.78592,0.78504,0.78569,0,0
2014-11-10,15:00:00,0.78561,0.78566,0.7848,0.78506,0,0
2014-11-10,16:00:00,0.78506,0.78515,0.78383,0.78383,0,0
2014-11-10,17:00:00,0.78383,0.78402,0.78338,0.78396,0,0
2014-11-10,18:00:00,0.78408,0.7841,0.7829,0.78348,0,0
2014-11-10,19:00:00,0.78362,0.78373,0.78337,0.78363,0,0
2014-11-10,20:00:00,0.78361,0.78404,0.78344,0.78399,0,0
2014-11-10,21:00:00,0.78403,0.78413,0.78373,0.78375,0,0
2014-11-10,22:00:00,0.7838,0.78393,0.78364,0.78376,0,0
2014-11-10,23:00:00,0.78373,0.78444,0.78373,0.78397,0,0
2014-11-10,23:59:00,0.78374,0.78426,0.78374,0.7841,0,0
2014-11-11,01:00:00,0.78408,0.7842,0.78384,0.78397,0,0
2014-11-11,02:00:00,0.78409,0.7844,0.78404,0.78435,0,0
2014-11-11,03:00:00,0.78433,0.78458,0.78425,0.78439,0,0
2014-11-11,04:00:00,0.78431,0.78471,0.78431,0.78461,0,0
2014-11-11,05:00:00,0.78466,0.78481,0.78447,0.78447,0,0
2014-11-11,06:00:00,0.78447,0.78454,0.78406,0.78412,0,0
2014-11-11,07:00:00,0.78405,0.78434,0.78398,0.78428,0,0
2014-11-11,08:00:00,0.78429,0.78436,0.7837,0.78375,0,0
2014-11-11,09:00:00,0.78361,0.78396,0.78282,0.78305,0,0
2014-11-11,10:00:00,0.78311,0.7836,0.78268,0.78332,0,0
2014-11-11,11:00:00,0.78333,0.78333,0.78222,0.78244,0,0
2014-11-11,12:00:00,0.78256,0.78316,0.78224,0.78304,0,0
2014-11-11,13:00:00,0.78306,0.78329,0.78243,0.78243,0,0
2014-11-11,14:00:00,0.78244,0.78352,0.78236,0.78332,0,0
2014-11-11,15:00:00,0.78317,0.78399,0.78302,0.78316,0,0
2014-11-11,16:00:00,0.78306,0.78343,0.78297,0.78312,0,0
2014-11-11,17:00:00,0.78307,0.78326,0.78265,0.78295,0,0
2014-11-11,18:00:00,0.78295,0.78426,0.78272,0.78385,0,0
2014-11-11,19:00:00,0.78385,0.78461,0.78348,0.78461,0,0
2014-11-11,20:00:00,0.78455,0.7848,0.78382,0.78403,0,0
2014-11-11,21:00:00,0.78397,0.78413,0.78345,0.78372,0,0
2014-11-11,22:00:00,0.78365,0.78401,0.78364,0.7838,0,0
2014-11-11,23:00:00,0.7838,0.78381,0.78349,0.78381,0,0
2014-11-11,23:59:00,0.78387,0.78397,0.78334,0.78352,0,0
2014-11-12,01:00:00,0.78352,0.78373,0.78329,0.78341,0,0
2014-11-12,02:00:00,0.78344,0.78351,0.78286,0.78307,0,0
2014-11-12,03:00:00,0.78307,0.78325,0.78293,0.78316,0,0
2014-11-12,04:00:00,0.78315,0.78346,0.78305,0.78324,0,0
2014-11-12,05:00:00,0.78324,0.78361,0.78314,0.78353,0,0
2014-11-12,06:00:00,0.78353,0.78376,0.78334,0.78359,0,0
2014-11-12,07:00:00,0.78359,0.78387,0.78354,0.78379,0,0
2014-11-12,08:00:00,0.78382,0.78426,0.78363,0.78408,0,0
2014-11-12,09:00:00,0.78402,0.78451,0.78392,0.78443,0,0
2014-11-12,10:00:00,0.7844,0.78441,0.7825,0.78313,0,0
2014-11-12,11:00:00,0.78335,0.78401,0.7803,0.7808,0,0
2014-11-12,12:00:00,0.78082,0.78515,0.78076,0.78477,0,0
2014-11-12,13:00:00,0.78483,0.78779,0.78467,0.78655,0,0
2014-11-12,14:00:00,0.78652,0.78822,0.78652,0.78797,0,0
2014-11-12,15:00:00,0.78797,0.78862,0.78742,0.78784,0,0
2014-11-12,16:00:00,0.78771,0.78808,0.78664,0.78808,0,0
2014-11-12,17:00:00,0.78804,0.78898,0.7878,0.78811,0,0
2014-11-12,18:00:00,0.78818,0.78879,0.78755,0.78769,0,0
2014-11-12,19:00:00,0.78769,0.78788,0.78708,0.78745,0,0
2014-11-12,20:00:00,0.78754,0.78754,0.78658,0.78714,0,0
2014-11-12,21:00:00,0.78717,0.7878,0.78712,0.78773,0,0
2014-11-12,22:00:00,0.78769,0.78787,0.78742,0.78768,0,0
2014-11-12,23:00:00,0.78776,0.78831,0.78771,0.78828,0,0
2014-11-12,23:59:00,0.78828,0.78887,0.78814,0.78828,0,0
2014-11-13,01:00:00,0.7884,0.78859,0.78804,0.78825,0,0
2014-11-13,02:00:00,0.78824,0.78862,0.78812,0.78854,0,0
2014-11-13,03:00:00,0.78854,0.78898,0.78828,0.78898,0,0
2014-11-13,04:00:00,0.78897,0.78929,0.78862,0.78878,0,0
2014-11-13,05:00:00,0.78878,0.78898,0.78853,0.78879,0,0
2014-11-13,06:00:00,0.7888,0.7891,0.78875,0.78903,0,0
2014-11-13,07:00:00,0.78902,0.7893,0.78888,0.78892,0,0
2014-11-13,08:00:00,0.78914,0.78926,0.78876,0.78877,0,0
2014-11-13,09:00:00,0.78877,0.79,0.78841,0.78985,0,0
2014-11-13,10:00:00,0.78978,0.79039,0.78941,0.79029,0,0
2014-11-13,11:00:00,0.79029,0.79096,0.79019,0.79083,0,0
2014-11-13,12:00:00,0.79083,0.79161,0.79063,0.79079,0,0
2014-11-13,13:00:00,0.79079,0.79121,0.7905,0.79121,0,0
2014-11-13,14:00:00,0.79112,0.79193,0.79105,0.7913,0,0
2014-11-13,15:00:00,0.79129,0.79187,0.79108,0.79133,0,0
2014-11-13,16:00:00,0.7914,0.79208,0.79137,0.79159,0,0
2014-11-13,17:00:00,0.79159,0.79346,0.79159,0.79279,0,0
2014-11-13,18:00:00,0.79275,0.79398,0.79249,0.79392,0,0
2014-11-13,19:00:00,0.79392,0.794,0.79346,0.7935,0,0
2014-11-13,20:00:00,0.7936,0.79433,0.79355,0.79426,0,0
2014-11-13,21:00:00,0.79428,0.79463,0.7942,0.79437,0,0
2014-11-13,22:00:00,0.79437,0.79445,0.79406,0.79422,0,0
2014-11-13,23:00:00,0.7942,0.79445,0.79398,0.79427,0,0
2014-11-13,23:59:00,0.79427,0.79467,0.79408,0.79435,0,0
2014-11-14,01:00:00,0.7944,0.79451,0.79422,0.79446,0,0
2014-11-14,02:00:00,0.79446,0.79512,0.79413,0.79443,0,0
2014-11-14,03:00:00,0.79443,0.7947,0.79419,0.7945,0,0
2014-11-14,04:00:00,0.79451,0.79469,0.7941,0.79441,0,0
2014-11-14,05:00:00,0.7944,0.79453,0.79425,0.79435,0,0
2014-11-14,06:00:00,0.79435,0.7946,0.79396,0.79396,0,0
2014-11-14,07:00:00,0.79397,0.79429,0.7938,0.79387,0,0
2014-11-14,08:00:00,0.79381,0.79434,0.79366,0.79417,0,0
2014-11-14,09:00:00,0.79437,0.7944,0.79349,0.794,0,0
2014-11-14,10:00:00,0.79415,0.79501,0.79401,0.79492,0,0
2014-11-14,11:00:00,0.79492,0.79523,0.79367,0.79502,0,0
2014-11-14,12:00:00,0.79509,0.7956,0.79462,0.79513,0,0
2014-11-14,13:00:00,0.79511,0.79531,0.79467,0.79496,0,0
2014-11-14,14:00:00,0.79494,0.79507,0.79434,0.79484,0,0
2014-11-14,15:00:00,0.79468,0.79476,0.79365,0.79427,0,0
2014-11-14,16:00:00,0.79422,0.79604,0.7942,0.79587,0,0
2014-11-14,17:00:00,0.79587,0.7981,0.79587,0.79754,0,0
2014-11-14,18:00:00,0.79753,0.79817,0.79688,0.79807,0,0
2014-11-14,19:00:00,0.79808,0.79983,0.79807,0.79928,0,0
2014-11-14,20:00:00,0.79936,0.79949,0.79844,0.79857,0,0
2014-11-14,21:00:00,0.7987,0.79934,0.79866,0.79879,0,0
2014-11-14,22:00:00,0.79878,0.79936,0.79862,0.79932,0,0
2014-11-14,23:00:00,0.7993,0.7993,0.7993,0.7993,0,0
2014-11-17,01:00:00,0.79909,0.79931,0.79886,0.79931,0,0
2014-11-17,02:00:00,0.79936,0.7998,0.79901,0.79901,0,0
2014-11-17,03:00:00,0.79901,0.7998,0.79901,0.79929,0,0
2014-11-17,04:00:00,0.79935,0.80027,0.79916,0.79929,0,0
2014-11-17,05:00:00,0.79926,0.7995,0.79873,0.79873,0,0
2014-11-17,06:00:00,0.79875,0.79889,0.79791,0.79797,0,0
2014-11-17,07:00:00,0.79796,0.7982,0.7979,0.79802,0,0
2014-11-17,08:00:00,0.79802,0.79822,0.79785,0.79816,0,0
2014-11-17,09:00:00,0.79819,0.79922,0.79789,0.79906,0,0
2014-11-17,10:00:00,0.79907,0.79985,0.79898,0.79946,0,0
2014-11-17,11:00:00,0.79943,0.79965,0.79874,0.79938,0,0
2014-11-17,12:00:00,0.79935,0.79956,0.79891,0.79926,0,0
2014-11-17,13:00:00,0.79926,0.79937,0.79847,0.79849,0,0
2014-11-17,14:00:00,0.79852,0.79896,0.79852,0.79879,0,0
2014-11-17,15:00:00,0.79879,0.79935,0.79861,0.79893,0,0
2014-11-17,16:00:00,0.79893,0.79893,0.79707,0.79715,0,0
2014-11-17,17:00:00,0.79695,0.79708,0.79615,0.79621,0,0
2014-11-17,18:00:00,0.79604,0.79617,0.79551,0.79562,0,0
2014-11-17,19:00:00,0.79562,0.79618,0.79559,0.79596,0,0
2014-11-17,20:00:00,0.79601,0.79622,0.79563,0.79622,0,0
2014-11-17,21:00:00,0.79622,0.79649,0.796,0.79613,0,0
2014-11-17,22:00:00,0.79613,0.79623,0.796,0.796,0,0
2014-11-17,23:00:00,0.79603,0.79624,0.79596,0.79598,0,0
2014-11-17,23:59:00,0.79598,0.79635,0.79579,0.79629,0,0
2014-11-18,01:00:00,0.79629,0.79631,0.79582,0.79611,0,0
2014-11-18,02:00:00,0.79611,0.79694,0.79607,0.79672,0,0
2014-11-18,03:00:00,0.79671,0.79691,0.79665,0.79671,0,0
2014-11-18,04:00:00,0.79671,0.79694,0.79668,0.79683,0,0
2014-11-18,05:00:00,0.79685,0.79704,0.79678,0.79704,0,0
2014-11-18,06:00:00,0.79704,0.79706,0.79669,0.79685,0,0
2014-11-18,07:00:00,0.79679,0.79698,0.79667,0.79692,0,0
2014-11-18,08:00:00,0.79696,0.79709,0.79656,0.79676,0,0
2014-11-18,09:00:00,0.79676,0.79773,0.79664,0.79736,0,0
2014-11-18,10:00:00,0.79734,0.79805,0.79717,0.79793,0,0
2014-11-18,11:00:00,0.79793,0.7995,0.79793,0.7994,0,0
2014-11-18,12:00:00,0.7994,0.80102,0.79896,0.79901,0,0
2014-11-18,13:00:00,0.79901,0.79959,0.7986,0.79874,0,0
2014-11-18,14:00:00,0.79879,0.79951,0.79878,0.79924,0,0
2014-11-18,15:00:00,0.79926,0.80037,0.79921,0.80024,0,0
2014-11-18,16:00:00,0.80028,0.80033,0.79886,0.7996,0,0
2014-11-18,17:00:00,0.79958,0.80113,0.79925,0.80068,0,0
2014-11-18,18:00:00,0.80109,0.80171,0.80092,0.80096,0,0
2014-11-18,19:00:00,0.80097,0.80115,0.80065,0.80082,0,0
2014-11-18,20:00:00,0.80084,0.80191,0.80084,0.80189,0,0
2014-11-18,21:00:00,0.80188,0.80192,0.80146,0.80151,0,0
2014-11-18,22:00:00,0.8017,0.80196,0.80148,0.80196,0,0
2014-11-18,23:00:00,0.80196,0.80205,0.80177,0.80186,0,0
2014-11-18,23:59:00,0.80186,0.80228,0.80163,0.80222,0,0
2014-11-19,01:00:00,0.80223,0.80223,0.80183,0.80194,0,0
2014-11-19,02:00:00,0.80193,0.80235,0.80161,0.80212,0,0
2014-11-19,03:00:00,0.80208,0.80225,0.80166,0.80225,0,0
2014-11-19,04:00:00,0.80222,0.80223,0.80175,0.80192,0,0
2014-11-19,05:00:00,0.80192,0.80224,0.80171,0.80193,0,0
2014-11-19,06:00:00,0.80191,0.80224,0.80183,0.80221,0,0
2014-11-19,07:00:00,0.80222,0.80226,0.80163,0.80196,0,0
2014-11-19,08:00:00,0.80201,0.80213,0.80153,0.80153,0,0
2014-11-19,09:00:00,0.80154,0.80276,0.80123,0.80275,0,0
2014-11-19,10:00:00,0.80275,0.80375,0.80217,0.80375,0,0
2014-11-19,11:00:00,0.80381,0.80387,0.80048,0.80075,0,0
2014-11-19,12:00:00,0.80074,0.80074,0.79923,0.7993,0,0
2014-11-19,13:00:00,0.79932,0.79996,0.79891,0.79928,0,0
2014-11-19,14:00:00,0.79928,0.80011,0.79924,0.79989,0,0
2014-11-19,15:00:00,0.79991,0.80094,0.79972,0.80076,0,0
2014-11-19,16:00:00,0.80076,0.8011,0.80042,0.80086,0,0
2014-11-19,17:00:00,0.80081,0.80095,0.80007,0.80067,0,0
2014-11-19,18:00:00,0.80047,0.80093,0.80037,0.80086,0,0
2014-11-19,19:00:00,0.80084,0.80123,0.80007,0.80017,0,0
2014-11-19,20:00:00,0.80019,0.80048,0.79998,0.80039,0,0
2014-11-19,21:00:00,0.80189,0.80189,0.79943,0.80016,0,0
2014-11-19,22:00:00,0.80019,0.8003,0.79998,0.80012,0,0
2014-11-19,23:00:00,0.80008,0.80056,0.8,0.80047,0,0
2014-11-19,23:59:00,0.80047,0.80056,0.79981,0.79991,0,0
2014-11-20,01:00:00,0.79991,0.80039,0.79991,0.80019,0,0
2014-11-20,02:00:00,0.8002,0.80024,0.79983,0.80004,0,0
2014-11-20,03:00:00,0.80009,0.80016,0.79967,0.80016,0,0
2014-11-20,04:00:00,0.80019,0.8004,0.79995,0.80031,0,0
2014-11-20,05:00:00,0.80031,0.80051,0.80015,0.80038,0,0
2014-11-20,06:00:00,0.80038,0.80063,0.80022,0.80054,0,0
2014-11-20,07:00:00,0.8004,0.80068,0.80023,0.8006,0,0
2014-11-20,08:00:00,0.8006,0.80072,0.8005,0.80064,0,0
2014-11-20,09:00:00,0.80067,0.80172,0.80067,0.80114,0,0
2014-11-20,10:00:00,0.80097,0.80264,0.79948,0.79967,0,0
2014-11-20,11:00:00,0.79975,0.8,0.79773,0.79857,0,0
2014-11-20,12:00:00,0.79862,0.80018,0.79862,0.79958,0,0
2014-11-20,13:00:00,0.79958,0.79975,0.79912,0.79912,0,0
2014-11-20,14:00:00,0.79902,0.7997,0.79879,0.79901,0,0
2014-11-20,15:00:00,0.799,0.79952,0.79789,0.79893,0,0
2014-11-20,16:00:00,0.79893,0.79986,0.79793,0.79811,0,0
2014-11-20,17:00:00,0.79809,0.79856,0.79744,0.79856,0,0
2014-11-20,18:00:00,0.79856,0.79885,0.79827,0.79865,0,0
2014-11-20,19:00:00,0.79875,0.79944,0.79854,0.79926,0,0
2014-11-20,20:00:00,0.79929,0.79938,0.79885,0.79923,0,0
2014-11-20,21:00:00,0.79923,0.79959,0.79914,0.79935,0,0
2014-11-20,22:00:00,0.79935,0.79942,0.79887,0.79923,0,0
2014-11-20,23:00:00,0.79923,0.79936,0.79902,0.79911,0,0
2014-11-20,23:59:00,0.79912,0.79952,0.79895,0.79922,0,0
2014-11-21,01:00:00,0.79925,0.79969,0.7991,0.79933,0,0
2014-11-21,02:00:00,0.7993,0.79969,0.79924,0.79964,0,0
2014-11-21,03:00:00,0.79965,0.79994,0.79947,0.79955,0,0
2014-11-21,04:00:00,0.79952,0.79989,0.79949,0.79979,0,0
2014-11-21,05:00:00,0.79979,0.80004,0.79958,0.79996,0,0
2014-11-21,06:00:00,0.8,0.8001,0.79956,0.79969,0,0
2014-11-21,07:00:00,0.79974,0.79997,0.79944,0.79975,0,0
2014-11-21,08:00:00,0.79973,0.80028,0.79956,0.79985,0,0
2014-11-21,09:00:00,0.79984,0.80006,0.79928,0.79939,0,0
2014-11-21,10:00:00,0.79939,0.80018,0.79707,0.79727,0,0
2014-11-21,11:00:00,0.79716,0.79721,0.79515,0.79516,0,0
2014-11-21,12:00:00,0.79516,0.79558,0.79332,0.79349,0,0
2014-11-21,13:00:00,0.79349,0.794,0.79285,0.79313,0,0
2014-11-21,14:00:00,0.79313,0.79413,0.79258,0.79267,0,0
2014-11-21,15:00:00,0.79267,0.79406,0.79152,0.79377,0,0
2014-11-21,16:00:00,0.79377,0.7939,0.79168,0.79381,0,0
2014-11-21,17:00:00,0.79364,0.79364,0.7917,0.79172,0,0
2014-11-21,18:00:00,0.79172,0.79198,0.79069,0.79078,0,0
2014-11-21,19:00:00,0.79084,0.79164,0.79068,0.79148,0,0
2014-11-21,20:00:00,0.79148,0.7916,0.79084,0.79128,0,0
2014-11-21,21:00:00,0.79131,0.79222,0.79131,0.7917,0,0
2014-11-21,22:00:00,0.7917,0.79197,0.79122,0.79122,0,0
2014-11-21,23:00:00,0.79123,0.79135,0.79123,0.79126,0,0
2014-11-24,01:00:00,0.79058,0.79092,0.79026,0.7908,0,0
2014-11-24,02:00:00,0.79078,0.79124,0.79078,0.79104,0,0
2014-11-24,03:00:00,0.79101,0.79117,0.79079,0.79107,0,0
2014-11-24,04:00:00,0.79107,0.79128,0.79089,0.79098,0,0
2014-11-24,05:00:00,0.79097,0.79166,0.79097,0.79132,0,0
2014-11-24,06:00:00,0.79132,0.79177,0.79132,0.79142,0,0
2014-11-24,07:00:00,0.79142,0.79164,0.79123,0.79156,0,0
2014-11-24,08:00:00,0.79156,0.79162,0.7911,0.79112,0,0
2014-11-24,09:00:00,0.79111,0.79194,0.79087,0.7918,0,0
2014-11-24,10:00:00,0.79188,0.79206,0.79119,0.79159,0,0
2014-11-24,11:00:00,0.79163,0.79349,0.79162,0.79302,0,0
2014-11-24,12:00:00,0.79284,0.79308,0.7922,0.79256,0,0
2014-11-24,13:00:00,0.79258,0.79283,0.79084,0.79114,0,0
2014-11-24,14:00:00,0.79115,0.7915,0.79056,0.7912,0,0
2014-11-24,15:00:00,0.7912,0.79218,0.79098,0.79208,0,0
2014-11-24,16:00:00,0.79207,0.79228,0.79144,0.79191,0,0
2014-11-24,17:00:00,0.79185,0.7924,0.79177,0.79227,0,0
2014-11-24,18:00:00,0.79227,0.79245,0.79141,0.79152,0,0
2014-11-24,19:00:00,0.79153,0.79198,0.79143,0.79176,0,0
2014-11-24,20:00:00,0.79172,0.79241,0.7915,0.79241,0,0
2014-11-24,21:00:00,0.79241,0.79245,0.79184,0.79217,0,0
2014-11-24,22:00:00,0.79219,0.79229,0.79188,0.79222,0,0
2014-11-24,23:00:00,0.79222,0.7923,0.79191,0.79214,0,0
2014-11-24,23:59:00,0.7922,0.79228,0.79192,0.79207,0,0
2014-11-25,01:00:00,0.79204,0.7922,0.79175,0.79207,0,0
2014-11-25,02:00:00,0.79206,0.79225,0.79175,0.7918,0,0
2014-11-25,03:00:00,0.79182,0.7924,0.79177,0.79232,0,0
2014-11-25,04:00:00,0.79232,0.79242,0.79216,0.79227,0,0
2014-11-25,05:00:00,0.79225,0.79276,0.79223,0.79255,0,0
2014-11-25,06:00:00,0.79253,0.7926,0.792,0.79206,0,0
2014-11-25,07:00:00,0.79207,0.79226,0.79199,0.79212,0,0
2014-11-25,08:00:00,0.79212,0.79241,0.79195,0.79233,0,0
2014-11-25,09:00:00,0.79233,0.79282,0.79217,0.79271,0,0
2014-11-25,10:00:00,0.79277,0.79376,0.79254,0.79268,0,0
2014-11-25,11:00:00,0.7927,0.79357,0.79254,0.79292,0,0
2014-11-25,12:00:00,0.79293,0.79373,0.79253,0.79348,0,0
2014-11-25,13:00:00,0.79347,0.79378,0.79303,0.79346,0,0
2014-11-25,14:00:00,0.79363,0.79363,0.79258,0.79317,0,0
2014-11-25,15:00:00,0.7932,0.79338,0.79222,0.79232,0,0
2014-11-25,16:00:00,0.79231,0.79395,0.79221,0.79327,0,0
2014-11-25,17:00:00,0.79345,0.79421,0.79318,0.79392,0,0
2014-11-25,18:00:00,0.79396,0.79396,0.79329,0.79365,0,0
2014-11-25,19:00:00,0.79365,0.79377,0.79329,0.7933,0,0
2014-11-25,20:00:00,0.79328,0.79416,0.79316,0.79415,0,0
2014-11-25,21:00:00,0.79411,0.79423,0.79378,0.79391,0,0
2014-11-25,22:00:00,0.79393,0.79436,0.79386,0.79421,0,0
2014-11-25,23:00:00,0.79422,0.79438,0.79408,0.79415,0,0
2014-11-25,23:59:00,0.79414,0.79428,0.79402,0.79416,0,0
2014-11-26,01:00:00,0.79412,0.79424,0.7938,0.79385,0,0
2014-11-26,02:00:00,0.79387,0.79421,0.79375,0.79418,0,0
2014-11-26,03:00:00,0.79418,0.79433,0.79374,0.79383,0,0
2014-11-26,04:00:00,0.79383,0.7942,0.79378,0.79418,0,0
2014-11-26,05:00:00,0.79417,0.79432,0.79398,0.79424,0,0
2014-11-26,06:00:00,0.79425,0.79471,0.79421,0.79465,0,0
2014-11-26,07:00:00,0.79469,0.79471,0.79427,0.79436,0,0
2014-11-26,08:00:00,0.79438,0.79439,0.79388,0.79397,0,0
2014-11-26,09:00:00,0.79394,0.7941,0.79342,0.79363,0,0
2014-11-26,10:00:00,0.79361,0.7947,0.79361,0.79417,0,0
2014-11-26,11:00:00,0.79402,0.79503,0.79301,0.79336,0,0
2014-11-26,12:00:00,0.79332,0.79371,0.79138,0.79222,0,0
2014-11-26,13:00:00,0.79215,0.79224,0.7907,0.79093,0,0
2014-11-26,14:00:00,0.79089,0.79133,0.78973,0.79125,0,0
2014-11-26,15:00:00,0.79125,0.79181,0.79061,0.7915,0,0
2014-11-26,16:00:00,0.79147,0.79183,0.79113,0.79165,0,0
2014-11-26,17:00:00,0.79162,0.79334,0.79162,0.79328,0,0
2014-11-26,18:00:00,0.79324,0.79374,0.79195,0.79198,0,0
2014-11-26,19:00:00,0.79198,0.79241,0.79189,0.79234,0,0
2014-11-26,20:00:00,0.79228,0.79249,0.79186,0.79208,0,0
2014-11-26,21:00:00,0.79208,0.7922,0.79177,0.79212,0,0
2014-11-26,22:00:00,0.79214,0.79215,0.79159,0.79192,0,0
2014-11-26,23:00:00,0.79192,0.79215,0.79168,0.79195,0,0
2014-11-26,23:59:00,0.79192,0.79217,0.79169,0.79184,0,0
2014-11-27,01:00:00,0.79186,0.79217,0.79181,0.79203,0,0
2014-11-27,02:00:00,0.79202,0.79215,0.79167,0.79167,0,0
2014-11-27,03:00:00,0.79167,0.79197,0.79156,0.79195,0,0
2014-11-27,04:00:00,0.79195,0.79198,0.79159,0.79184,0,0
2014-11-27,05:00:00,0.7919,0.79228,0.79183,0.7921,0,0
2014-11-27,06:00:00,0.7921,0.79226,0.79192,0.79213,0,0
2014-11-27,07:00:00,0.79213,0.79248,0.79185,0.79227,0,0
2014-11-27,08:00:00,0.79217,0.79219,0.79185,0.79196,0,0
2014-11-27,09:00:00,0.79195,0.792,0.79125,0.79144,0,0
2014-11-27,10:00:00,0.79144,0.79153,0.79071,0.79137,0,0
2014-11-27,11:00:00,0.79136,0.79206,0.79067,0.79118,0,0
2014-11-27,12:00:00,0.79118,0.79228,0.79077,0.792,0,0
2014-11-27,13:00:00,0.792,0.79217,0.79157,0.79191,0,0
2014-11-27,14:00:00,0.79194,0.79264,0.79166,0.79235,0,0
2014-11-27,15:00:00,0.79242,0.79286,0.79188,0.79271,0,0
2014-11-27,16:00:00,0.79269,0.79315,0.79236,0.79282,0,0
2014-11-27,17:00:00,0.79289,0.79402,0.79258,0.79379,0,0
2014-11-27,18:00:00,0.79387,0.7943,0.79323,0.79327,0,0
2014-11-27,19:00:00,0.79329,0.79365,0.79317,0.79319,0,0
2014-11-27,20:00:00,0.79318,0.79331,0.79235,0.79242,0,0
2014-11-27,21:00:00,0.7924,0.79281,0.79238,0.79256,0,0
2014-11-27,22:00:00,0.79248,0.79259,0.79194,0.79198,0,0
2014-11-27,23:00:00,0.792,0.79232,0.79196,0.7923,0,0
2014-11-27,23:59:00,0.79228,0.79278,0.79204,0.79248,0,0
2014-11-28,01:00:00,0.79251,0.79265,0.79229,0.7923,0,0
2014-11-28,02:00:00,0.79231,0.79284,0.79206,0.79259,0,0
2014-11-28,03:00:00,0.7926,0.79265,0.79228,0.79247,0,0
2014-11-28,04:00:00,0.79246,0.7926,0.79225,0.79225,0,0
2014-11-28,05:00:00,0.79228,0.7926,0.79226,0.79238,0,0
2014-11-28,06:00:00,0.79239,0.79253,0.79226,0.7924,0,0
2014-11-28,07:00:00,0.7924,0.79255,0.79225,0.79234,0,0
2014-11-28,08:00:00,0.79231,0.79258,0.79218,0.79253,0,0
2014-11-28,09:00:00,0.79253,0.79362,0.79243,0.79307,0,0
2014-11-28,10:00:00,0.79308,0.79315,0.79219,0.79246,0,0
2014-11-28,11:00:00,0.79248,0.7931,0.79136,0.79189,0,0
2014-11-28,12:00:00,0.79196,0.79375,0.79196,0.79349,0,0
2014-11-28,13:00:00,0.79346,0.7951,0.7934,0.79439,0,0
2014-11-28,14:00:00,0.79434,0.7953,0.79423,0.79506,0,0
2014-11-28,15:00:00,0.79506,0.79564,0.79492,0.79552,0,0
2014-11-28,16:00:00,0.79555,0.79596,0.79524,0.79539,0,0
2014-11-28,17:00:00,0.7954,0.79706,0.79529,0.79594,0,0
2014-11-28,18:00:00,0.79586,0.79613,0.7947,0.79535,0,0
2014-11-28,19:00:00,0.79535,0.79617,0.79495,0.79607,0,0
2014-11-28,20:00:00,0.79591,0.79651,0.79584,0.79588,0,0
2014-11-28,21:00:00,0.79587,0.79648,0.79569,0.79617,0,0
2014-11-28,22:00:00,0.79615,0.7963,0.79556,0.79556,0,0
2014-11-28,23:00:00,0.79549,0.79576,0.79541,0.79573,0,0
2014-12-01,01:00:00,0.79616,0.79693,0.79563,0.79661,0,0
2014-12-01,02:00:00,0.79664,0.79738,0.79624,0.79694,0,0
2014-12-01,03:00:00,0.79693,0.79753,0.79667,0.79699,0,0
2014-12-01,04:00:00,0.797,0.79741,0.79693,0.79727,0,0
2014-12-01,05:00:00,0.79726,0.79759,0.79725,0.79756,0,0
2014-12-01,06:00:00,0.7976,0.7977,0.79747,0.79755,0,0
2014-12-01,07:00:00,0.79754,0.79763,0.79716,0.79726,0,0
2014-12-01,08:00:00,0.79726,0.7974,0.79648,0.79648,0,0
2014-12-01,09:00:00,0.79638,0.79642,0.79555,0.79596,0,0
2014-12-01,10:00:00,0.79595,0.79628,0.79439,0.79479,0,0
2014-12-01,11:00:00,0.79475,0.79539,0.79428,0.79497,0,0
2014-12-01,12:00:00,0.79498,0.79499,0.79274,0.7931,0,0
2014-12-01,13:00:00,0.79311,0.79377,0.79271,0.7932,0,0
2014-12-01,14:00:00,0.79322,0.79374,0.79292,0.7935,0,0
2014-12-01,15:00:00,0.79355,0.79361,0.7924,0.79317,0,0
2014-12-01,16:00:00,0.79319,0.7936,0.79271,0.79352,0,0
2014-12-01,17:00:00,0.79372,0.79402,0.79302,0.79353,0,0
2014-12-01,18:00:00,0.79356,0.79372,0.79323,0.79341,0,0
2014-12-01,19:00:00,0.79339,0.79358,0.79289,0.79324,0,0
2014-12-01,20:00:00,0.79326,0.79329,0.79234,0.79239,0,0
2014-12-01,21:00:00,0.79242,0.79276,0.79228,0.79276,0,0
2014-12-01,22:00:00,0.79274,0.79274,0.79237,0.79238,0,0
2014-12-01,23:00:00,0.79241,0.7928,0.79236,0.79278,0,0
2014-12-01,23:59:00,0.7927,0.79286,0.79259,0.79274,0,0
2014-12-02,01:00:00,0.79277,0.79299,0.79247,0.79255,0,0
2014-12-02,02:00:00,0.79255,0.79288,0.79243,0.79286,0,0
2014-12-02,03:00:00,0.79285,0.79286,0.79218,0.7924,0,0
2014-12-02,04:00:00,0.79241,0.79256,0.79229,0.79252,0,0
2014-12-02,05:00:00,0.79252,0.79269,0.79225,0.7923,0,0
2014-12-02,06:00:00,0.7923,0.79266,0.79229,0.79266,0,0
2014-12-02,07:00:00,0.79266,0.79278,0.79252,0.79268,0,0
2014-12-02,08:00:00,0.79267,0.79291,0.79246,0.79249,0,0
2014-12-02,09:00:00,0.79246,0.79302,0.79224,0.79263,0,0
2014-12-02,10:00:00,0.79268,0.79269,0.79105,0.79107,0,0
2014-12-02,11:00:00,0.79109,0.79248,0.79106,0.7917,0,0
2014-12-02,12:00:00,0.7917,0.79202,0.79117,0.79202,0,0
2014-12-02,13:00:00,0.79204,0.79348,0.79203,0.79343,0,0
2014-12-02,14:00:00,0.79331,0.79413,0.79331,0.79367,0,0
2014-12-02,15:00:00,0.79367,0.7939,0.79292,0.79306,0,0
2014-12-02,16:00:00,0.79306,0.79319,0.79284,0.793,0,0
2014-12-02,17:00:00,0.79303,0.79306,0.79206,0.79236,0,0
2014-12-02,18:00:00,0.79232,0.7929,0.79164,0.79164,0,0
2014-12-02,19:00:00,0.79168,0.79223,0.79163,0.79198,0,0
2014-12-02,20:00:00,0.79195,0.79221,0.79135,0.79158,0,0
2014-12-02,21:00:00,0.79155,0.79211,0.79155,0.79163,0,0
2014-12-02,22:00:00,0.79162,0.79176,0.79153,0.79162,0,0
2014-12-02,23:00:00,0.79171,0.79189,0.79152,0.79189,0,0
2014-12-02,23:59:00,0.79192,0.79195,0.79157,0.79195,0,0
2014-12-03,01:00:00,0.79188,0.79208,0.79156,0.79173,0,0
2014-12-03,02:00:00,0.7917,0.79208,0.79158,0.79187,0,0
2014-12-03,03:00:00,0.79186,0.79188,0.79155,0.79178,0,0
2014-12-03,04:00:00,0.79179,0.79198,0.79159,0.79171,0,0
2014-12-03,05:00:00,0.79166,0.79181,0.79159,0.79167,0,0
2014-12-03,06:00:00,0.79168,0.79182,0.79151,0.79161,0,0
2014-12-03,07:00:00,0.79161,0.79166,0.79125,0.79128,0,0
2014-12-03,08:00:00,0.79096,0.79128,0.79066,0.79096,0,0
2014-12-03,09:00:00,0.79099,0.79161,0.79045,0.79129,0,0
2014-12-03,10:00:00,0.79127,0.79165,0.78819,0.78832,0,0
2014-12-03,11:00:00,0.78829,0.7889,0.78755,0.78791,0,0
2014-12-03,12:00:00,0.78795,0.78869,0.7869,0.78713,0,0
2014-12-03,13:00:00,0.78715,0.78807,0.7869,0.78703,0,0
2014-12-03,14:00:00,0.78704,0.78709,0.78652,0.78689,0,0
2014-12-03,15:00:00,0.78684,0.78687,0.78577,0.78594,0,0
2014-12-03,16:00:00,0.78594,0.78597,0.78488,0.78519,0,0
2014-12-03,17:00:00,0.78512,0.78523,0.78415,0.78426,0,0
2014-12-03,18:00:00,0.78419,0.78419,0.78327,0.78377,0,0
2014-12-03,19:00:00,0.78375,0.78407,0.78351,0.7836,0,0
2014-12-03,20:00:00,0.78362,0.78467,0.78356,0.7844,0,0
2014-12-03,21:00:00,0.78441,0.78481,0.78432,0.7848,0,0
2014-12-03,22:00:00,0.78479,0.78524,0.78474,0.78481,0,0
2014-12-03,23:00:00,0.78485,0.78491,0.78466,0.78483,0,0
2014-12-03,23:59:00,0.78482,0.78493,0.7846,0.78477,0,0
2014-12-04,01:00:00,0.78478,0.78497,0.78463,0.78472,0,0
2014-12-04,02:00:00,0.78476,0.78489,0.78426,0.78449,0,0
2014-12-04,03:00:00,0.78442,0.78488,0.78438,0.78478,0,0
2014-12-04,04:00:00,0.78477,0.78495,0.78453,0.78481,0,0
2014-12-04,05:00:00,0.78481,0.78497,0.78466,0.78475,0,0
2014-12-04,06:00:00,0.78475,0.7849,0.78456,0.78458,0,0
2014-12-04,07:00:00,0.78457,0.78516,0.78455,0.78495,0,0
2014-12-04,08:00:00,0.78495,0.78508,0.78443,0.78472,0,0
2014-12-04,09:00:00,0.78472,0.78483,0.78401,0.78415,0,0
2014-12-04,10:00:00,0.78417,0.78598,0.78413,0.78567,0,0
2014-12-04,11:00:00,0.78564,0.78636,0.78559,0.78568,0,0
2014-12-04,12:00:00,0.78569,0.78569,0.78466,0.78466,0,0
2014-12-04,13:00:00,0.78466,0.78604,0.78465,0.78505,0,0
2014-12-04,14:00:00,0.78499,0.7862,0.78491,0.78598,0,0
2014-12-04,15:00:00,0.78601,0.79024,0.78496,0.78962,0,0
2014-12-04,16:00:00,0.78958,0.79117,0.78844,0.79104,0,0
2014-12-04,17:00:00,0.79108,0.79219,0.7904,0.79219,0,0
2014-12-04,18:00:00,0.79211,0.79218,0.79123,0.79151,0,0
2014-12-04,19:00:00,0.79152,0.79154,0.78882,0.78947,0,0
2014-12-04,20:00:00,0.78948,0.78962,0.78891,0.78891,0,0
2014-12-04,21:00:00,0.78888,0.78932,0.78877,0.78911,0,0
2014-12-04,22:00:00,0.78917,0.79003,0.78916,0.78989,0,0
2014-12-04,23:00:00,0.78989,0.79019,0.78966,0.78981,0,0
2014-12-04,23:59:00,0.78976,0.79005,0.78962,0.78987,0,0
2014-12-05,01:00:00,0.78986,0.79017,0.78975,0.78992,0,0
2014-12-05,02:00:00,0.78992,0.792,0.78978,0.79144,0,0
2014-12-05,03:00:00,0.79139,0.79146,0.7906,0.79062,0,0
2014-12-05,04:00:00,0.79062,0.79079,0.79029,0.79071,0,0
2014-12-05,05:00:00,0.79071,0.79101,0.7906,0.79093,0,0
2014-12-05,06:00:00,0.79095,0.79156,0.79083,0.79154,0,0
2014-12-05,07:00:00,0.79152,0.79215,0.7914,0.79209,0,0
2014-12-05,08:00:00,0.79209,0.79232,0.79079,0.79099,0,0
2014-12-05,09:00:00,0.79092,0.79157,0.79028,0.79109,0,0
2014-12-05,10:00:00,0.79113,0.79113,0.7901,0.79018,0,0
2014-12-05,11:00:00,0.7901,0.79017,0.78883,0.78918,0,0
2014-12-05,12:00:00,0.78916,0.78919,0.78772,0.78806,0,0
2014-12-05,13:00:00,0.78805,0.78808,0.78713,0.7879,0,0
2014-12-05,14:00:00,0.78781,0.78843,0.78708,0.78842,0,0
2014-12-05,15:00:00,0.78846,0.78887,0.78503,0.78674,0,0
2014-12-05,16:00:00,0.7867,0.78816,0.7866,0.78779,0,0
2014-12-05,17:00:00,0.78789,0.78901,0.78789,0.78865,0,0
2014-12-05,18:00:00,0.78864,0.78912,0.78822,0.78887,0,0
2014-12-05,19:00:00,0.78875,0.78889,0.7882,0.78844,0,0
2014-12-05,20:00:00,0.78852,0.78861,0.78791,0.78795,0,0
2014-12-05,21:00:00,0.78791,0.78885,0.78786,0.78865,0,0
2014-12-05,22:00:00,0.78868,0.78925,0.78858,0.78919,0,0
2014-12-05,23:00:00,0.78923,0.78923,0.78905,0.7891,0,0
2014-12-08,01:00:00,0.78935,0.7902,0.78934,0.78979,0,0
2014-12-08,02:00:00,0.78979,0.78986,0.78909,0.78921,0,0
2014-12-08,03:00:00,0.7892,0.78974,0.78916,0.78923,0,0
2014-12-08,04:00:00,0.78925,0.78947,0.78902,0.78938,0,0
2014-12-08,05:00:00,0.78937,0.78969,0.78934,0.7894,0,0
2014-12-08,06:00:00,0.7894,0.78978,0.78937,0.78976,0,0
2014-12-08,07:00:00,0.78967,0.78997,0.78952,0.78992,0,0
2014-12-08,08:00:00,0.78993,0.78993,0.78929,0.7894,0,0
2014-12-08,09:00:00,0.78947,0.7899,0.78885,0.78918,0,0
2014-12-08,10:00:00,0.78918,0.78933,0.78742,0.78787,0,0
2014-12-08,11:00:00,0.78782,0.78795,0.78655,0.78669,0,0
2014-12-08,12:00:00,0.78666,0.78688,0.7856,0.78576,0,0
2014-12-08,13:00:00,0.78573,0.78575,0.78479,0.78531,0,0
2014-12-08,14:00:00,0.78523,0.78536,0.78467,0.78467,0,0
2014-12-08,15:00:00,0.78468,0.78542,0.78451,0.78522,0,0
2014-12-08,16:00:00,0.78522,0.78608,0.78494,0.78595,0,0
2014-12-08,17:00:00,0.78597,0.78679,0.78552,0.78676,0,0
2014-12-08,18:00:00,0.7868,0.78707,0.78637,0.78666,0,0
2014-12-08,19:00:00,0.78667,0.78764,0.78652,0.78741,0,0
2014-12-08,20:00:00,0.78744,0.78765,0.78668,0.78668,0,0
2014-12-08,21:00:00,0.78662,0.78725,0.7866,0.78693,0,0
2014-12-08,22:00:00,0.7869,0.78711,0.78678,0.78684,0,0
2014-12-08,23:00:00,0.78694,0.78705,0.78651,0.78693,0,0
2014-12-08,23:59:00,0.78699,0.7871,0.78637,0.78674,0,0
2014-12-09,01:00:00,0.78675,0.78701,0.78656,0.78687,0,0
2014-12-09,02:00:00,0.78686,0.78709,0.78665,0.78676,0,0
2014-12-09,03:00:00,0.78676,0.78715,0.78664,0.78689,0,0
2014-12-09,04:00:00,0.78686,0.78722,0.78684,0.78709,0,0
2014-12-09,05:00:00,0.7871,0.78728,0.78645,0.78654,0,0
2014-12-09,06:00:00,0.78654,0.78733,0.7865,0.78717,0,0
2014-12-09,07:00:00,0.78719,0.78777,0.78701,0.78744,0,0
2014-12-09,08:00:00,0.78742,0.78817,0.78732,0.78774,0,0
2014-12-09,09:00:00,0.78772,0.78782,0.78672,0.78712,0,0
2014-12-09,10:00:00,0.78715,0.7887,0.78708,0.78823,0,0
2014-12-09,11:00:00,0.78818,0.78949,0.78809,0.78935,0,0
2014-12-09,12:00:00,0.78935,0.79017,0.78912,0.7899,0,0
2014-12-09,13:00:00,0.78987,0.79005,0.78961,0.79005,0,0
2014-12-09,14:00:00,0.79004,0.79065,0.78981,0.79043,0,0
2014-12-09,15:00:00,0.79042,0.79107,0.78988,0.79067,0,0
2014-12-09,16:00:00,0.79069,0.79154,0.79064,0.79151,0,0
2014-12-09,17:00:00,0.7915,0.79302,0.79131,0.79183,0,0
2014-12-09,18:00:00,0.79182,0.79182,0.79024,0.79099,0,0
2014-12-09,19:00:00,0.79106,0.79109,0.79008,0.79012,0,0
2014-12-09,20:00:00,0.79021,0.79062,0.78983,0.7903,0,0
2014-12-09,21:00:00,0.79029,0.7907,0.79006,0.79011,0,0
2014-12-09,22:00:00,0.7901,0.79019,0.78951,0.78968,0,0
2014-12-09,23:00:00,0.78968,0.7899,0.78956,0.78977,0,0
2014-12-09,23:59:00,0.78986,0.79015,0.78958,0.78981,0,0
2014-12-10,01:00:00,0.78982,0.7902,0.78961,0.78984,0,0
2014-12-10,02:00:00,0.78984,0.79026,0.78967,0.7901,0,0
2014-12-10,03:00:00,0.79012,0.79016,0.78925,0.7893,0,0
2014-12-10,04:00:00,0.78931,0.78967,0.78922,0.78957,0,0
2014-12-10,05:00:00,0.7896,0.7901,0.78959,0.79004,0,0
2014-12-10,06:00:00,0.79004,0.79059,0.78997,0.79049,0,0
2014-12-10,07:00:00,0.79048,0.79059,0.79001,0.79003,0,0
2014-12-10,08:00:00,0.79004,0.79015,0.78954,0.78964,0,0
2014-12-10,09:00:00,0.78963,0.78983,0.78888,0.78977,0,0
2014-12-10,10:00:00,0.78976,0.78992,0.78883,0.78992,0,0
2014-12-10,11:00:00,0.78992,0.79119,0.78931,0.79073,0,0
2014-12-10,12:00:00,0.79073,0.79088,0.78998,0.79063,0,0
2014-12-10,13:00:00,0.79065,0.79069,0.78852,0.78854,0,0
2014-12-10,14:00:00,0.7886,0.78946,0.78847,0.78908,0,0
2014-12-10,15:00:00,0.78908,0.79005,0.78879,0.78971,0,0
2014-12-10,16:00:00,0.7897,0.79112,0.7896,0.79111,0,0
2014-12-10,17:00:00,0.79112,0.79167,0.79083,0.7912,0,0
2014-12-10,18:00:00,0.79123,0.79203,0.79091,0.79197,0,0
2014-12-10,19:00:00,0.79197,0.79216,0.79105,0.79121,0,0
2014-12-10,20:00:00,0.79117,0.79204,0.79108,0.79203,0,0
2014-12-10,21:00:00,0.79203,0.79229,0.79182,0.79226,0,0
2014-12-10,22:00:00,0.79224,0.79228,0.79148,0.79205,0,0
2014-12-10,23:00:00,0.79208,0.79222,0.79178,0.79209,0,0
2014-12-10,23:59:00,0.7921,0.79222,0.79182,0.79195,0,0
2014-12-11,01:00:00,0.79193,0.79272,0.79089,0.79239,0,0
2014-12-11,02:00:00,0.79242,0.79332,0.79209,0.79273,0,0
2014-12-11,03:00:00,0.79279,0.79325,0.79217,0.79223,0,0
2014-12-11,04:00:00,0.79224,0.79289,0.79192,0.79262,0,0
2014-12-11,05:00:00,0.79265,0.79283,0.79239,0.79254,0,0
2014-12-11,06:00:00,0.79257,0.79274,0.79224,0.79228,0,0
2014-12-11,07:00:00,0.79229,0.79247,0.79167,0.79204,0,0
2014-12-11,08:00:00,0.79204,0.79234,0.79168,0.79232,0,0
2014-12-11,09:00:00,0.79232,0.79426,0.79221,0.79416,0,0
2014-12-11,10:00:00,0.79418,0.79418,0.79276,0.79397,0,0
2014-12-11,11:00:00,0.79392,0.79401,0.79283,0.79291,0,0
2014-12-11,12:00:00,0.79295,0.79527,0.79268,0.79527,0,0
2014-12-11,13:00:00,0.79517,0.79542,0.79424,0.7946,0,0
2014-12-11,14:00:00,0.79455,0.79478,0.7928,0.7928,0,0
2014-12-11,15:00:00,0.79279,0.79316,0.79158,0.79162,0,0
2014-12-11,16:00:00,0.79158,0.79162,0.78966,0.79039,0,0
2014-12-11,17:00:00,0.79036,0.79049,0.78864,0.78884,0,0
2014-12-11,18:00:00,0.78876,0.78932,0.78832,0.78909,0,0
2014-12-11,19:00:00,0.78907,0.78927,0.78831,0.78868,0,0
2014-12-11,20:00:00,0.78867,0.78892,0.78787,0.78802,0,0
2014-12-11,21:00:00,0.78803,0.78891,0.78785,0.78876,0,0
2014-12-11,22:00:00,0.78877,0.78877,0.78801,0.78813,0,0
2014-12-11,23:00:00,0.78813,0.7891,0.78813,0.78905,0,0
2014-12-11,23:59:00,0.78891,0.78893,0.78835,0.78875,0,0
2014-12-12,01:00:00,0.78882,0.78882,0.78813,0.78846,0,0
2014-12-12,02:00:00,0.78845,0.78916,0.78801,0.78873,0,0
2014-12-12,03:00:00,0.78872,0.78879,0.78809,0.78874,0,0
2014-12-12,04:00:00,0.78874,0.78878,0.78833,0.78867,0,0
2014-12-12,05:00:00,0.78868,0.78868,0.78826,0.78831,0,0
2014-12-12,06:00:00,0.78832,0.78871,0.78815,0.78845,0,0
2014-12-12,07:00:00,0.78849,0.78856,0.78818,0.78824,0,0
2014-12-12,08:00:00,0.78823,0.78858,0.78796,0.78798,0,0
2014-12-12,09:00:00,0.788,0.7892,0.78739,0.7892,0,0
2014-12-12,10:00:00,0.78921,0.79162,0.78891,0.79123,0,0
2014-12-12,11:00:00,0.79122,0.79189,0.79102,0.79111,0,0
2014-12-12,12:00:00,0.79113,0.79182,0.79109,0.79144,0,0
2014-12-12,13:00:00,0.79145,0.79287,0.79112,0.79246,0,0
2014-12-12,14:00:00,0.79242,0.79253,0.79155,0.79247,0,0
2014-12-12,15:00:00,0.79246,0.79279,0.79188,0.79234,0,0
2014-12-12,16:00:00,0.79233,0.79267,0.79145,0.79145,0,0
2014-12-12,17:00:00,0.79137,0.79403,0.79128,0.79401,0,0
2014-12-12,18:00:00,0.7938,0.79384,0.79225,0.79381,0,0
2014-12-12,19:00:00,0.79378,0.79378,0.79276,0.79276,0,0
2014-12-12,20:00:00,0.79274,0.79304,0.792,0.79216,0,0
2014-12-12,21:00:00,0.79215,0.79322,0.79215,0.7927,0,0
2014-12-12,22:00:00,0.7927,0.79298,0.79229,0.79235,0,0
2014-12-12,23:00:00,0.79232,0.79234,0.79223,0.79233,0,0
2014-12-15,01:00:00,0.79318,0.79322,0.79205,0.79271,0,0
2014-12-15,02:00:00,0.79271,0.79283,0.79201,0.79236,0,0
2014-12-15,03:00:00,0.79241,0.79285,0.79232,0.79271,0,0
2014-12-15,04:00:00,0.79274,0.79284,0.79254,0.79257,0,0
2014-12-15,05:00:00,0.79258,0.7926,0.79163,0.79163,0,0
2014-12-15,06:00:00,0.79164,0.79192,0.7916,0.79166,0,0
2014-12-15,07:00:00,0.79162,0.79188,0.79151,0.79163,0,0
2014-12-15,08:00:00,0.79163,0.79187,0.79099,0.79114,0,0
2014-12-15,09:00:00,0.79113,0.79232,0.79102,0.79168,0,0
2014-12-15,10:00:00,0.79166,0.79174,0.79081,0.79139,0,0
2014-12-15,11:00:00,0.79138,0.79139,0.79071,0.79098,0,0
2014-12-15,12:00:00,0.79095,0.79301,0.79093,0.79287,0,0
2014-12-15,13:00:00,0.79288,0.79367,0.79272,0.79329,0,0
2014-12-15,14:00:00,0.79327,0.79365,0.79299,0.79344,0,0
2014-12-15,15:00:00,0.79346,0.79445,0.79327,0.79378,0,0
2014-12-15,16:00:00,0.79376,0.79441,0.79373,0.79416,0,0
2014-12-15,17:00:00,0.79416,0.79616,0.79406,0.79548,0,0
2014-12-15,18:00:00,0.79549,0.79721,0.79544,0.79624,0,0
2014-12-15,19:00:00,0.79615,0.79635,0.79468,0.79507,0,0
2014-12-15,20:00:00,0.79511,0.79526,0.79462,0.79495,0,0
2014-12-15,21:00:00,0.79494,0.79569,0.79494,0.79498,0,0
2014-12-15,22:00:00,0.79493,0.79546,0.79473,0.79546,0,0
2014-12-15,23:00:00,0.7955,0.79551,0.7952,0.79536,0,0
2014-12-15,23:59:00,0.79534,0.79548,0.79509,0.79546,0,0
2014-12-16,01:00:00,0.79555,0.79563,0.79529,0.79531,0,0
2014-12-16,02:00:00,0.79531,0.79589,0.79531,0.79553,0,0
2014-12-16,03:00:00,0.79556,0.7956,0.79526,0.79535,0,0
2014-12-16,04:00:00,0.79538,0.79568,0.79526,0.79548,0,0
2014-12-16,05:00:00,0.79548,0.79615,0.7953,0.79599,0,0
2014-12-16,06:00:00,0.796,0.79607,0.79569,0.79575,0,0
2014-12-16,07:00:00,0.79584,0.79603,0.79566,0.7959,0,0
2014-12-16,08:00:00,0.79588,0.79599,0.79426,0.79459,0,0
2014-12-16,09:00:00,0.79464,0.79561,0.7943,0.79554,0,0
2014-12-16,10:00:00,0.79554,0.79742,0.795,0.79706,0,0
2014-12-16,11:00:00,0.79717,0.80061,0.79604,0.79673,0,0
2014-12-16,12:00:00,0.79664,0.79734,0.79517,0.79528,0,0
2014-12-16,13:00:00,0.79528,0.79735,0.79493,0.79713,0,0
2014-12-16,14:00:00,0.79705,0.79766,0.79545,0.79656,0,0
2014-12-16,15:00:00,0.79656,0.79691,0.79457,0.79493,0,0
2014-12-16,16:00:00,0.79485,0.79564,0.79417,0.79495,0,0
2014-12-16,17:00:00,0.79495,0.79544,0.79431,0.79529,0,0
2014-12-16,18:00:00,0.79526,0.79593,0.79396,0.79468,0,0
2014-12-16,19:00:00,0.79464,0.79499,0.79368,0.79396,0,0
2014-12-16,20:00:00,0.79398,0.79481,0.79388,0.79402,0,0
2014-12-16,21:00:00,0.79397,0.79412,0.79349,0.79388,0,0
2014-12-16,22:00:00,0.79391,0.79535,0.79391,0.79532,0,0
2014-12-16,23:00:00,0.79526,0.79539,0.79413,0.79441,0,0
2014-12-16,23:59:00,0.79435,0.7947,0.79415,0.79449,0,0
2014-12-17,01:00:00,0.79449,0.7948,0.79427,0.79469,0,0
2014-12-17,02:00:00,0.7947,0.79492,0.79433,0.79441,0,0
2014-12-17,03:00:00,0.79437,0.79498,0.79437,0.79481,0,0
2014-12-17,04:00:00,0.79483,0.79548,0.79479,0.79485,0,0
2014-12-17,05:00:00,0.79487,0.79498,0.79424,0.79434,0,0
2014-12-17,06:00:00,0.79438,0.79476,0.79412,0.79433,0,0
2014-12-17,07:00:00,0.79433,0.79441,0.79409,0.79412,0,0
2014-12-17,08:00:00,0.79412,0.79425,0.79375,0.79379,0,0
2014-12-17,09:00:00,0.79379,0.79441,0.79326,0.79329,0,0
2014-12-17,10:00:00,0.7933,0.79491,0.79242,0.79413,0,0
2014-12-17,11:00:00,0.7942,0.7947,0.79236,0.7931,0,0
2014-12-17,12:00:00,0.79292,0.79365,0.79248,0.79263,0,0
2014-12-17,13:00:00,0.79266,0.79289,0.79169,0.79217,0,0
2014-12-17,14:00:00,0.79212,0.7935,0.79201,0.79282,0,0
2014-12-17,15:00:00,0.79281,0.79372,0.79268,0.79323,0,0
2014-12-17,16:00:00,0.7931,0.79365,0.79235,0.79291,0,0
2014-12-17,17:00:00,0.79282,0.79299,0.79109,0.7923,0,0
2014-12-17,18:00:00,0.79229,0.79315,0.79215,0.79262,0,0
2014-12-17,19:00:00,0.79269,0.79358,0.79216,0.79299,0,0
2014-12-17,20:00:00,0.79301,0.79385,0.79262,0.79296,0,0
2014-12-17,21:00:00,0.79289,0.79536,0.79102,0.79263,0,0
2014-12-17,22:00:00,0.79268,0.79382,0.79189,0.7925,0,0
2014-12-17,23:00:00,0.79261,0.79265,0.79191,0.79239,0,0
2014-12-17,23:59:00,0.79246,0.79272,0.79182,0.79203,0,0
2014-12-18,01:00:00,0.79203,0.79236,0.79173,0.79224,0,0
2014-12-18,02:00:00,0.79224,0.79224,0.79134,0.79186,0,0
2014-12-18,03:00:00,0.79182,0.79213,0.7918,0.79201,0,0
2014-12-18,04:00:00,0.79205,0.79206,0.79164,0.79189,0,0
2014-12-18,05:00:00,0.79191,0.79214,0.79189,0.79209,0,0
2014-12-18,06:00:00,0.79209,0.79209,0.79173,0.79177,0,0
2014-12-18,07:00:00,0.79175,0.79204,0.79166,0.79179,0,0
2014-12-18,08:00:00,0.79181,0.79189,0.79099,0.79124,0,0
2014-12-18,09:00:00,0.79123,0.79159,0.78904,0.79117,0,0
2014-12-18,10:00:00,0.79112,0.79158,0.78988,0.79061,0,0
2014-12-18,11:00:00,0.79061,0.79132,0.78627,0.78751,0,0
2014-12-18,12:00:00,0.78761,0.78849,0.78751,0.78752,0,0
2014-12-18,13:00:00,0.7876,0.78813,0.78624,0.78666,0,0
2014-12-18,14:00:00,0.78666,0.78706,0.78598,0.78636,0,0
2014-12-18,15:00:00,0.78642,0.78693,0.78597,0.78629,0,0
2014-12-18,16:00:00,0.78624,0.78633,0.78419,0.78461,0,0
2014-12-18,17:00:00,0.78452,0.78523,0.78363,0.78522,0,0
2014-12-18,18:00:00,0.7853,0.7853,0.78376,0.7848,0,0
2014-12-18,19:00:00,0.78484,0.78519,0.78418,0.78437,0,0
2014-12-18,20:00:00,0.7844,0.78459,0.7837,0.78374,0,0
2014-12-18,21:00:00,0.78377,0.78432,0.78366,0.78388,0,0
2014-12-18,22:00:00,0.78388,0.78405,0.78369,0.78385,0,0
2014-12-18,23:00:00,0.78387,0.78437,0.78387,0.78403,0,0
2014-12-18,23:59:00,0.78399,0.78437,0.78393,0.7842,0,0
2014-12-19,01:00:00,0.7842,0.78444,0.78402,0.78434,0,0
2014-12-19,02:00:00,0.78433,0.78443,0.78399,0.78426,0,0
2014-12-19,03:00:00,0.78423,0.78455,0.7838,0.78454,0,0
2014-12-19,04:00:00,0.78454,0.78456,0.784,0.78403,0,0
2014-12-19,05:00:00,0.78402,0.78451,0.784,0.78409,0,0
2014-12-19,06:00:00,0.78409,0.78446,0.78402,0.78442,0,0
2014-12-19,07:00:00,0.7844,0.78477,0.78434,0.78462,0,0
2014-12-19,08:00:00,0.78462,0.78499,0.78447,0.78484,0,0
2014-12-19,09:00:00,0.78486,0.78511,0.78431,0.78476,0,0
2014-12-19,10:00:00,0.78471,0.78496,0.78307,0.78431,0,0
2014-12-19,11:00:00,0.78426,0.78486,0.78327,0.78422,0,0
2014-12-19,12:00:00,0.78412,0.78539,0.78349,0.78357,0,0
2014-12-19,13:00:00,0.78355,0.7856,0.78319,0.78502,0,0
2014-12-19,14:00:00,0.78502,0.7859,0.78448,0.78471,0,0
2014-12-19,15:00:00,0.7847,0.78564,0.78392,0.78547,0,0
2014-12-19,16:00:00,0.78537,0.78566,0.78405,0.78529,0,0
2014-12-19,17:00:00,0.78525,0.78537,0.78418,0.78423,0,0
2014-12-19,18:00:00,0.7842,0.78421,0.78257,0.78386,0,0
2014-12-19,19:00:00,0.78386,0.78408,0.7833,0.7836,0,0
2014-12-19,20:00:00,0.7836,0.78369,0.7825,0.78258,0,0
2014-12-19,21:00:00,0.78253,0.78277,0.78191,0.78202,0,0
2014-12-19,22:00:00,0.782,0.78223,0.78132,0.78217,0,0
2014-12-19,23:00:00,0.78218,0.78249,0.78218,0.7824,0,0
2014-12-22,01:00:00,0.78219,0.78251,0.78209,0.78229,0,0
2014-12-22,02:00:00,0.78229,0.78264,0.7821,0.78246,0,0
2014-12-22,03:00:00,0.78246,0.78261,0.78222,0.78246,0,0
2014-12-22,04:00:00,0.78238,0.78294,0.78238,0.78289,0,0
2014-12-22,05:00:00,0.78289,0.78305,0.7826,0.7826,0,0
2014-12-22,06:00:00,0.7826,0.78286,0.78257,0.78282,0,0
2014-12-22,07:00:00,0.78274,0.78296,0.78238,0.78276,0,0
2014-12-22,08:00:00,0.7827,0.78338,0.78265,0.78333,0,0
2014-12-22,09:00:00,0.78335,0.78392,0.78289,0.78341,0,0
2014-12-22,10:00:00,0.78339,0.78459,0.78309,0.78448,0,0
2014-12-22,11:00:00,0.78448,0.78527,0.7843,0.78508,0,0
2014-12-22,12:00:00,0.78508,0.78529,0.78441,0.78472,0,0
2014-12-22,13:00:00,0.78489,0.78597,0.7848,0.78529,0,0
2014-12-22,14:00:00,0.78525,0.78535,0.78428,0.78444,0,0
2014-12-22,15:00:00,0.78449,0.78569,0.78431,0.78496,0,0
2014-12-22,16:00:00,0.78496,0.78512,0.78462,0.78468,0,0
2014-12-22,17:00:00,0.78479,0.7858,0.78417,0.78446,0,0
2014-12-22,18:00:00,0.78443,0.7852,0.7844,0.78448,0,0
2014-12-22,19:00:00,0.78448,0.78527,0.7838,0.78512,0,0
2014-12-22,20:00:00,0.78512,0.78512,0.7843,0.7843,0,0
2014-12-22,21:00:00,0.7843,0.78444,0.78368,0.78368,0,0
2014-12-22,22:00:00,0.78368,0.78486,0.7836,0.78459,0,0
2014-12-22,23:00:00,0.78474,0.78475,0.78437,0.7845,0,0
2014-12-22,23:59:00,0.78446,0.78485,0.78415,0.78464,0,0
2014-12-23,01:00:00,0.78466,0.785,0.78454,0.78464,0,0
2014-12-23,02:00:00,0.78466,0.78481,0.78443,0.78466,0,0
2014-12-23,03:00:00,0.78473,0.78493,0.78455,0.78468,0,0
2014-12-23,04:00:00,0.78467,0.78473,0.78428,0.78449,0,0
2014-12-23,05:00:00,0.78449,0.78456,0.78434,0.78445,0,0
2014-12-23,06:00:00,0.78446,0.78466,0.78438,0.78459,0,0
2014-12-23,07:00:00,0.78456,0.78483,0.78452,0.78483,0,0
2014-12-23,08:00:00,0.78469,0.78512,0.78455,0.78476,0,0
2014-12-23,09:00:00,0.78476,0.78518,0.78439,0.78458,0,0
2014-12-23,10:00:00,0.78463,0.78561,0.78456,0.78479,0,0
2014-12-23,11:00:00,0.78478,0.78672,0.78381,0.78543,0,0
2014-12-23,12:00:00,0.78543,0.78583,0.78534,0.78569,0,0
2014-12-23,13:00:00,0.78572,0.78677,0.78497,0.78587,0,0
2014-12-23,14:00:00,0.78587,0.7868,0.78538,0.78674,0,0
2014-12-23,15:00:00,0.7867,0.78673,0.78511,0.78617,0,0
2014-12-23,16:00:00,0.78617,0.78661,0.78521,0.78551,0,0
2014-12-23,17:00:00,0.78549,0.78611,0.78442,0.78443,0,0
2014-12-23,18:00:00,0.78448,0.78557,0.78444,0.78506,0,0
2014-12-23,19:00:00,0.78506,0.78524,0.78457,0.78486,0,0
2014-12-23,20:00:00,0.78481,0.78572,0.78451,0.78503,0,0
2014-12-23,21:00:00,0.78501,0.78513,0.78438,0.78452,0,0
2014-12-23,22:00:00,0.78467,0.78515,0.78459,0.78494,0,0
2014-12-23,23:00:00,0.78502,0.78519,0.78426,0.78437,0,0
2014-12-23,23:59:00,0.78439,0.78488,0.78433,0.78454,0,0
2014-12-24,01:00:00,0.78459,0.7846,0.78425,0.7845,0,0
2014-12-24,02:00:00,0.7845,0.78501,0.7845,0.78501,0,0
2014-12-24,03:00:00,0.785,0.78516,0.78485,0.7849,0,0
2014-12-24,04:00:00,0.78491,0.78504,0.78449,0.78496,0,0
2014-12-24,05:00:00,0.78482,0.78505,0.78479,0.78483,0,0
2014-12-24,06:00:00,0.78483,0.78501,0.7847,0.78489,0,0
2014-12-24,07:00:00,0.78489,0.78498,0.78446,0.78447,0,0
2014-12-24,08:00:00,0.7845,0.78466,0.78428,0.78447,0,0
2014-12-24,09:00:00,0.78448,0.78529,0.78408,0.78427,0,0
2014-12-24,10:00:00,0.78427,0.78464,0.78387,0.78446,0,0
2014-12-24,11:00:00,0.78459,0.78546,0.78446,0.78497,0,0
2014-12-24,12:00:00,0.78497,0.78505,0.78417,0.78433,0,0
2014-12-24,13:00:00,0.78433,0.78493,0.78392,0.78473,0,0
2014-12-24,14:00:00,0.7848,0.7857,0.78449,0.7857,0,0
2014-12-24,15:00:00,0.78565,0.7866,0.78535,0.78557,0,0
2014-12-24,16:00:00,0.78557,0.78563,0.78425,0.78433,0,0
2014-12-24,17:00:00,0.7845,0.78456,0.78388,0.78393,0,0
2014-12-24,18:00:00,0.78393,0.7843,0.78363,0.78381,0,0
2014-12-24,19:00:00,0.78384,0.78469,0.7836,0.78393,0,0
2014-12-24,20:00:00,0.78384,0.78471,0.78381,0.78463,0,0
2014-12-24,21:00:00,0.78479,0.78479,0.78367,0.78378,0,0
2014-12-24,22:00:00,0.78373,0.78472,0.78339,0.78472,0,0
2014-12-24,23:00:00,0.78472,0.78472,0.7841,0.78432,0,0
2014-12-24,23:59:00,0.78383,0.78467,0.78383,0.7843,0,0
2014-12-26,01:00:00,0.7855,0.78572,0.78443,0.78482,0,0
2014-12-26,02:00:00,0.78482,0.785,0.78451,0.78468,0,0
2014-12-26,03:00:00,0.78477,0.78519,0.7847,0.7851,0,0
2014-12-26,04:00:00,0.78508,0.78531,0.78496,0.78524,0,0
2014-12-26,05:00:00,0.78525,0.78546,0.78518,0.78545,0,0
2014-12-26,06:00:00,0.78544,0.78554,0.78524,0.78526,0,0
2014-12-26,07:00:00,0.78527,0.78537,0.78514,0.78529,0,0
2014-12-26,08:00:00,0.78528,0.78542,0.78468,0.7847,0,0
2014-12-26,09:00:00,0.7847,0.78482,0.78442,0.78448,0,0
2014-12-26,10:00:00,0.78448,0.78448,0.78362,0.78384,0,0
2014-12-26,11:00:00,0.78387,0.78403,0.78362,0.7839,0,0
2014-12-26,12:00:00,0.78391,0.78424,0.78378,0.78405,0,0
2014-12-26,13:00:00,0.78394,0.78395,0.78317,0.78348,0,0
2014-12-26,14:00:00,0.78344,0.78378,0.78314,0.78352,0,0
2014-12-26,15:00:00,0.7835,0.7838,0.78269,0.78276,0,0
2014-12-26,16:00:00,0.78276,0.78283,0.78249,0.78253,0,0
2014-12-26,17:00:00,0.78253,0.78288,0.7823,0.78231,0,0
2014-12-26,18:00:00,0.78231,0.7829,0.78206,0.78289,0,0
2014-12-26,19:00:00,0.7829,0.78298,0.78267,0.78285,0,0
2014-12-26,20:00:00,0.7828,0.78303,0.78246,0.78303,0,0
2014-12-26,21:00:00,0.78303,0.78303,0.7826,0.78267,0,0
2014-12-26,22:00:00,0.78269,0.78301,0.78261,0.78293,0,0
2014-12-26,23:00:00,0.78293,0.78293,0.78293,0.78293,0,0
2014-12-29,01:00:00,0.78294,0.78294,0.78245,0.78249,0,0
2014-12-29,02:00:00,0.78252,0.78319,0.7825,0.78296,0,0
2014-12-29,03:00:00,0.78293,0.78306,0.78256,0.78258,0,0
2014-12-29,04:00:00,0.78266,0.78304,0.78257,0.78294,0,0
2014-12-29,05:00:00,0.78292,0.78294,0.78268,0.78273,0,0
2014-12-29,06:00:00,0.78273,0.7829,0.78259,0.78281,0,0
2014-12-29,07:00:00,0.78279,0.78291,0.78247,0.7828,0,0
2014-12-29,08:00:00,0.78281,0.78288,0.78242,0.78245,0,0
2014-12-29,09:00:00,0.78233,0.78273,0.78219,0.78253,0,0
2014-12-29,10:00:00,0.78253,0.78294,0.78232,0.78232,0,0
2014-12-29,11:00:00,0.78233,0.78438,0.78219,0.78381,0,0
2014-12-29,12:00:00,0.78442,0.78442,0.78305,0.78363,0,0
2014-12-29,13:00:00,0.78379,0.78475,0.78371,0.78411,0,0
2014-12-29,14:00:00,0.78415,0.78485,0.78405,0.78409,0,0
2014-12-29,15:00:00,0.78406,0.78537,0.78406,0.78537,0,0
2014-12-29,16:00:00,0.78537,0.78537,0.78457,0.78458,0,0
2014-12-29,17:00:00,0.78469,0.78532,0.78433,0.7844,0,0
2014-12-29,18:00:00,0.78434,0.78511,0.784,0.78471,0,0
2014-12-29,19:00:00,0.78452,0.78487,0.7842,0.78425,0,0
2014-12-29,20:00:00,0.78423,0.78423,0.78279,0.78293,0,0
2014-12-29,21:00:00,0.78293,0.78345,0.78293,0.78319,0,0
2014-12-29,22:00:00,0.78319,0.78364,0.78307,0.78349,0,0
2014-12-29,23:00:00,0.78348,0.78351,0.7831,0.7833,0,0
2014-12-29,23:59:00,0.7833,0.78379,0.78307,0.78375,0,0
2014-12-30,01:00:00,0.78359,0.78367,0.78316,0.78342,0,0
2014-12-30,02:00:00,0.78342,0.78399,0.78342,0.78359,0,0
2014-12-30,03:00:00,0.78353,0.78357,0.78301,0.78304,0,0
2014-12-30,04:00:00,0.78304,0.78304,0.78228,0.78228,0,0
2014-12-30,05:00:00,0.78236,0.78241,0.78205,0.78224,0,0
2014-12-30,06:00:00,0.78224,0.78242,0.78197,0.78235,0,0
2014-12-30,07:00:00,0.78236,0.78255,0.78224,0.78229,0,0
2014-12-30,08:00:00,0.78215,0.7825,0.78168,0.78244,0,0
2014-12-30,09:00:00,0.78251,0.78424,0.78226,0.78332,0,0
2014-12-30,10:00:00,0.78333,0.78438,0.7831,0.78339,0,0
2014-12-30,11:00:00,0.78342,0.78355,0.78282,0.78292,0,0
2014-12-30,12:00:00,0.78292,0.78348,0.78267,0.78301,0,0
2014-12-30,13:00:00,0.783,0.78324,0.7824,0.78309,0,0
2014-12-30,14:00:00,0.78308,0.78308,0.78189,0.78245,0,0
2014-12-30,15:00:00,0.78252,0.78322,0.78204,0.78303,0,0
2014-12-30,16:00:00,0.78297,0.783,0.78233,0.7826,0,0
2014-12-30,17:00:00,0.78252,0.7829,0.78169,0.78184,0,0
2014-12-30,18:00:00,0.78184,0.78202,0.78149,0.78179,0,0
2014-12-30,19:00:00,0.78183,0.78216,0.78138,0.78145,0,0
2014-12-30,20:00:00,0.78146,0.78149,0.78127,0.78131,0,0
2014-12-30,21:00:00,0.78131,0.78135,0.78111,0.78121,0,0
2014-12-30,22:00:00,0.78123,0.78151,0.78116,0.78137,0,0
2014-12-30,23:00:00,0.78141,0.78146,0.78103,0.78109,0,0
2014-12-30,23:59:00,0.78107,0.78175,0.78099,0.78139,0,0
2014-12-31,01:00:00,0.78143,0.78144,0.78107,0.78128,0,0
2014-12-31,02:00:00,0.78151,0.78151,0.78101,0.7811,0,0
2014-12-31,03:00:00,0.78106,0.78136,0.78103,0.78126,0,0
2014-12-31,04:00:00,0.78136,0.78152,0.78123,0.78147,0,0
2014-12-31,05:00:00,0.78152,0.78178,0.78133,0.78159,0,0
2014-12-31,06:00:00,0.78166,0.78168,0.78118,0.78128,0,0
2014-12-31,07:00:00,0.78126,0.78133,0.78104,0.78106,0,0
2014-12-31,08:00:00,0.78111,0.78127,0.78101,0.78113,0,0
2014-12-31,09:00:00,0.78118,0.78166,0.78103,0.78111,0,0
2014-12-31,10:00:00,0.78107,0.78152,0.77992,0.78058,0,0
2014-12-31,11:00:00,0.78057,0.78068,0.77989,0.78003,0,0
2014-12-31,12:00:00,0.78003,0.78053,0.77989,0.78001,0,0
2014-12-31,13:00:00,0.77962,0.77984,0.77847,0.77874,0,0
2014-12-31,14:00:00,0.77874,0.7793,0.7783,0.77929,0,0
2014-12-31,15:00:00,0.7794,0.77944,0.77846,0.77852,0,0
2014-12-31,16:00:00,0.77847,0.77951,0.77748,0.77946,0,0
2014-12-31,17:00:00,0.7794,0.77957,0.7769,0.77691,0,0
2014-12-31,18:00:00,0.77659,0.77697,0.77604,0.77689,0,0
2014-12-31,19:00:00,0.77689,0.77715,0.77605,0.77664,0,0
2014-12-31,20:00:00,0.77665,0.77708,0.77651,0.77686,0,0
2014-12-31,21:00:00,0.77686,0.77714,0.77653,0.77658,0,0
2014-12-31,22:00:00,0.77642,0.77667,0.77617,0.77636,0,0
2014-12-31,23:00:00,0.77632,0.77717,0.77627,0.77674,0,0
2014-12-31,23:59:00,0.77663,0.77673,0.77614,0.77623,0,0
2015-01-02,01:00:00,0.77673,0.77703,0.77566,0.77581,0,0
2015-01-02,02:00:00,0.77582,0.77614,0.77535,0.77537,0,0
2015-01-02,03:00:00,0.77535,0.77594,0.77501,0.77593,0,0
2015-01-02,04:00:00,0.77584,0.77593,0.7753,0.77578,0,0
2015-01-02,05:00:00,0.77578,0.77597,0.7752,0.7752,0,0
2015-01-02,06:00:00,0.7752,0.77549,0.77504,0.77538,0,0
2015-01-02,07:00:00,0.77538,0.77572,0.77515,0.77521,0,0
2015-01-02,08:00:00,0.77521,0.77561,0.77504,0.77547,0,0
2015-01-02,09:00:00,0.77547,0.77593,0.77453,0.77583,0,0
2015-01-02,10:00:00,0.77583,0.77669,0.77551,0.77576,0,0
2015-01-02,11:00:00,0.77576,0.77902,0.77534,0.77894,0,0
2015-01-02,12:00:00,0.77895,0.78033,0.77877,0.7803,0,0
2015-01-02,13:00:00,0.78022,0.78134,0.7799,0.78065,0,0
2015-01-02,14:00:00,0.78075,0.78144,0.78029,0.78035,0,0
2015-01-02,15:00:00,0.78036,0.78069,0.77986,0.78035,0,0
2015-01-02,16:00:00,0.78035,0.78101,0.77988,0.78036,0,0
2015-01-02,17:00:00,0.78053,0.78152,0.78021,0.78152,0,0
2015-01-02,18:00:00,0.78152,0.78248,0.78152,0.78211,0,0
2015-01-02,19:00:00,0.78212,0.78226,0.78167,0.78197,0,0
2015-01-02,20:00:00,0.78198,0.78254,0.78198,0.78231,0,0
2015-01-02,21:00:00,0.78231,0.78327,0.78212,0.78279,0,0
2015-01-02,22:00:00,0.78291,0.78315,0.78258,0.7827,0,0
2015-01-02,23:00:00,0.7827,0.78282,0.7827,0.78282,0,0
2015-01-05,01:00:00,0.78184,0.78238,0.781,0.78169,0,0
2015-01-05,02:00:00,0.7817,0.78201,0.78113,0.78149,0,0
2015-01-05,03:00:00,0.78148,0.78179,0.78122,0.78122,0,0
2015-01-05,04:00:00,0.78123,0.78205,0.78123,0.78194,0,0
2015-01-05,05:00:00,0.78195,0.78197,0.78125,0.78127,0,0
2015-01-05,06:00:00,0.78103,0.7814,0.78087,0.78104,0,0
2015-01-05,07:00:00,0.78104,0.78133,0.78061,0.78078,0,0
2015-01-05,08:00:00,0.78072,0.78187,0.78069,0.78182,0,0
2015-01-05,09:00:00,0.78175,0.78198,0.78101,0.78188,0,0
2015-01-05,10:00:00,0.78188,0.78213,0.78093,0.78121,0,0
2015-01-05,11:00:00,0.78119,0.78185,0.78018,0.7811,0,0
2015-01-05,12:00:00,0.78106,0.78126,0.78018,0.78079,0,0
2015-01-05,13:00:00,0.78079,0.78121,0.78004,0.78042,0,0
2015-01-05,14:00:00,0.78056,0.78252,0.78049,0.78215,0,0
2015-01-05,15:00:00,0.78215,0.78381,0.78203,0.7833,0,0
2015-01-05,16:00:00,0.78332,0.78442,0.78257,0.7835,0,0
2015-01-05,17:00:00,0.7835,0.78384,0.7824,0.78319,0,0
2015-01-05,18:00:00,0.7832,0.78333,0.78233,0.7824,0,0
2015-01-05,19:00:00,0.7824,0.78319,0.78209,0.78313,0,0
2015-01-05,20:00:00,0.78306,0.78308,0.78213,0.78261,0,0
2015-01-05,21:00:00,0.78261,0.78279,0.78229,0.78271,0,0
2015-01-05,22:00:00,0.78271,0.78277,0.78216,0.78262,0,0
2015-01-05,23:00:00,0.78257,0.78265,0.78223,0.78252,0,0
2015-01-05,23:59:00,0.78252,0.78271,0.78209,0.78235,0,0
2015-01-06,01:00:00,0.78229,0.7825,0.78227,0.78243,0,0
2015-01-06,02:00:00,0.78243,0.78253,0.78202,0.7824,0,0
2015-01-06,03:00:00,0.7824,0.78262,0.78229,0.78248,0,0
2015-01-06,04:00:00,0.78243,0.78279,0.78243,0.78265,0,0
2015-01-06,05:00:00,0.78265,0.78287,0.78255,0.78266,0,0
2015-01-06,06:00:00,0.78273,0.78315,0.78268,0.78306,0,0
2015-01-06,07:00:00,0.78306,0.78362,0.78295,0.78347,0,0
2015-01-06,08:00:00,0.78346,0.78378,0.78345,0.78378,0,0
2015-01-06,09:00:00,0.78378,0.78419,0.78346,0.78409,0,0
2015-01-06,10:00:00,0.78414,0.78424,0.78308,0.78357,0,0
2015-01-06,11:00:00,0.78357,0.78483,0.78305,0.78312,0,0
2015-01-06,12:00:00,0.78345,0.78468,0.78313,0.78347,0,0
2015-01-06,13:00:00,0.78344,0.784,0.78256,0.78282,0,0
2015-01-06,14:00:00,0.78282,0.78385,0.78229,0.78375,0,0
2015-01-06,15:00:00,0.78375,0.78464,0.7837,0.78443,0,0
2015-01-06,16:00:00,0.78446,0.78548,0.78387,0.78481,0,0
2015-01-06,17:00:00,0.78481,0.78574,0.78451,0.78569,0,0
2015-01-06,18:00:00,0.78573,0.78683,0.78567,0.78664,0,0
2015-01-06,19:00:00,0.78664,0.78745,0.78578,0.78578,0,0
2015-01-06,20:00:00,0.78578,0.78608,0.78554,0.78569,0,0
2015-01-06,21:00:00,0.78569,0.78615,0.78562,0.78572,0,0
2015-01-06,22:00:00,0.78562,0.78574,0.78479,0.78532,0,0
2015-01-06,23:00:00,0.78534,0.78534,0.78472,0.78472,0,0
2015-01-06,23:59:00,0.78476,0.78482,0.7829,0.78415,0,0
2015-01-07,01:00:00,0.78428,0.78476,0.78416,0.78444,0,0
2015-01-07,02:00:00,0.78444,0.78485,0.78427,0.78456,0,0
2015-01-07,03:00:00,0.78457,0.7848,0.78423,0.78427,0,0
2015-01-07,04:00:00,0.78424,0.78459,0.78408,0.78408,0,0
2015-01-07,05:00:00,0.78409,0.78426,0.784,0.78421,0,0
2015-01-07,06:00:00,0.78429,0.78452,0.78399,0.7845,0,0
2015-01-07,07:00:00,0.78448,0.7847,0.7844,0.78463,0,0
2015-01-07,08:00:00,0.78463,0.78473,0.78383,0.78425,0,0
2015-01-07,09:00:00,0.78422,0.78514,0.78393,0.78505,0,0
2015-01-07,10:00:00,0.78505,0.78505,0.78389,0.78459,0,0
2015-01-07,11:00:00,0.78459,0.78471,0.78384,0.78396,0,0
2015-01-07,12:00:00,0.78391,0.78538,0.78286,0.78291,0,0
2015-01-07,13:00:00,0.7829,0.78349,0.78156,0.78184,0,0
2015-01-07,14:00:00,0.78184,0.78289,0.78161,0.7824,0,0
2015-01-07,15:00:00,0.78244,0.78343,0.7819,0.78319,0,0
2015-01-07,16:00:00,0.78312,0.78369,0.78282,0.78363,0,0
2015-01-07,17:00:00,0.78349,0.78382,0.78297,0.78369,0,0
2015-01-07,18:00:00,0.78354,0.78439,0.78327,0.7842,0,0
2015-01-07,19:00:00,0.7842,0.78458,0.78398,0.78401,0,0
2015-01-07,20:00:00,0.78401,0.78432,0.78353,0.78386,0,0
2015-01-07,21:00:00,0.78378,0.78424,0.78309,0.78371,0,0
2015-01-07,22:00:00,0.78354,0.78378,0.78317,0.78321,0,0
2015-01-07,23:00:00,0.78325,0.7837,0.78322,0.78357,0,0
2015-01-07,23:59:00,0.78357,0.78367,0.78327,0.78334,0,0
2015-01-08,01:00:00,0.78342,0.78361,0.78327,0.78341,0,0
2015-01-08,02:00:00,0.7834,0.78386,0.78333,0.78361,0,0
2015-01-08,03:00:00,0.78378,0.78378,0.78325,0.78334,0,0
2015-01-08,04:00:00,0.78334,0.78367,0.78324,0.78339,0,0
2015-01-08,05:00:00,0.78339,0.78372,0.78318,0.78359,0,0
2015-01-08,06:00:00,0.78359,0.78398,0.78354,0.78373,0,0
2015-01-08,07:00:00,0.78375,0.78397,0.78342,0.78345,0,0
2015-01-08,08:00:00,0.78347,0.7837,0.78331,0.78339,0,0
2015-01-08,09:00:00,0.78338,0.78436,0.78308,0.7841,0,0
2015-01-08,10:00:00,0.78419,0.7854,0.78419,0.78484,0,0
2015-01-08,11:00:00,0.78431,0.78469,0.78275,0.7828,0,0
2015-01-08,12:00:00,0.78251,0.7826,0.781,0.78188,0,0
2015-01-08,13:00:00,0.78186,0.78186,0.78093,0.78132,0,0
2015-01-08,14:00:00,0.78152,0.78182,0.78061,0.7814,0,0
2015-01-08,15:00:00,0.78122,0.78179,0.78084,0.78179,0,0
2015-01-08,16:00:00,0.78185,0.7828,0.78162,0.7819,0,0
2015-01-08,17:00:00,0.78186,0.782,0.78073,0.782,0,0
2015-01-08,18:00:00,0.7819,0.7822,0.78095,0.78136,0,0
2015-01-08,19:00:00,0.78129,0.78197,0.78113,0.78165,0,0
2015-01-08,20:00:00,0.78177,0.78182,0.78108,0.78125,0,0
2015-01-08,21:00:00,0.78128,0.78155,0.78059,0.78144,0,0
2015-01-08,22:00:00,0.7813,0.78172,0.78121,0.78153,0,0
2015-01-08,23:00:00,0.78153,0.78189,0.78151,0.78158,0,0
2015-01-08,23:59:00,0.78158,0.78198,0.78158,0.78186,0,0
2015-01-09,01:00:00,0.78186,0.78192,0.78143,0.78167,0,0
2015-01-09,02:00:00,0.78167,0.7819,0.78134,0.7815,0,0
2015-01-09,03:00:00,0.7815,0.78217,0.78145,0.78203,0,0
2015-01-09,04:00:00,0.78205,0.78229,0.78196,0.78221,0,0
2015-01-09,05:00:00,0.78222,0.78226,0.78185,0.78203,0,0
2015-01-09,06:00:00,0.78203,0.78251,0.78203,0.78226,0,0
2015-01-09,07:00:00,0.78227,0.78244,0.78205,0.78228,0,0
2015-01-09,08:00:00,0.78228,0.78242,0.7816,0.78176,0,0
2015-01-09,09:00:00,0.78164,0.78176,0.78072,0.78121,0,0
2015-01-09,10:00:00,0.78123,0.78202,0.78067,0.78101,0,0
2015-01-09,11:00:00,0.78101,0.78124,0.7799,0.78091,0,0
2015-01-09,12:00:00,0.78094,0.7813,0.77944,0.77968,0,0
2015-01-09,13:00:00,0.77968,0.78043,0.77909,0.7795,0,0
2015-01-09,14:00:00,0.77953,0.78096,0.77953,0.78096,0,0
2015-01-09,15:00:00,0.78093,0.78093,0.77848,0.77958,0,0
2015-01-09,16:00:00,0.77959,0.78027,0.77926,0.77948,0,0
2015-01-09,17:00:00,0.77948,0.78121,0.77933,0.78121,0,0
2015-01-09,18:00:00,0.78124,0.78169,0.77936,0.78082,0,0
2015-01-09,19:00:00,0.78083,0.78175,0.7806,0.7813,0,0
2015-01-09,20:00:00,0.7813,0.78151,0.78076,0.78092,0,0
2015-01-09,21:00:00,0.78093,0.78111,0.78037,0.78083,0,0
2015-01-09,22:00:00,0.78083,0.7811,0.78078,0.78096,0,0
2015-01-09,23:00:00,0.78097,0.78097,0.78097,0.78097,0,0
