Date,Time,Open,High,Low,Close,Volume,OpenInt
2014-10-13,01:00:00,135.725,135.785,135.552,135.686,0,0
2014-10-13,02:00:00,135.688,135.771,135.604,135.666,0,0
2014-10-13,03:00:00,135.666,135.695,135.534,135.613,0,0
2014-10-13,04:00:00,135.613,135.954,135.576,135.948,0,0
2014-10-13,05:00:00,135.942,135.993,135.831,135.963,0,0
2014-10-13,06:00:00,135.969,136.009,135.919,135.991,0,0
2014-10-13,07:00:00,135.988,135.989,135.884,135.931,0,0
2014-10-13,08:00:00,135.931,135.957,135.883,135.927,0,0
2014-10-13,09:00:00,135.927,136.086,135.897,135.924,0,0
2014-10-13,10:00:00,135.92,136.021,135.87,135.981,0,0
2014-10-13,11:00:00,135.98,136.291,135.94,136.271,0,0
2014-10-13,12:00:00,136.272,136.272,136.018,136.117,0,0
2014-10-13,13:00:00,136.127,136.23,136.105,136.206,0,0
2014-10-13,14:00:00,136.2,136.223,136.043,136.067,0,0
2014-10-13,15:00:00,136.073,136.093,135.93,136.054,0,0
2014-10-13,16:00:00,136.053,136.293,135.999,136.11,0,0
2014-10-13,17:00:00,136.108,136.157,136.036,136.12,0,0
2014-10-13,18:00:00,136.109,136.255,136.044,136.207,0,0
2014-10-13,19:00:00,136.207,136.242,136.103,136.108,0,0
2014-10-13,20:00:00,136.1,136.138,135.998,136.079,0,0
2014-10-13,21:00:00,136.073,136.133,136.043,136.073,0,0
2014-10-13,22:00:00,136.071,136.08,135.875,135.886,0,0
2014-10-13,23:00:00,135.881,136.305,135.881,136.217,0,0
2014-10-13,23:59:00,136.204,136.373,136.147,136.305,0,0
2014-10-14,01:00:00,136.301,136.356,136.222,136.259,0,0
2014-10-14,02:00:00,136.257,136.339,136.188,136.191,0,0
2014-10-14,03:00:00,136.189,136.296,136.144,136.213,0,0
2014-10-14,04:00:00,136.215,136.481,136.192,136.454,0,0
2014-10-14,05:00:00,136.458,136.538,136.407,136.469,0,0
2014-10-14,06:00:00,136.469,136.486,136.281,136.379,0,0
2014-10-14,07:00:00,136.384,136.42,136.253,136.315,0,0
2014-10-14,08:00:00,136.319,136.378,136.208,136.272,0,0
2014-10-14,09:00:00,136.267,136.267,136.092,136.132,0,0
2014-10-14,10:00:00,136.121,136.184,136.005,136.177,0,0
2014-10-14,11:00:00,136.194,136.253,135.626,135.626,0,0
2014-10-14,12:00:00,135.629,135.651,135.093,135.108,0,0
2014-10-14,13:00:00,135.105,135.451,135.093,135.219,0,0
2014-10-14,14:00:00,135.218,135.245,135.028,135.2,0,0
2014-10-14,15:00:00,135.196,135.541,135.176,135.329,0,0
2014-10-14,16:00:00,135.329,135.55,135.327,135.414,0,0
2014-10-14,17:00:00,135.41,135.651,135.367,135.594,0,0
2014-10-14,18:00:00,135.598,135.69,135.575,135.649,0,0
2014-10-14,19:00:00,135.651,135.684,135.535,135.536,0,0
2014-10-14,20:00:00,135.532,135.569,135.459,135.493,0,0
2014-10-14,21:00:00,135.497,135.503,135.226,135.247,0,0
2014-10-14,22:00:00,135.245,135.42,135.152,135.42,0,0
2014-10-14,23:00:00,135.403,135.532,135.361,135.484,0,0
2014-10-14,23:59:00,135.483,135.62,135.42,135.606,0,0
2014-10-15,01:00:00,135.596,135.673,135.508,135.611,0,0
2014-10-15,02:00:00,135.609,135.676,135.548,135.657,0,0
2014-10-15,03:00:00,135.66,135.675,135.52,135.524,0,0
2014-10-15,04:00:00,135.517,135.524,135.235,135.339,0,0
2014-10-15,05:00:00,135.338,135.441,135.261,135.353,0,0
2014-10-15,06:00:00,135.358,135.576,135.341,135.524,0,0
2014-10-15,07:00:00,135.529,135.657,135.518,135.572,0,0
2014-10-15,08:00:00,135.575,135.696,135.534,135.63,0,0
2014-10-15,09:00:00,135.627,136.045,135.608,135.955,0,0
2014-10-15,10:00:00,135.967,136.021,135.599,135.61,0,0
2014-10-15,11:00:00,135.6,135.85,135.506,135.592,0,0
2014-10-15,12:00:00,135.585,135.784,135.488,135.711,0,0
2014-10-15,13:00:00,135.718,135.72,135.539,135.555,0,0
2014-10-15,14:00:00,135.545,135.563,135.333,135.485,0,0
2014-10-15,15:00:00,135.481,135.604,135.313,135.436,0,0
2014-10-15,16:00:00,135.439,135.896,135.381,135.716,0,0
2014-10-15,17:00:00,135.683,135.758,135.422,135.5,0,0
2014-10-15,18:00:00,135.508,135.661,135.399,135.533,0,0
2014-10-15,19:00:00,135.539,135.59,135.177,135.32,0,0
2014-10-15,20:00:00,135.336,135.465,135.126,135.288,0,0
2014-10-15,21:00:00,135.298,135.514,135.258,135.414,0,0
2014-10-15,22:00:00,135.422,136.034,135.406,135.873,0,0
2014-10-15,23:00:00,135.843,136.018,135.713,135.941,0,0
2014-10-15,23:59:00,135.93,135.997,135.794,135.906,0,0
2014-10-16,01:00:00,135.908,135.964,135.683,135.928,0,0
2014-10-16,02:00:00,135.919,135.981,135.773,135.892,0,0
2014-10-16,03:00:00,135.892,136.205,135.645,136.162,0,0
2014-10-16,04:00:00,136.154,136.154,135.912,136.02,0,0
2014-10-16,05:00:00,136.008,136.19,135.933,135.964,0,0
2014-10-16,06:00:00,135.956,136.066,135.939,135.98,0,0
2014-10-16,07:00:00,135.984,136.127,135.979,136.065,0,0
2014-10-16,08:00:00,136.07,136.093,135.972,135.998,0,0
2014-10-16,09:00:00,135.987,136.022,135.789,135.906,0,0
2014-10-16,10:00:00,135.916,135.948,135.448,135.504,0,0
2014-10-16,11:00:00,135.501,135.753,135.439,135.569,0,0
2014-10-16,12:00:00,135.562,135.661,134.891,134.891,0,0
2014-10-16,13:00:00,134.893,134.893,134.143,134.659,0,0
2014-10-16,14:00:00,134.652,134.948,134.488,134.801,0,0
2014-10-16,15:00:00,134.793,135.148,134.729,134.729,0,0
2014-10-16,16:00:00,134.72,135.17,134.72,135.137,0,0
2014-10-16,17:00:00,135.154,135.785,134.983,135.575,0,0
2014-10-16,18:00:00,135.575,135.952,135.467,135.762,0,0
2014-10-16,19:00:00,135.755,136.079,135.715,136.042,0,0
2014-10-16,20:00:00,136.045,136.275,135.962,135.97,0,0
2014-10-16,21:00:00,135.968,135.998,135.804,135.866,0,0
2014-10-16,22:00:00,135.877,136.195,135.814,136.195,0,0
2014-10-16,23:00:00,136.194,136.217,136.106,136.169,0,0
2014-10-16,23:59:00,136.135,136.185,136.04,136.069,0,0
2014-10-17,01:00:00,136.073,136.217,136.021,136.213,0,0
2014-10-17,02:00:00,136.217,136.403,136.189,136.286,0,0
2014-10-17,03:00:00,136.281,136.292,136.051,136.181,0,0
2014-10-17,04:00:00,136.181,136.306,136.125,136.16,0,0
2014-10-17,05:00:00,136.152,136.194,136.028,136.102,0,0
2014-10-17,06:00:00,136.102,136.112,135.798,135.837,0,0
2014-10-17,07:00:00,135.836,136.053,135.816,135.962,0,0
2014-10-17,08:00:00,135.97,136.024,135.873,136.012,0,0
2014-10-17,09:00:00,136.015,136.023,135.835,135.908,0,0
2014-10-17,10:00:00,135.91,136.115,135.745,136.052,0,0
2014-10-17,11:00:00,136.055,136.698,136.055,136.68,0,0
2014-10-17,12:00:00,136.668,136.688,136.315,136.439,0,0
2014-10-17,13:00:00,136.439,136.605,136.387,136.448,0,0
2014-10-17,14:00:00,136.429,136.66,136.429,136.532,0,0
2014-10-17,15:00:00,136.522,136.547,136.282,136.315,0,0
2014-10-17,16:00:00,136.303,136.341,136.036,136.095,0,0
2014-10-17,17:00:00,136.084,136.393,136.074,136.148,0,0
2014-10-17,18:00:00,136.147,136.262,136.055,136.114,0,0
2014-10-17,19:00:00,136.114,136.232,136.11,136.204,0,0
2014-10-17,20:00:00,136.214,136.297,136.209,136.28,0,0
2014-10-17,21:00:00,136.279,136.28,136.076,136.259,0,0
2014-10-17,22:00:00,136.254,136.466,136.213,136.415,0,0
2014-10-17,23:00:00,136.408,136.412,136.408,136.412,0,0
2014-10-20,01:00:00,136.567,136.607,136.46,136.54,0,0
2014-10-20,02:00:00,136.526,136.663,136.522,136.598,0,0
2014-10-20,03:00:00,136.597,136.657,136.532,136.614,0,0
2014-10-20,04:00:00,136.614,136.919,136.602,136.803,0,0
2014-10-20,05:00:00,136.793,136.871,136.734,136.835,0,0
2014-10-20,06:00:00,136.844,137.003,136.827,136.982,0,0
2014-10-20,07:00:00,136.981,136.996,136.868,136.936,0,0
2014-10-20,08:00:00,136.938,136.963,136.762,136.787,0,0
2014-10-20,09:00:00,136.791,136.833,136.563,136.598,0,0
2014-10-20,10:00:00,136.599,136.755,136.507,136.693,0,0
2014-10-20,11:00:00,136.694,136.694,136.513,136.519,0,0
2014-10-20,12:00:00,136.512,136.833,136.508,136.811,0,0
2014-10-20,13:00:00,136.818,136.832,136.592,136.638,0,0
2014-10-20,14:00:00,136.602,136.672,136.418,136.421,0,0
2014-10-20,15:00:00,136.43,136.679,136.43,136.536,0,0
2014-10-20,16:00:00,136.537,136.549,136.269,136.48,0,0
2014-10-20,17:00:00,136.49,136.628,136.359,136.6,0,0
2014-10-20,18:00:00,136.596,136.667,136.537,136.612,0,0
2014-10-20,19:00:00,136.605,136.686,136.556,136.659,0,0
2014-10-20,20:00:00,136.649,136.853,136.649,136.727,0,0
2014-10-20,21:00:00,136.726,136.84,136.708,136.838,0,0
2014-10-20,22:00:00,136.84,136.959,136.724,136.825,0,0
2014-10-20,23:00:00,136.826,136.892,136.794,136.882,0,0
2014-10-20,23:59:00,136.884,136.924,136.828,136.844,0,0
2014-10-21,01:00:00,136.844,136.892,136.769,136.808,0,0
2014-10-21,02:00:00,136.808,136.867,136.755,136.759,0,0
2014-10-21,03:00:00,136.763,136.77,136.587,136.632,0,0
2014-10-21,04:00:00,136.633,136.658,136.531,136.626,0,0
2014-10-21,05:00:00,136.645,136.744,136.602,136.648,0,0
2014-10-21,06:00:00,136.652,136.67,136.416,136.52,0,0
2014-10-21,07:00:00,136.52,136.56,136.315,136.341,0,0
2014-10-21,08:00:00,136.358,136.453,136.246,136.377,0,0
2014-10-21,09:00:00,136.376,136.457,136.275,136.336,0,0
2014-10-21,10:00:00,136.337,136.777,136.337,136.699,0,0
2014-10-21,11:00:00,136.688,136.709,136.575,136.663,0,0
2014-10-21,12:00:00,136.666,136.676,136.313,136.327,0,0
2014-10-21,13:00:00,136.32,136.454,136.302,136.328,0,0
2014-10-21,14:00:00,136.335,136.47,136.108,136.465,0,0
2014-10-21,15:00:00,136.455,136.46,136.058,136.086,0,0
2014-10-21,16:00:00,136.085,136.163,135.876,135.943,0,0
2014-10-21,17:00:00,135.946,135.952,135.774,135.813,0,0
2014-10-21,18:00:00,135.82,135.843,135.703,135.762,0,0
2014-10-21,19:00:00,135.765,135.832,135.689,135.777,0,0
2014-10-21,20:00:00,135.777,135.915,135.776,135.901,0,0
2014-10-21,21:00:00,135.895,135.995,135.895,135.96,0,0
2014-10-21,22:00:00,135.966,136.021,135.92,135.92,0,0
2014-10-21,23:00:00,135.909,136.062,135.909,136.038,0,0
2014-10-21,23:59:00,136.042,136.197,136.032,136.106,0,0
2014-10-22,01:00:00,136.098,136.138,135.999,136.029,0,0
2014-10-22,02:00:00,136.023,136.102,135.958,136.043,0,0
2014-10-22,03:00:00,136.038,136.111,135.975,136.034,0,0
2014-10-22,04:00:00,136.03,136.103,135.933,136.03,0,0
2014-10-22,05:00:00,136.023,136.034,135.972,135.985,0,0
2014-10-22,06:00:00,135.985,136.047,135.969,136.04,0,0
2014-10-22,07:00:00,136.04,136.108,135.999,136.093,0,0
2014-10-22,08:00:00,136.096,136.2,136.034,136.034,0,0
2014-10-22,09:00:00,136.042,136.168,136.016,136.095,0,0
2014-10-22,10:00:00,136.083,136.097,135.796,135.986,0,0
2014-10-22,11:00:00,135.987,135.996,135.496,135.593,0,0
2014-10-22,12:00:00,135.59,135.778,135.579,135.654,0,0
2014-10-22,13:00:00,135.65,135.847,135.65,135.783,0,0
2014-10-22,14:00:00,135.781,135.985,135.717,135.837,0,0
2014-10-22,15:00:00,135.846,135.94,135.716,135.854,0,0
2014-10-22,16:00:00,135.845,135.923,135.818,135.836,0,0
2014-10-22,17:00:00,135.839,135.847,135.645,135.801,0,0
2014-10-22,18:00:00,135.802,135.867,135.708,135.846,0,0
2014-10-22,19:00:00,135.833,135.909,135.768,135.835,0,0
2014-10-22,20:00:00,135.838,135.845,135.573,135.589,0,0
2014-10-22,21:00:00,135.592,135.635,135.484,135.55,0,0
2014-10-22,22:00:00,135.548,135.584,135.424,135.448,0,0
2014-10-22,23:00:00,135.448,135.507,135.429,135.498,0,0
2014-10-22,23:59:00,135.49,135.566,135.458,135.551,0,0
2014-10-23,01:00:00,135.544,135.599,135.496,135.538,0,0
2014-10-23,02:00:00,135.542,135.542,135.43,135.45,0,0
2014-10-23,03:00:00,135.451,135.54,135.426,135.461,0,0
2014-10-23,04:00:00,135.459,135.545,135.427,135.492,0,0
2014-10-23,05:00:00,135.49,135.598,135.476,135.568,0,0
2014-10-23,06:00:00,135.568,135.671,135.526,135.636,0,0
2014-10-23,07:00:00,135.636,135.67,135.494,135.545,0,0
2014-10-23,08:00:00,135.542,135.624,135.496,135.616,0,0
2014-10-23,09:00:00,135.615,135.64,135.516,135.581,0,0
2014-10-23,10:00:00,135.515,135.623,135.199,135.547,0,0
2014-10-23,11:00:00,135.55,136.276,135.55,136.135,0,0
2014-10-23,12:00:00,136.133,136.212,136.056,136.137,0,0
2014-10-23,13:00:00,136.129,136.22,136.094,136.103,0,0
2014-10-23,14:00:00,136.101,136.366,136.095,136.342,0,0
2014-10-23,15:00:00,136.351,136.563,136.299,136.552,0,0
2014-10-23,16:00:00,136.546,136.645,136.506,136.534,0,0
2014-10-23,17:00:00,136.531,136.809,136.524,136.761,0,0
2014-10-23,18:00:00,136.761,136.913,136.685,136.887,0,0
2014-10-23,19:00:00,136.887,136.994,136.807,136.824,0,0
2014-10-23,20:00:00,136.811,136.916,136.811,136.883,0,0
2014-10-23,21:00:00,136.883,136.948,136.825,136.865,0,0
2014-10-23,22:00:00,136.857,136.884,136.771,136.826,0,0
2014-10-23,23:00:00,136.826,136.961,136.795,136.894,0,0
2014-10-23,23:59:00,136.898,136.952,136.793,136.94,0,0
2014-10-24,01:00:00,136.94,136.94,136.846,136.864,0,0
2014-10-24,02:00:00,136.859,136.862,136.771,136.817,0,0
2014-10-24,03:00:00,136.811,136.819,136.55,136.696,0,0
2014-10-24,04:00:00,136.683,136.751,136.516,136.751,0,0
2014-10-24,05:00:00,136.741,136.788,136.616,136.647,0,0
2014-10-24,06:00:00,136.648,136.708,136.611,136.661,0,0
2014-10-24,07:00:00,136.661,136.686,136.615,136.631,0,0
2014-10-24,08:00:00,136.633,136.737,136.611,136.615,0,0
2014-10-24,09:00:00,136.62,136.742,136.589,136.704,0,0
2014-10-24,10:00:00,136.698,136.868,136.67,136.831,0,0
2014-10-24,11:00:00,136.828,136.958,136.701,136.884,0,0
2014-10-24,12:00:00,136.888,136.893,136.701,136.787,0,0
2014-10-24,13:00:00,136.781,136.867,136.731,136.838,0,0
2014-10-24,14:00:00,136.836,136.877,136.662,136.664,0,0
2014-10-24,15:00:00,136.668,136.949,136.498,136.942,0,0
2014-10-24,16:00:00,136.933,137.059,136.831,136.894,0,0
2014-10-24,17:00:00,136.891,137.031,136.787,137.031,0,0
2014-10-24,18:00:00,137.033,137.064,136.922,136.951,0,0
2014-10-24,19:00:00,136.951,136.972,136.788,136.816,0,0
2014-10-24,20:00:00,136.808,136.928,136.785,136.91,0,0
2014-10-24,21:00:00,136.91,136.92,136.852,136.872,0,0
2014-10-24,22:00:00,136.879,136.957,136.849,136.956,0,0
2014-10-24,23:00:00,136.946,136.947,136.946,136.947,0,0
2014-10-27,01:00:00,137.124,137.233,137.075,137.134,0,0
2014-10-27,02:00:00,137.125,137.13,136.938,136.991,0,0
2014-10-27,03:00:00,136.992,137.137,136.963,137.117,0,0
2014-10-27,04:00:00,137.117,137.159,136.984,137.125,0,0
2014-10-27,05:00:00,137.112,137.21,137.072,137.206,0,0
2014-10-27,06:00:00,137.224,137.246,137.123,137.184,0,0
2014-10-27,07:00:00,137.184,137.19,137.072,137.107,0,0
2014-10-27,08:00:00,137.096,137.159,137.028,137.061,0,0
2014-10-27,09:00:00,137.059,137.146,137.022,137.087,0,0
2014-10-27,10:00:00,137.09,137.096,136.874,136.932,0,0
2014-10-27,11:00:00,136.911,136.916,136.701,136.773,0,0
2014-10-27,12:00:00,136.774,136.775,136.608,136.615,0,0
2014-10-27,13:00:00,136.615,136.77,136.58,136.743,0,0
2014-10-27,14:00:00,136.739,136.821,136.716,136.777,0,0
2014-10-27,15:00:00,136.778,136.843,136.649,136.733,0,0
2014-10-27,16:00:00,136.749,137.016,136.697,136.969,0,0
2014-10-27,17:00:00,136.974,137.052,136.886,136.905,0,0
2014-10-27,18:00:00,136.908,136.998,136.785,136.846,0,0
2014-10-27,19:00:00,136.846,136.905,136.784,136.836,0,0
2014-10-27,20:00:00,136.855,136.905,136.822,136.845,0,0
2014-10-27,21:00:00,136.837,136.946,136.837,136.932,0,0
2014-10-27,22:00:00,136.93,136.939,136.845,136.892,0,0
2014-10-27,23:00:00,136.888,136.942,136.862,136.931,0,0
2014-10-27,23:59:00,136.928,136.952,136.867,136.892,0,0
2014-10-28,01:00:00,136.892,137.021,136.884,136.979,0,0
2014-10-28,02:00:00,136.98,137.18,136.96,137.171,0,0
2014-10-28,03:00:00,137.17,137.208,137.071,137.082,0,0
2014-10-28,04:00:00,137.094,137.097,137.005,137.01,0,0
2014-10-28,05:00:00,137.011,137.063,137,137.018,0,0
2014-10-28,06:00:00,137.008,137.053,136.967,137.026,0,0
2014-10-28,07:00:00,137.025,137.067,136.947,136.975,0,0
2014-10-28,08:00:00,136.982,137.017,136.898,136.957,0,0
2014-10-28,09:00:00,136.955,137.136,136.949,137.107,0,0
2014-10-28,10:00:00,137.091,137.222,137.065,137.069,0,0
2014-10-28,11:00:00,137.046,137.187,136.954,137.184,0,0
2014-10-28,12:00:00,137.197,137.242,137.115,137.202,0,0
2014-10-28,13:00:00,137.213,137.402,137.172,137.354,0,0
2014-10-28,14:00:00,137.351,137.488,137.201,137.433,0,0
2014-10-28,15:00:00,137.438,137.609,137.398,137.54,0,0
2014-10-28,16:00:00,137.526,137.625,137.481,137.61,0,0
2014-10-28,17:00:00,137.614,137.674,137.537,137.661,0,0
2014-10-28,18:00:00,137.657,137.785,137.64,137.726,0,0
2014-10-28,19:00:00,137.727,137.742,137.61,137.642,0,0
2014-10-28,20:00:00,137.638,137.717,137.595,137.662,0,0
2014-10-28,21:00:00,137.644,137.766,137.638,137.753,0,0
2014-10-28,22:00:00,137.754,137.77,137.679,137.72,0,0
2014-10-28,23:00:00,137.696,137.738,137.679,137.683,0,0
2014-10-28,23:59:00,137.683,137.693,137.636,137.679,0,0
2014-10-29,01:00:00,137.678,137.75,137.665,137.716,0,0
2014-10-29,02:00:00,137.715,137.771,137.66,137.737,0,0
2014-10-29,03:00:00,137.745,137.798,137.715,137.781,0,0
2014-10-29,04:00:00,137.776,137.798,137.717,137.726,0,0
2014-10-29,05:00:00,137.735,137.769,137.708,137.739,0,0
2014-10-29,06:00:00,137.743,137.743,137.683,137.704,0,0
2014-10-29,07:00:00,137.704,137.742,137.689,137.714,0,0
2014-10-29,08:00:00,137.717,137.74,137.595,137.595,0,0
2014-10-29,09:00:00,137.586,137.702,137.586,137.658,0,0
2014-10-29,10:00:00,137.656,137.665,137.413,137.424,0,0
2014-10-29,11:00:00,137.422,137.58,137.422,137.564,0,0
2014-10-29,12:00:00,137.562,137.744,137.535,137.691,0,0
2014-10-29,13:00:00,137.694,137.743,137.629,137.672,0,0
2014-10-29,14:00:00,137.669,137.773,137.64,137.718,0,0
2014-10-29,15:00:00,137.73,137.804,137.688,137.777,0,0
2014-10-29,16:00:00,137.767,137.922,137.757,137.877,0,0
2014-10-29,17:00:00,137.884,138.008,137.839,137.936,0,0
2014-10-29,18:00:00,137.95,138.01,137.856,137.943,0,0
2014-10-29,19:00:00,137.94,137.943,137.625,137.664,0,0
2014-10-29,20:00:00,137.643,137.721,137.412,137.554,0,0
2014-10-29,21:00:00,137.56,137.656,137.502,137.58,0,0
2014-10-29,22:00:00,137.584,137.675,137.533,137.533,0,0
2014-10-29,23:00:00,137.544,137.562,137.47,137.517,0,0
2014-10-29,23:59:00,137.503,137.536,137.445,137.489,0,0
2014-10-30,01:00:00,137.49,137.519,137.434,137.476,0,0
2014-10-30,02:00:00,137.474,137.624,137.474,137.571,0,0
2014-10-30,03:00:00,137.57,137.711,137.526,137.71,0,0
2014-10-30,04:00:00,137.709,137.717,137.55,137.587,0,0
2014-10-30,05:00:00,137.587,137.637,137.563,137.596,0,0
2014-10-30,06:00:00,137.597,137.613,137.454,137.49,0,0
2014-10-30,07:00:00,137.494,137.495,137.334,137.417,0,0
2014-10-30,08:00:00,137.42,137.513,137.405,137.489,0,0
2014-10-30,09:00:00,137.46,137.517,137.34,137.442,0,0
2014-10-30,10:00:00,137.442,137.46,137.222,137.238,0,0
2014-10-30,11:00:00,137.232,137.288,137.036,137.226,0,0
2014-10-30,12:00:00,137.242,137.315,137.196,137.233,0,0
2014-10-30,13:00:00,137.224,137.274,137.185,137.196,0,0
2014-10-30,14:00:00,137.194,137.344,137.147,137.231,0,0
2014-10-30,15:00:00,137.257,137.459,137.194,137.371,0,0
2014-10-30,16:00:00,137.375,137.508,137.342,137.508,0,0
2014-10-30,17:00:00,137.522,137.524,137.378,137.493,0,0
2014-10-30,18:00:00,137.503,137.569,137.444,137.468,0,0
2014-10-30,19:00:00,137.47,137.997,137.467,137.959,0,0
2014-10-30,20:00:00,137.96,138.054,137.841,137.891,0,0
2014-10-30,21:00:00,137.891,137.895,137.69,137.724,0,0
2014-10-30,22:00:00,137.73,137.777,137.689,137.739,0,0
2014-10-30,23:00:00,137.715,137.849,137.715,137.803,0,0
2014-10-30,23:59:00,137.803,137.937,137.803,137.827,0,0
2014-10-31,01:00:00,137.822,137.883,137.687,137.726,0,0
2014-10-31,02:00:00,137.718,137.788,137.667,137.756,0,0
2014-10-31,03:00:00,137.762,137.797,137.711,137.755,0,0
2014-10-31,04:00:00,137.755,137.841,137.744,137.799,0,0
2014-10-31,05:00:00,137.796,137.877,137.744,137.866,0,0
2014-10-31,06:00:00,137.868,138.816,137.754,138.671,0,0
2014-10-31,07:00:00,138.695,139.546,138.678,139.459,0,0
2014-10-31,08:00:00,139.309,139.76,139.203,139.613,0,0
2014-10-31,09:00:00,139.61,140.016,139.579,139.785,0,0
2014-10-31,10:00:00,139.785,140.181,139.629,140.181,0,0
2014-10-31,11:00:00,140.184,140.255,140.063,140.215,0,0
2014-10-31,12:00:00,140.297,140.645,140.186,140.542,0,0
2014-10-31,13:00:00,140.537,140.692,140.223,140.421,0,0
2014-10-31,14:00:00,140.395,140.546,140.144,140.188,0,0
2014-10-31,15:00:00,140.153,140.352,139.987,140.066,0,0
2014-10-31,16:00:00,140.08,140.608,140.014,140.426,0,0
2014-10-31,17:00:00,140.42,140.602,140.337,140.44,0,0
2014-10-31,18:00:00,140.431,140.494,140.268,140.395,0,0
2014-10-31,19:00:00,140.397,140.517,140.297,140.511,0,0
2014-10-31,20:00:00,140.509,140.67,140.492,140.66,0,0
2014-10-31,21:00:00,140.665,140.746,140.538,140.73,0,0
2014-10-31,22:00:00,140.725,140.79,140.635,140.663,0,0
2014-10-31,23:00:00,140.636,140.636,140.625,140.625,0,0
2014-11-03,01:00:00,141.28,141.318,141.041,141.06,0,0
2014-11-03,02:00:00,141.059,141.079,140.391,140.57,0,0
2014-11-03,03:00:00,140.582,140.647,140.375,140.503,0,0
2014-11-03,04:00:00,140.501,140.66,140.501,140.656,0,0
2014-11-03,05:00:00,140.656,140.747,140.631,140.706,0,0
2014-11-03,06:00:00,140.706,140.761,140.629,140.725,0,0
2014-11-03,07:00:00,140.722,140.754,140.681,140.694,0,0
2014-11-03,08:00:00,140.696,140.797,140.645,140.716,0,0
2014-11-03,09:00:00,140.714,140.912,140.692,140.873,0,0
2014-11-03,10:00:00,140.882,141.049,140.822,141.033,0,0
2014-11-03,11:00:00,141.035,141.117,140.905,141.064,0,0
2014-11-03,12:00:00,141.064,141.71,141.062,141.603,0,0
2014-11-03,13:00:00,141.601,142.098,141.485,142,0,0
2014-11-03,14:00:00,142.001,142.091,141.908,142.03,0,0
2014-11-03,15:00:00,142.03,142.314,141.974,142.297,0,0
2014-11-03,16:00:00,142.29,142.311,142.147,142.161,0,0
2014-11-03,17:00:00,142.163,142.552,142.064,142.552,0,0
2014-11-03,18:00:00,142.539,142.553,142.091,142.248,0,0
2014-11-03,19:00:00,142.244,142.307,142.161,142.247,0,0
2014-11-03,20:00:00,142.257,142.278,142.05,142.058,0,0
2014-11-03,21:00:00,142.057,142.087,141.95,142.082,0,0
2014-11-03,22:00:00,142.074,142.157,142.06,142.116,0,0
2014-11-03,23:00:00,142.116,142.355,142.116,142.327,0,0
2014-11-03,23:59:00,142.33,142.341,142.049,142.111,0,0
2014-11-04,01:00:00,142.098,142.146,141.972,142.038,0,0
2014-11-04,02:00:00,142.037,142.174,141.875,142.045,0,0
2014-11-04,03:00:00,142.042,142.06,141.824,141.981,0,0
2014-11-04,04:00:00,141.979,142.203,141.943,142.203,0,0
2014-11-04,05:00:00,142.204,142.307,142.093,142.254,0,0
2014-11-04,06:00:00,142.253,142.259,142.072,142.074,0,0
2014-11-04,07:00:00,142.08,142.188,141.945,141.965,0,0
2014-11-04,08:00:00,141.979,142.106,141.891,142.072,0,0
2014-11-04,09:00:00,142.079,142.154,141.975,142.028,0,0
2014-11-04,10:00:00,142.024,142.247,142.014,142.113,0,0
2014-11-04,11:00:00,142.101,142.185,141.695,141.833,0,0
2014-11-04,12:00:00,141.839,141.948,141.72,141.902,0,0
2014-11-04,13:00:00,141.905,141.953,141.803,141.882,0,0
2014-11-04,14:00:00,141.889,142.014,141.846,141.881,0,0
2014-11-04,15:00:00,141.881,142.074,141.821,142.016,0,0
2014-11-04,16:00:00,142.022,142.233,141.985,142.207,0,0
2014-11-04,17:00:00,142.221,142.52,142.163,142.41,0,0
2014-11-04,18:00:00,142.407,142.482,142.332,142.402,0,0
2014-11-04,19:00:00,142.397,142.523,142.376,142.411,0,0
2014-11-04,20:00:00,142.407,142.532,142.31,142.506,0,0
2014-11-04,21:00:00,142.506,142.603,142.468,142.603,0,0
2014-11-04,22:00:00,142.596,142.606,142.504,142.599,0,0
2014-11-04,23:00:00,142.597,142.597,142.482,142.488,0,0
2014-11-04,23:59:00,142.507,142.507,142.34,142.373,0,0
2014-11-05,01:00:00,142.388,142.54,142.386,142.479,0,0
2014-11-05,02:00:00,142.479,142.791,142.44,142.682,0,0
2014-11-05,03:00:00,142.675,142.675,142.532,142.615,0,0
2014-11-05,04:00:00,142.612,142.766,142.575,142.677,0,0
2014-11-05,05:00:00,142.679,142.845,142.66,142.827,0,0
2014-11-05,06:00:00,142.832,143.252,142.822,143.165,0,0
2014-11-05,07:00:00,143.17,143.424,143.065,143.371,0,0
2014-11-05,08:00:00,143.363,143.396,143.029,143.105,0,0
2014-11-05,09:00:00,143.109,143.44,143.09,143.213,0,0
2014-11-05,10:00:00,143.205,143.309,143.063,143.069,0,0
2014-11-05,11:00:00,143.075,143.177,142.876,142.978,0,0
2014-11-05,12:00:00,142.968,143.025,142.831,142.929,0,0
2014-11-05,13:00:00,142.932,143.03,142.854,142.903,0,0
2014-11-05,14:00:00,142.903,143.201,142.899,143.147,0,0
2014-11-05,15:00:00,143.147,143.302,143.05,143.296,0,0
2014-11-05,16:00:00,143.316,143.363,143.191,143.215,0,0
2014-11-05,17:00:00,143.205,143.264,142.902,142.978,0,0
2014-11-05,18:00:00,142.974,143.161,142.924,143.136,0,0
2014-11-05,19:00:00,143.133,143.226,142.983,143.202,0,0
2014-11-05,20:00:00,143.201,143.279,143.091,143.164,0,0
2014-11-05,21:00:00,143.163,143.169,143.051,143.142,0,0
2014-11-05,22:00:00,143.125,143.244,143.109,143.233,0,0
2014-11-05,23:00:00,143.236,143.26,143.129,143.136,0,0
2014-11-05,23:59:00,143.129,143.178,143.078,143.118,0,0
2014-11-06,01:00:00,143.106,143.122,143.024,143.056,0,0
2014-11-06,02:00:00,143.056,143.186,142.967,143.023,0,0
2014-11-06,03:00:00,142.998,143.551,142.99,143.5,0,0
2014-11-06,04:00:00,143.505,143.674,143.284,143.668,0,0
2014-11-06,05:00:00,143.665,144.189,143.665,143.927,0,0
2014-11-06,06:00:00,143.926,143.927,143.012,143.137,0,0
2014-11-06,07:00:00,143.139,143.326,142.914,143.114,0,0
2014-11-06,08:00:00,143.13,143.446,143.072,143.244,0,0
2014-11-06,09:00:00,143.227,143.312,143.02,143.138,0,0
2014-11-06,10:00:00,143.14,143.349,143.132,143.311,0,0
2014-11-06,11:00:00,143.303,143.361,143.203,143.302,0,0
2014-11-06,12:00:00,143.303,143.495,143.267,143.386,0,0
2014-11-06,13:00:00,143.39,143.585,143.359,143.527,0,0
2014-11-06,14:00:00,143.52,143.544,143.384,143.472,0,0
2014-11-06,15:00:00,143.471,143.557,142.48,142.637,0,0
2014-11-06,16:00:00,142.611,142.673,142.407,142.518,0,0
2014-11-06,17:00:00,142.511,142.651,142.182,142.651,0,0
2014-11-06,18:00:00,142.649,142.716,142.514,142.579,0,0
2014-11-06,19:00:00,142.582,142.586,142.429,142.435,0,0
2014-11-06,20:00:00,142.435,142.497,142.353,142.389,0,0
2014-11-06,21:00:00,142.389,142.432,142.317,142.368,0,0
2014-11-06,22:00:00,142.369,142.531,142.319,142.524,0,0
2014-11-06,23:00:00,142.518,142.553,142.445,142.533,0,0
2014-11-06,23:59:00,142.544,142.671,142.535,142.618,0,0
2014-11-07,01:00:00,142.604,142.754,142.515,142.583,0,0
2014-11-07,02:00:00,142.585,142.643,142.474,142.522,0,0
2014-11-07,03:00:00,142.524,142.761,142.495,142.646,0,0
2014-11-07,04:00:00,142.646,142.671,142.583,142.659,0,0
2014-11-07,05:00:00,142.659,142.708,142.607,142.706,0,0
2014-11-07,06:00:00,142.706,142.833,142.637,142.812,0,0
2014-11-07,07:00:00,142.809,142.857,142.671,142.75,0,0
2014-11-07,08:00:00,142.772,142.909,142.736,142.829,0,0
2014-11-07,09:00:00,142.836,142.876,142.703,142.752,0,0
2014-11-07,10:00:00,142.753,142.794,142.705,142.779,0,0
2014-11-07,11:00:00,142.775,142.876,142.71,142.799,0,0
2014-11-07,12:00:00,142.802,142.864,142.724,142.833,0,0
2014-11-07,13:00:00,142.827,142.86,142.737,142.792,0,0
2014-11-07,14:00:00,142.783,142.939,142.735,142.911,0,0
2014-11-07,15:00:00,142.902,142.993,142.414,142.632,0,0
2014-11-07,16:00:00,142.634,142.656,142.317,142.458,0,0
2014-11-07,17:00:00,142.493,142.738,142.38,142.706,0,0
2014-11-07,18:00:00,142.704,142.743,142.468,142.495,0,0
2014-11-07,19:00:00,142.504,142.62,142.44,142.575,0,0
2014-11-07,20:00:00,142.571,142.594,142.247,142.376,0,0
2014-11-07,21:00:00,142.377,142.498,142.349,142.498,0,0
2014-11-07,22:00:00,142.486,142.749,142.439,142.723,0,0
2014-11-07,23:00:00,142.715,142.715,142.715,142.715,0,0
2014-11-10,01:00:00,142.654,142.837,142.638,142.712,0,0
2014-11-10,02:00:00,142.688,142.708,142.384,142.473,0,0
2014-11-10,03:00:00,142.473,142.579,142.41,142.41,0,0
2014-11-10,04:00:00,142.451,142.54,142.349,142.534,0,0
2014-11-10,05:00:00,142.537,142.586,142.47,142.57,0,0
2014-11-10,06:00:00,142.573,142.632,142.447,142.467,0,0
2014-11-10,07:00:00,142.467,142.467,142.273,142.418,0,0
2014-11-10,08:00:00,142.418,142.457,142.313,142.419,0,0
2014-11-10,09:00:00,142.39,142.481,142.113,142.182,0,0
2014-11-10,10:00:00,142.201,142.382,142.152,142.284,0,0
2014-11-10,11:00:00,142.275,142.459,142.258,142.357,0,0
2014-11-10,12:00:00,142.357,142.636,142.347,142.598,0,0
2014-11-10,13:00:00,142.601,142.658,142.501,142.586,0,0
2014-11-10,14:00:00,142.594,142.627,142.498,142.569,0,0
2014-11-10,15:00:00,142.557,142.741,142.541,142.703,0,0
2014-11-10,16:00:00,142.703,142.725,142.608,142.647,0,0
2014-11-10,17:00:00,142.647,142.698,142.554,142.672,0,0
2014-11-10,18:00:00,142.654,142.718,142.598,142.61,0,0
2014-11-10,19:00:00,142.631,142.647,142.546,142.572,0,0
2014-11-10,20:00:00,142.573,142.664,142.559,142.659,0,0
2014-11-10,21:00:00,142.666,142.746,142.65,142.711,0,0
2014-11-10,22:00:00,142.728,142.728,142.624,142.636,0,0
2014-11-10,23:00:00,142.633,142.719,142.542,142.643,0,0
2014-11-10,23:59:00,142.573,142.673,142.573,142.668,0,0
2014-11-11,01:00:00,142.657,142.68,142.589,142.628,0,0
2014-11-11,02:00:00,142.635,142.857,142.621,142.656,0,0
2014-11-11,03:00:00,142.646,142.716,142.596,142.655,0,0
2014-11-11,04:00:00,142.641,142.761,142.641,142.713,0,0
2014-11-11,05:00:00,142.716,142.896,142.689,142.896,0,0
2014-11-11,06:00:00,142.895,143.214,142.85,143.143,0,0
2014-11-11,07:00:00,143.143,143.21,143.077,143.083,0,0
2014-11-11,08:00:00,143.089,143.345,143.034,143.32,0,0
2014-11-11,09:00:00,143.292,143.715,143.262,143.665,0,0
2014-11-11,10:00:00,143.658,143.818,143.598,143.701,0,0
2014-11-11,11:00:00,143.714,143.898,143.596,143.845,0,0
2014-11-11,12:00:00,143.813,143.974,143.808,143.906,0,0
2014-11-11,13:00:00,143.908,143.952,143.799,143.912,0,0
2014-11-11,14:00:00,143.883,143.985,143.856,143.88,0,0
2014-11-11,15:00:00,143.895,143.926,143.707,143.787,0,0
2014-11-11,16:00:00,143.826,143.839,143.693,143.715,0,0
2014-11-11,17:00:00,143.726,143.961,143.724,143.902,0,0
2014-11-11,18:00:00,143.909,144.09,143.814,143.896,0,0
2014-11-11,19:00:00,143.894,144.237,143.852,144.217,0,0
2014-11-11,20:00:00,144.198,144.318,144.168,144.168,0,0
2014-11-11,21:00:00,144.176,144.176,143.796,143.963,0,0
2014-11-11,22:00:00,143.948,144.058,143.881,144.048,0,0
2014-11-11,23:00:00,144.048,144.481,143.987,144.411,0,0
2014-11-11,23:59:00,144.405,144.672,144.336,144.47,0,0
2014-11-12,01:00:00,144.47,144.542,144.317,144.381,0,0
2014-11-12,02:00:00,144.389,144.389,144.18,144.252,0,0
2014-11-12,03:00:00,144.252,144.285,144.019,144.153,0,0
2014-11-12,04:00:00,144.15,144.23,143.749,143.919,0,0
2014-11-12,05:00:00,143.919,144.279,143.872,144.279,0,0
2014-11-12,06:00:00,144.279,144.422,144.082,144.115,0,0
2014-11-12,07:00:00,144.115,144.228,143.801,143.907,0,0
2014-11-12,08:00:00,143.903,144.031,143.679,144.005,0,0
2014-11-12,09:00:00,144.042,144.055,143.91,143.968,0,0
2014-11-12,10:00:00,144.002,144.062,143.667,143.724,0,0
2014-11-12,11:00:00,143.763,143.789,143.341,143.366,0,0
2014-11-12,12:00:00,143.378,143.694,143.378,143.647,0,0
2014-11-12,13:00:00,143.651,143.814,143.537,143.612,0,0
2014-11-12,14:00:00,143.615,143.779,143.613,143.65,0,0
2014-11-12,15:00:00,143.65,143.7,143.459,143.628,0,0
2014-11-12,16:00:00,143.644,143.65,143.436,143.482,0,0
2014-11-12,17:00:00,143.483,143.665,143.467,143.647,0,0
2014-11-12,18:00:00,143.656,143.797,143.576,143.77,0,0
2014-11-12,19:00:00,143.77,143.77,143.524,143.582,0,0
2014-11-12,20:00:00,143.593,143.733,143.555,143.727,0,0
2014-11-12,21:00:00,143.727,143.784,143.59,143.639,0,0
2014-11-12,22:00:00,143.626,143.751,143.597,143.746,0,0
2014-11-12,23:00:00,143.738,143.75,143.578,143.578,0,0
2014-11-12,23:59:00,143.578,143.718,143.574,143.633,0,0
2014-11-13,01:00:00,143.664,143.713,143.576,143.668,0,0
2014-11-13,02:00:00,143.675,143.726,143.556,143.694,0,0
2014-11-13,03:00:00,143.686,143.911,143.607,143.848,0,0
2014-11-13,04:00:00,143.837,143.859,143.679,143.776,0,0
2014-11-13,05:00:00,143.78,144.104,143.745,143.97,0,0
2014-11-13,06:00:00,143.971,144.032,143.902,143.963,0,0
2014-11-13,07:00:00,143.961,144.044,143.95,144.036,0,0
2014-11-13,08:00:00,144.037,144.143,144.005,144.053,0,0
2014-11-13,09:00:00,144.057,144.304,143.984,144.183,0,0
2014-11-13,10:00:00,144.175,144.221,143.948,144,0,0
2014-11-13,11:00:00,144,144.042,143.903,143.966,0,0
2014-11-13,12:00:00,143.971,144.129,143.888,144.009,0,0
2014-11-13,13:00:00,144.01,144.189,143.995,144.15,0,0
2014-11-13,14:00:00,144.139,144.151,143.948,143.958,0,0
2014-11-13,15:00:00,143.947,143.953,143.743,143.872,0,0
2014-11-13,16:00:00,143.861,144.163,143.844,144.157,0,0
2014-11-13,17:00:00,144.157,144.575,144.155,144.43,0,0
2014-11-13,18:00:00,144.416,144.426,144.206,144.248,0,0
2014-11-13,19:00:00,144.244,144.335,144.196,144.278,0,0
2014-11-13,20:00:00,144.291,144.344,144.166,144.326,0,0
2014-11-13,21:00:00,144.326,144.516,144.259,144.451,0,0
2014-11-13,22:00:00,144.451,144.497,144.391,144.452,0,0
2014-11-13,23:00:00,144.408,144.512,144.381,144.42,0,0
2014-11-13,23:59:00,144.42,144.496,144.378,144.403,0,0
2014-11-14,01:00:00,144.407,144.514,144.376,144.476,0,0
2014-11-14,02:00:00,144.476,144.822,144.405,144.726,0,0
2014-11-14,03:00:00,144.725,144.731,144.292,144.404,0,0
2014-11-14,04:00:00,144.405,144.505,144.302,144.499,0,0
2014-11-14,05:00:00,144.5,144.549,144.441,144.517,0,0
2014-11-14,06:00:00,144.517,144.517,144.351,144.368,0,0
2014-11-14,07:00:00,144.366,144.53,144.328,144.505,0,0
2014-11-14,08:00:00,144.528,144.595,144.456,144.535,0,0
2014-11-14,09:00:00,144.589,144.83,144.581,144.783,0,0
2014-11-14,10:00:00,144.77,144.98,144.644,144.946,0,0
2014-11-14,11:00:00,144.946,145.015,144.923,144.991,0,0
2014-11-14,12:00:00,144.995,145.045,144.88,144.984,0,0
2014-11-14,13:00:00,144.993,145.048,144.898,144.916,0,0
2014-11-14,14:00:00,144.92,144.958,144.84,144.906,0,0
2014-11-14,15:00:00,144.842,144.97,144.794,144.86,0,0
2014-11-14,16:00:00,144.869,144.898,144.78,144.795,0,0
2014-11-14,17:00:00,144.795,145.374,144.795,145.366,0,0
2014-11-14,18:00:00,145.341,145.605,145.3,145.555,0,0
2014-11-14,19:00:00,145.584,145.825,145.532,145.558,0,0
2014-11-14,20:00:00,145.589,145.632,145.505,145.564,0,0
2014-11-14,21:00:00,145.572,145.663,145.511,145.586,0,0
2014-11-14,22:00:00,145.579,145.708,145.57,145.643,0,0
2014-11-14,23:00:00,145.646,145.646,145.646,145.646,0,0
2014-11-17,01:00:00,145.948,146.516,145.893,146.354,0,0
2014-11-17,02:00:00,146.335,146.335,145.801,145.801,0,0
2014-11-17,03:00:00,145.798,145.798,145.46,145.606,0,0
2014-11-17,04:00:00,145.577,145.588,145.094,145.516,0,0
2014-11-17,05:00:00,145.504,145.587,145.331,145.458,0,0
2014-11-17,06:00:00,145.473,145.482,145.266,145.291,0,0
2014-11-17,07:00:00,145.295,145.302,144.878,145.033,0,0
2014-11-17,08:00:00,145.033,145.171,145.003,145.013,0,0
2014-11-17,09:00:00,145.003,145.331,145,145.296,0,0
2014-11-17,10:00:00,145.29,145.447,145.239,145.34,0,0
2014-11-17,11:00:00,145.348,145.348,144.78,144.973,0,0
2014-11-17,12:00:00,144.999,145.274,144.982,145.26,0,0
2014-11-17,13:00:00,145.26,145.388,145.185,145.286,0,0
2014-11-17,14:00:00,145.276,145.36,145.21,145.251,0,0
2014-11-17,15:00:00,145.251,145.384,145.162,145.331,0,0
2014-11-17,16:00:00,145.331,145.342,145.051,145.164,0,0
2014-11-17,17:00:00,145.121,145.136,145.017,145.027,0,0
2014-11-17,18:00:00,145.045,145.063,144.875,144.94,0,0
2014-11-17,19:00:00,144.94,145.063,144.918,145.02,0,0
2014-11-17,20:00:00,145.007,145.063,144.972,145.04,0,0
2014-11-17,21:00:00,145.04,145.119,145.023,145.028,0,0
2014-11-17,22:00:00,145.028,145.078,144.958,144.963,0,0
2014-11-17,23:00:00,144.975,145.218,144.975,145.217,0,0
2014-11-17,23:59:00,145.217,145.293,145.135,145.227,0,0
2014-11-18,01:00:00,145.219,145.333,145.185,145.196,0,0
2014-11-18,02:00:00,145.196,145.489,145.196,145.276,0,0
2014-11-18,03:00:00,145.275,145.404,145.211,145.342,0,0
2014-11-18,04:00:00,145.342,145.35,145.237,145.329,0,0
2014-11-18,05:00:00,145.329,145.485,145.326,145.458,0,0
2014-11-18,06:00:00,145.455,145.498,145.339,145.384,0,0
2014-11-18,07:00:00,145.402,145.443,145.344,145.417,0,0
2014-11-18,08:00:00,145.416,145.567,145.409,145.49,0,0
2014-11-18,09:00:00,145.49,145.735,145.443,145.725,0,0
2014-11-18,10:00:00,145.723,145.842,145.606,145.75,0,0
2014-11-18,11:00:00,145.744,146.402,145.744,146.308,0,0
2014-11-18,12:00:00,146.308,146.665,145.754,146.014,0,0
2014-11-18,13:00:00,146.024,146.148,145.972,145.995,0,0
2014-11-18,14:00:00,146.01,146.055,145.835,145.835,0,0
2014-11-18,15:00:00,145.844,145.946,145.749,145.898,0,0
2014-11-18,16:00:00,145.901,146.009,145.864,145.871,0,0
2014-11-18,17:00:00,145.873,146.146,145.839,146.146,0,0
2014-11-18,18:00:00,146.153,146.445,146.124,146.329,0,0
2014-11-18,19:00:00,146.334,146.402,146.234,146.347,0,0
2014-11-18,20:00:00,146.347,146.458,146.347,146.411,0,0
2014-11-18,21:00:00,146.407,146.505,146.356,146.479,0,0
2014-11-18,22:00:00,146.498,146.627,146.497,146.561,0,0
2014-11-18,23:00:00,146.561,146.574,146.434,146.461,0,0
2014-11-18,23:59:00,146.461,146.574,146.4,146.509,0,0
2014-11-19,01:00:00,146.512,146.569,146.426,146.477,0,0
2014-11-19,02:00:00,146.469,146.775,146.409,146.483,0,0
2014-11-19,03:00:00,146.515,146.673,146.384,146.673,0,0
2014-11-19,04:00:00,146.674,146.7,146.624,146.675,0,0
2014-11-19,05:00:00,146.675,146.783,146.601,146.718,0,0
2014-11-19,06:00:00,146.719,146.93,146.712,146.905,0,0
2014-11-19,07:00:00,146.896,146.916,146.79,146.888,0,0
2014-11-19,08:00:00,146.904,146.989,146.817,146.826,0,0
2014-11-19,09:00:00,146.871,147.097,146.789,147.095,0,0
2014-11-19,10:00:00,147.095,147.275,147.006,147.275,0,0
2014-11-19,11:00:00,147.279,147.333,147.158,147.275,0,0
2014-11-19,12:00:00,147.275,147.511,147.22,147.406,0,0
2014-11-19,13:00:00,147.409,147.53,147.357,147.442,0,0
2014-11-19,14:00:00,147.442,147.467,147.358,147.391,0,0
2014-11-19,15:00:00,147.392,147.758,147.372,147.714,0,0
2014-11-19,16:00:00,147.714,147.745,147.561,147.566,0,0
2014-11-19,17:00:00,147.572,147.627,147.473,147.587,0,0
2014-11-19,18:00:00,147.586,147.744,147.538,147.694,0,0
2014-11-19,19:00:00,147.685,147.781,147.685,147.759,0,0
2014-11-19,20:00:00,147.767,147.84,147.7,147.808,0,0
2014-11-19,21:00:00,147.929,148.081,147.746,147.86,0,0
2014-11-19,22:00:00,147.861,148.037,147.83,147.978,0,0
2014-11-19,23:00:00,147.979,148.11,147.953,148.069,0,0
2014-11-19,23:59:00,148.069,148.257,147.969,148.239,0,0
2014-11-20,01:00:00,148.239,148.332,148.125,148.137,0,0
2014-11-20,02:00:00,148.158,148.189,148.003,148.118,0,0
2014-11-20,03:00:00,148.123,148.191,148.08,148.109,0,0
2014-11-20,04:00:00,148.126,148.199,148.04,148.193,0,0
2014-11-20,05:00:00,148.193,148.463,148.193,148.463,0,0
2014-11-20,06:00:00,148.462,148.67,148.422,148.644,0,0
2014-11-20,07:00:00,148.629,148.922,148.626,148.851,0,0
2014-11-20,08:00:00,148.851,148.851,148.658,148.748,0,0
2014-11-20,09:00:00,148.752,149.117,148.637,148.672,0,0
2014-11-20,10:00:00,148.626,148.885,148.337,148.456,0,0
2014-11-20,11:00:00,148.459,148.556,148.179,148.269,0,0
2014-11-20,12:00:00,148.285,148.289,148.073,148.158,0,0
2014-11-20,13:00:00,148.158,148.172,147.903,148.088,0,0
2014-11-20,14:00:00,148.07,148.294,148.067,148.228,0,0
2014-11-20,15:00:00,148.228,148.292,147.986,148.039,0,0
2014-11-20,16:00:00,148.039,148.214,147.925,148.132,0,0
2014-11-20,17:00:00,148.132,148.203,147.946,148.137,0,0
2014-11-20,18:00:00,148.137,148.138,147.961,147.961,0,0
2014-11-20,19:00:00,147.982,148.089,147.877,148.057,0,0
2014-11-20,20:00:00,148.052,148.114,147.913,147.98,0,0
2014-11-20,21:00:00,147.98,148.126,147.977,148.014,0,0
2014-11-20,22:00:00,148.014,148.058,147.968,148.033,0,0
2014-11-20,23:00:00,148.024,148.266,148.021,148.236,0,0
2014-11-20,23:59:00,148.209,148.352,148.104,148.305,0,0
2014-11-21,01:00:00,148.305,148.413,148.26,148.312,0,0
2014-11-21,02:00:00,148.31,148.313,148.076,148.191,0,0
2014-11-21,03:00:00,148.193,148.204,147.518,147.639,0,0
2014-11-21,04:00:00,147.653,147.806,147.464,147.769,0,0
2014-11-21,05:00:00,147.762,147.976,147.748,147.76,0,0
2014-11-21,06:00:00,147.756,147.905,147.658,147.866,0,0
2014-11-21,07:00:00,147.881,148.012,147.794,147.872,0,0
2014-11-21,08:00:00,147.885,147.987,147.722,147.774,0,0
2014-11-21,09:00:00,147.76,147.824,147.468,147.471,0,0
2014-11-21,10:00:00,147.471,147.652,147.098,147.1,0,0
2014-11-21,11:00:00,147.065,147.145,146.43,146.458,0,0
2014-11-21,12:00:00,146.458,146.689,146.297,146.616,0,0
2014-11-21,13:00:00,146.616,146.664,146.386,146.611,0,0
2014-11-21,14:00:00,146.611,146.699,146.392,146.578,0,0
2014-11-21,15:00:00,146.578,146.758,146.401,146.711,0,0
2014-11-21,16:00:00,146.711,146.711,146.198,146.359,0,0
2014-11-21,17:00:00,146.437,146.495,145.738,145.894,0,0
2014-11-21,18:00:00,145.893,145.915,145.644,145.879,0,0
2014-11-21,19:00:00,145.872,145.878,145.744,145.851,0,0
2014-11-21,20:00:00,145.851,145.951,145.779,145.847,0,0
2014-11-21,21:00:00,145.847,145.943,145.76,145.86,0,0
2014-11-21,22:00:00,145.856,145.875,145.751,145.84,0,0
2014-11-21,23:00:00,145.842,145.842,145.817,145.817,0,0
2014-11-24,01:00:00,145.787,145.871,145.633,145.685,0,0
2014-11-24,02:00:00,145.68,145.699,145.549,145.649,0,0
2014-11-24,03:00:00,145.644,145.758,145.595,145.742,0,0
2014-11-24,04:00:00,145.754,145.891,145.711,145.848,0,0
2014-11-24,05:00:00,145.838,146.047,145.789,146.017,0,0
2014-11-24,06:00:00,146.017,146.156,146.008,146.122,0,0
2014-11-24,07:00:00,146.122,146.217,146.066,146.203,0,0
2014-11-24,08:00:00,146.203,146.259,146.004,146.008,0,0
2014-11-24,09:00:00,146.009,146.197,146.009,146.151,0,0
2014-11-24,10:00:00,146.152,146.403,146.062,146.348,0,0
2014-11-24,11:00:00,146.373,146.747,146.371,146.576,0,0
2014-11-24,12:00:00,146.566,146.688,146.522,146.656,0,0
2014-11-24,13:00:00,146.656,146.781,146.618,146.741,0,0
2014-11-24,14:00:00,146.742,146.8,146.619,146.744,0,0
2014-11-24,15:00:00,146.742,146.893,146.642,146.852,0,0
2014-11-24,16:00:00,146.85,147.084,146.749,147.041,0,0
2014-11-24,17:00:00,147.033,147.27,146.984,147.188,0,0
2014-11-24,18:00:00,147.205,147.288,147.081,147.084,0,0
2014-11-24,19:00:00,147.084,147.178,147.067,147.11,0,0
2014-11-24,20:00:00,147.11,147.166,147.084,147.133,0,0
2014-11-24,21:00:00,147.134,147.183,147.015,147.05,0,0
2014-11-24,22:00:00,147.053,147.132,147.042,147.091,0,0
2014-11-24,23:00:00,147.095,147.116,147.045,147.111,0,0
2014-11-24,23:59:00,147.124,147.204,147.096,147.126,0,0
2014-11-25,01:00:00,147.082,147.356,147.08,147.249,0,0
2014-11-25,02:00:00,147.249,147.249,146.661,146.765,0,0
2014-11-25,03:00:00,146.754,146.812,146.409,146.809,0,0
2014-11-25,04:00:00,146.816,146.85,146.55,146.567,0,0
2014-11-25,05:00:00,146.574,146.583,146.357,146.368,0,0
2014-11-25,06:00:00,146.372,146.604,146.353,146.461,0,0
2014-11-25,07:00:00,146.463,146.479,146.368,146.41,0,0
2014-11-25,08:00:00,146.418,146.595,146.415,146.438,0,0
2014-11-25,09:00:00,146.439,146.556,146.261,146.473,0,0
2014-11-25,10:00:00,146.469,146.788,146.427,146.736,0,0
2014-11-25,11:00:00,146.742,146.905,146.704,146.868,0,0
2014-11-25,12:00:00,146.868,146.981,146.817,146.957,0,0
2014-11-25,13:00:00,146.952,146.958,146.683,146.731,0,0
2014-11-25,14:00:00,146.741,146.742,146.573,146.635,0,0
2014-11-25,15:00:00,146.639,146.719,146.566,146.642,0,0
2014-11-25,16:00:00,146.637,146.953,146.63,146.93,0,0
2014-11-25,17:00:00,146.882,147.119,146.858,147.104,0,0
2014-11-25,18:00:00,147.111,147.167,147.019,147.105,0,0
2014-11-25,19:00:00,147.118,147.122,146.916,146.916,0,0
2014-11-25,20:00:00,146.895,147.02,146.883,146.951,0,0
2014-11-25,21:00:00,146.936,147.047,146.899,147.016,0,0
2014-11-25,22:00:00,147.021,147.134,147.011,147.123,0,0
2014-11-25,23:00:00,147.128,147.15,147.085,147.129,0,0
2014-11-25,23:59:00,147.122,147.144,146.972,147.031,0,0
2014-11-26,01:00:00,147.048,147.062,146.927,146.977,0,0
2014-11-26,02:00:00,146.98,147.055,146.894,147.018,0,0
2014-11-26,03:00:00,147.006,147.006,146.816,146.837,0,0
2014-11-26,04:00:00,146.837,146.946,146.808,146.881,0,0
2014-11-26,05:00:00,146.879,146.941,146.865,146.939,0,0
2014-11-26,06:00:00,146.939,146.954,146.886,146.928,0,0
2014-11-26,07:00:00,146.93,146.93,146.844,146.879,0,0
2014-11-26,08:00:00,146.882,146.92,146.809,146.858,0,0
2014-11-26,09:00:00,146.852,146.895,146.589,146.778,0,0
2014-11-26,10:00:00,146.769,147.23,146.758,146.942,0,0
2014-11-26,11:00:00,146.938,146.981,146.65,146.737,0,0
2014-11-26,12:00:00,146.728,146.746,146.513,146.699,0,0
2014-11-26,13:00:00,146.682,146.687,146.46,146.603,0,0
2014-11-26,14:00:00,146.593,146.929,146.585,146.907,0,0
2014-11-26,15:00:00,146.906,147.071,146.794,146.976,0,0
2014-11-26,16:00:00,146.976,147.053,146.924,146.992,0,0
2014-11-26,17:00:00,146.991,147.258,146.932,147.223,0,0
2014-11-26,18:00:00,147.216,147.237,146.913,146.987,0,0
2014-11-26,19:00:00,146.986,147.151,146.983,147.118,0,0
2014-11-26,20:00:00,147.101,147.377,147.101,147.353,0,0
2014-11-26,21:00:00,147.348,147.381,147.255,147.263,0,0
2014-11-26,22:00:00,147.267,147.272,147.19,147.207,0,0
2014-11-26,23:00:00,147.233,147.249,147.146,147.22,0,0
2014-11-26,23:59:00,147.202,147.236,146.997,147.012,0,0
2014-11-27,01:00:00,147.04,147.12,147.02,147.037,0,0
2014-11-27,02:00:00,147.039,147.128,146.842,146.855,0,0
2014-11-27,03:00:00,146.856,146.951,146.815,146.855,0,0
2014-11-27,04:00:00,146.858,146.974,146.848,146.935,0,0
2014-11-27,05:00:00,146.93,146.965,146.706,146.751,0,0
2014-11-27,06:00:00,146.774,146.861,146.664,146.709,0,0
2014-11-27,07:00:00,146.709,146.782,146.651,146.669,0,0
2014-11-27,08:00:00,146.669,146.854,146.595,146.82,0,0
2014-11-27,09:00:00,146.818,146.939,146.704,146.791,0,0
2014-11-27,10:00:00,146.791,146.791,146.467,146.635,0,0
2014-11-27,11:00:00,146.631,146.631,146.389,146.389,0,0
2014-11-27,12:00:00,146.391,146.587,146.391,146.532,0,0
2014-11-27,13:00:00,146.532,146.635,146.498,146.589,0,0
2014-11-27,14:00:00,146.587,146.689,146.559,146.689,0,0
2014-11-27,15:00:00,146.69,146.773,146.581,146.667,0,0
2014-11-27,16:00:00,146.669,146.91,146.666,146.887,0,0
2014-11-27,17:00:00,146.904,147.104,146.904,147.012,0,0
2014-11-27,18:00:00,147.023,147.054,146.81,146.815,0,0
2014-11-27,19:00:00,146.822,146.904,146.81,146.83,0,0
2014-11-27,20:00:00,146.824,146.863,146.73,146.811,0,0
2014-11-27,21:00:00,146.804,146.892,146.801,146.873,0,0
2014-11-27,22:00:00,146.871,146.878,146.682,146.722,0,0
2014-11-27,23:00:00,146.717,146.788,146.698,146.703,0,0
2014-11-27,23:59:00,146.738,147.002,146.727,146.828,0,0
2014-11-28,01:00:00,146.836,146.954,146.773,146.846,0,0
2014-11-28,02:00:00,146.832,147.183,146.787,147.172,0,0
2014-11-28,03:00:00,147.175,147.241,147.117,147.197,0,0
2014-11-28,04:00:00,147.2,147.252,147.156,147.19,0,0
2014-11-28,05:00:00,147.201,147.251,147.183,147.229,0,0
2014-11-28,06:00:00,147.218,147.265,147.182,147.191,0,0
2014-11-28,07:00:00,147.191,147.216,147.095,147.121,0,0
2014-11-28,08:00:00,147.12,147.146,146.994,147.08,0,0
2014-11-28,09:00:00,147.076,147.225,147.006,147.032,0,0
2014-11-28,10:00:00,147.032,147.051,146.849,146.925,0,0
2014-11-28,11:00:00,146.93,147.025,146.854,146.887,0,0
2014-11-28,12:00:00,146.894,147.2,146.894,147.113,0,0
2014-11-28,13:00:00,147.112,147.544,147.083,147.456,0,0
2014-11-28,14:00:00,147.448,147.632,147.448,147.587,0,0
2014-11-28,15:00:00,147.584,147.832,147.576,147.806,0,0
2014-11-28,16:00:00,147.804,147.838,147.615,147.649,0,0
2014-11-28,17:00:00,147.665,147.929,147.614,147.921,0,0
2014-11-28,18:00:00,147.904,147.916,147.543,147.612,0,0
2014-11-28,19:00:00,147.606,147.616,147.512,147.577,0,0
2014-11-28,20:00:00,147.577,147.645,147.467,147.609,0,0
2014-11-28,21:00:00,147.61,147.734,147.601,147.726,0,0
2014-11-28,22:00:00,147.724,147.751,147.576,147.576,0,0
2014-11-28,23:00:00,147.573,147.648,147.573,147.648,0,0
2014-12-01,01:00:00,147.868,147.869,147.709,147.778,0,0
2014-12-01,02:00:00,147.77,147.866,147.714,147.833,0,0
2014-12-01,03:00:00,147.83,147.986,147.821,147.849,0,0
2014-12-01,04:00:00,147.851,147.986,147.803,147.939,0,0
2014-12-01,05:00:00,147.942,148.058,147.901,148.058,0,0
2014-12-01,06:00:00,148.055,148.064,147.978,148.016,0,0
2014-12-01,07:00:00,148.018,148.032,147.914,147.948,0,0
2014-12-01,08:00:00,147.957,148.018,147.926,147.951,0,0
2014-12-01,09:00:00,147.936,147.936,147.444,147.468,0,0
2014-12-01,10:00:00,147.446,148.111,147.284,147.322,0,0
2014-12-01,11:00:00,147.345,147.556,147.053,147.438,0,0
2014-12-01,12:00:00,147.442,147.66,147.399,147.632,0,0
2014-12-01,13:00:00,147.636,147.749,147.547,147.572,0,0
2014-12-01,14:00:00,147.569,147.646,147.508,147.537,0,0
2014-12-01,15:00:00,147.539,147.654,147.486,147.597,0,0
2014-12-01,16:00:00,147.595,147.634,147.331,147.349,0,0
2014-12-01,17:00:00,147.38,147.586,147.285,147.578,0,0
2014-12-01,18:00:00,147.566,147.651,147.502,147.511,0,0
2014-12-01,19:00:00,147.524,147.695,147.44,147.685,0,0
2014-12-01,20:00:00,147.691,147.726,147.544,147.597,0,0
2014-12-01,21:00:00,147.595,147.613,147.486,147.542,0,0
2014-12-01,22:00:00,147.542,147.616,147.522,147.522,0,0
2014-12-01,23:00:00,147.537,147.616,147.52,147.597,0,0
2014-12-01,23:59:00,147.591,147.616,147.471,147.481,0,0
2014-12-02,01:00:00,147.501,147.554,147.463,147.503,0,0
2014-12-02,02:00:00,147.504,147.632,147.415,147.589,0,0
2014-12-02,03:00:00,147.598,147.609,147.535,147.557,0,0
2014-12-02,04:00:00,147.558,147.644,147.521,147.604,0,0
2014-12-02,05:00:00,147.604,147.67,147.561,147.579,0,0
2014-12-02,06:00:00,147.577,147.645,147.524,147.618,0,0
2014-12-02,07:00:00,147.624,147.689,147.581,147.596,0,0
2014-12-02,08:00:00,147.598,147.762,147.533,147.75,0,0
2014-12-02,09:00:00,147.74,147.95,147.69,147.942,0,0
2014-12-02,10:00:00,147.935,147.958,147.711,147.73,0,0
2014-12-02,11:00:00,147.733,147.916,147.725,147.861,0,0
2014-12-02,12:00:00,147.862,147.916,147.73,147.751,0,0
2014-12-02,13:00:00,147.76,148.073,147.757,147.966,0,0
2014-12-02,14:00:00,147.957,148.132,147.834,148.066,0,0
2014-12-02,15:00:00,148.064,148.148,147.886,147.955,0,0
2014-12-02,16:00:00,147.942,147.97,147.835,147.867,0,0
2014-12-02,17:00:00,147.865,147.933,147.68,147.699,0,0
2014-12-02,18:00:00,147.692,147.718,147.526,147.535,0,0
2014-12-02,19:00:00,147.527,147.697,147.503,147.633,0,0
2014-12-02,20:00:00,147.631,147.671,147.505,147.577,0,0
2014-12-02,21:00:00,147.57,147.609,147.535,147.571,0,0
2014-12-02,22:00:00,147.568,147.62,147.547,147.588,0,0
2014-12-02,23:00:00,147.577,147.619,147.556,147.581,0,0
2014-12-02,23:59:00,147.583,147.65,147.568,147.602,0,0
2014-12-03,01:00:00,147.595,147.642,147.564,147.61,0,0
2014-12-03,02:00:00,147.612,147.771,147.54,147.718,0,0
2014-12-03,03:00:00,147.718,147.872,147.706,147.79,0,0
2014-12-03,04:00:00,147.789,147.857,147.758,147.846,0,0
2014-12-03,05:00:00,147.836,147.863,147.752,147.77,0,0
2014-12-03,06:00:00,147.77,147.78,147.572,147.608,0,0
2014-12-03,07:00:00,147.611,147.613,147.464,147.512,0,0
2014-12-03,08:00:00,147.462,147.597,147.432,147.56,0,0
2014-12-03,09:00:00,147.569,147.599,147.432,147.497,0,0
2014-12-03,10:00:00,147.501,147.532,147.036,147.058,0,0
2014-12-03,11:00:00,147.052,147.216,147.04,147.176,0,0
2014-12-03,12:00:00,147.167,147.387,147.093,147.188,0,0
2014-12-03,13:00:00,147.181,147.285,147.117,147.15,0,0
2014-12-03,14:00:00,147.156,147.3,147.128,147.208,0,0
2014-12-03,15:00:00,147.207,147.241,147.039,147.075,0,0
2014-12-03,16:00:00,147.071,147.39,146.993,147.39,0,0
2014-12-03,17:00:00,147.368,147.495,147.235,147.398,0,0
2014-12-03,18:00:00,147.372,147.471,147.228,147.391,0,0
2014-12-03,19:00:00,147.391,147.449,147.338,147.384,0,0
2014-12-03,20:00:00,147.389,147.438,147.339,147.424,0,0
2014-12-03,21:00:00,147.423,147.469,147.369,147.454,0,0
2014-12-03,22:00:00,147.453,147.529,147.414,147.432,0,0
2014-12-03,23:00:00,147.442,147.478,147.395,147.434,0,0
2014-12-03,23:59:00,147.432,147.464,147.369,147.439,0,0
2014-12-04,01:00:00,147.44,147.588,147.432,147.561,0,0
2014-12-04,02:00:00,147.556,147.609,147.459,147.553,0,0
2014-12-04,03:00:00,147.538,147.573,147.421,147.526,0,0
2014-12-04,04:00:00,147.519,147.607,147.497,147.596,0,0
2014-12-04,05:00:00,147.599,147.606,147.528,147.533,0,0
2014-12-04,06:00:00,147.535,147.56,147.499,147.5,0,0
2014-12-04,07:00:00,147.497,147.539,147.449,147.526,0,0
2014-12-04,08:00:00,147.506,147.542,147.44,147.508,0,0
2014-12-04,09:00:00,147.509,147.548,147.449,147.489,0,0
2014-12-04,10:00:00,147.487,147.71,147.481,147.671,0,0
2014-12-04,11:00:00,147.67,147.78,147.644,147.662,0,0
2014-12-04,12:00:00,147.657,147.726,147.61,147.645,0,0
2014-12-04,13:00:00,147.649,147.734,147.536,147.556,0,0
2014-12-04,14:00:00,147.551,147.705,147.523,147.548,0,0
2014-12-04,15:00:00,147.547,148.533,147.255,148.39,0,0
2014-12-04,16:00:00,148.392,148.572,148.071,148.436,0,0
2014-12-04,17:00:00,148.456,148.911,148.445,148.836,0,0
2014-12-04,18:00:00,148.852,148.9,148.513,148.718,0,0
2014-12-04,19:00:00,148.73,148.741,148.134,148.213,0,0
2014-12-04,20:00:00,148.215,148.333,148.151,148.157,0,0
2014-12-04,21:00:00,148.147,148.215,148.084,148.115,0,0
2014-12-04,22:00:00,148.109,148.282,148.102,148.282,0,0
2014-12-04,23:00:00,148.282,148.31,148.187,148.239,0,0
2014-12-04,23:59:00,148.229,148.311,148.209,148.281,0,0
2014-12-05,01:00:00,148.28,148.445,148.243,148.342,0,0
2014-12-05,02:00:00,148.337,148.422,148.256,148.41,0,0
2014-12-05,03:00:00,148.416,148.431,148.339,148.385,0,0
2014-12-05,04:00:00,148.386,148.428,148.326,148.39,0,0
2014-12-05,05:00:00,148.391,148.441,148.391,148.441,0,0
2014-12-05,06:00:00,148.441,148.597,148.429,148.558,0,0
2014-12-05,07:00:00,148.563,148.585,148.484,148.491,0,0
2014-12-05,08:00:00,148.494,148.588,148.494,148.529,0,0
2014-12-05,09:00:00,148.517,148.77,148.488,148.747,0,0
2014-12-05,10:00:00,148.751,148.784,148.661,148.749,0,0
2014-12-05,11:00:00,148.743,148.875,148.741,148.809,0,0
2014-12-05,12:00:00,148.808,148.87,148.656,148.738,0,0
2014-12-05,13:00:00,148.729,149.038,148.696,149.006,0,0
2014-12-05,14:00:00,148.979,149.073,148.87,149.023,0,0
2014-12-05,15:00:00,149.032,149.103,148.564,149.032,0,0
2014-12-05,16:00:00,149.026,149.321,148.913,149.318,0,0
2014-12-05,17:00:00,149.313,149.469,149.197,149.251,0,0
2014-12-05,18:00:00,149.248,149.425,149.175,149.325,0,0
2014-12-05,19:00:00,149.302,149.38,149.238,149.352,0,0
2014-12-05,20:00:00,149.351,149.38,149.157,149.157,0,0
2014-12-05,21:00:00,149.157,149.233,149.078,149.147,0,0
2014-12-05,22:00:00,149.152,149.25,149.12,149.205,0,0
2014-12-05,23:00:00,149.192,149.192,149.145,149.163,0,0
2014-12-08,01:00:00,149.62,149.733,149.409,149.473,0,0
2014-12-08,02:00:00,149.467,149.504,149.297,149.333,0,0
2014-12-08,03:00:00,149.33,149.428,149.201,149.378,0,0
2014-12-08,04:00:00,149.38,149.416,149.302,149.395,0,0
2014-12-08,05:00:00,149.398,149.421,149.3,149.316,0,0
2014-12-08,06:00:00,149.313,149.331,149.233,149.311,0,0
2014-12-08,07:00:00,149.281,149.377,149.254,149.345,0,0
2014-12-08,08:00:00,149.356,149.356,148.916,149.025,0,0
2014-12-08,09:00:00,149.042,149.167,148.837,148.859,0,0
2014-12-08,10:00:00,148.857,148.879,148.593,148.664,0,0
2014-12-08,11:00:00,148.659,148.67,148.333,148.463,0,0
2014-12-08,12:00:00,148.462,148.543,148.383,148.42,0,0
2014-12-08,13:00:00,148.422,148.529,148.349,148.477,0,0
2014-12-08,14:00:00,148.463,148.475,148.229,148.378,0,0
2014-12-08,15:00:00,148.377,148.405,148.149,148.24,0,0
2014-12-08,16:00:00,148.236,148.534,148.149,148.47,0,0
2014-12-08,17:00:00,148.469,148.573,148.312,148.539,0,0
2014-12-08,18:00:00,148.566,148.676,148.474,148.555,0,0
2014-12-08,19:00:00,148.557,148.762,148.531,148.647,0,0
2014-12-08,20:00:00,148.647,148.681,148.43,148.46,0,0
2014-12-08,21:00:00,148.45,148.513,148.284,148.468,0,0
2014-12-08,22:00:00,148.469,148.565,148.416,148.504,0,0
2014-12-08,23:00:00,148.512,148.698,148.512,148.616,0,0
2014-12-08,23:59:00,148.618,148.634,148.382,148.425,0,0
2014-12-09,01:00:00,148.431,148.672,148.393,148.529,0,0
2014-12-09,02:00:00,148.528,148.839,148.528,148.786,0,0
2014-12-09,03:00:00,148.792,148.803,148.519,148.576,0,0
2014-12-09,04:00:00,148.584,148.663,148.551,148.595,0,0
2014-12-09,05:00:00,148.602,148.699,147.819,147.903,0,0
2014-12-09,06:00:00,147.884,148.056,147.752,147.921,0,0
2014-12-09,07:00:00,147.92,148.101,147.862,147.916,0,0
2014-12-09,08:00:00,147.921,148.033,147.736,147.859,0,0
2014-12-09,09:00:00,147.857,148.038,147.651,147.724,0,0
2014-12-09,10:00:00,147.712,148.021,147.703,147.937,0,0
2014-12-09,11:00:00,147.927,148.234,147.864,148.136,0,0
2014-12-09,12:00:00,148.135,148.274,148.113,148.121,0,0
2014-12-09,13:00:00,148.122,148.321,148.048,148.226,0,0
2014-12-09,14:00:00,148.225,148.291,147.973,148.065,0,0
2014-12-09,15:00:00,148.065,148.121,147.877,148.121,0,0
2014-12-09,16:00:00,148.122,148.157,147.598,147.67,0,0
2014-12-09,17:00:00,147.672,147.817,146.77,147.739,0,0
2014-12-09,18:00:00,147.793,147.925,147.507,147.527,0,0
2014-12-09,19:00:00,147.54,147.822,147.5,147.776,0,0
2014-12-09,20:00:00,147.818,147.927,147.71,147.824,0,0
2014-12-09,21:00:00,147.822,147.879,147.717,147.825,0,0
2014-12-09,22:00:00,147.815,148.087,147.814,147.953,0,0
2014-12-09,23:00:00,147.93,148.088,147.878,148.07,0,0
2014-12-09,23:59:00,148.077,148.077,147.796,147.94,0,0
2014-12-10,01:00:00,147.942,148.129,147.631,147.821,0,0
2014-12-10,02:00:00,147.815,148.007,147.713,147.902,0,0
2014-12-10,03:00:00,147.9,148.201,147.874,148.111,0,0
2014-12-10,04:00:00,148.115,148.205,147.64,147.783,0,0
2014-12-10,05:00:00,147.779,147.912,147.576,147.623,0,0
2014-12-10,06:00:00,147.624,147.752,147.106,147.275,0,0
2014-12-10,07:00:00,147.275,147.68,147.107,147.548,0,0
2014-12-10,08:00:00,147.53,147.717,147.363,147.528,0,0
2014-12-10,09:00:00,147.53,147.694,147.258,147.483,0,0
2014-12-10,10:00:00,147.481,147.687,147.346,147.587,0,0
2014-12-10,11:00:00,147.588,147.674,147.513,147.575,0,0
2014-12-10,12:00:00,147.574,147.699,147.572,147.65,0,0
2014-12-10,13:00:00,147.649,147.69,147.52,147.65,0,0
2014-12-10,14:00:00,147.658,147.665,147.309,147.316,0,0
2014-12-10,15:00:00,147.327,147.534,147.248,147.419,0,0
2014-12-10,16:00:00,147.413,147.575,147.359,147.395,0,0
2014-12-10,17:00:00,147.402,147.527,147.025,147.444,0,0
2014-12-10,18:00:00,147.45,147.478,147.127,147.2,0,0
2014-12-10,19:00:00,147.189,147.337,146.986,147.217,0,0
2014-12-10,20:00:00,147.223,147.352,146.974,146.984,0,0
2014-12-10,21:00:00,146.979,147.161,146.734,146.924,0,0
2014-12-10,22:00:00,146.899,147.197,146.466,146.804,0,0
2014-12-10,23:00:00,146.823,146.852,146.557,146.616,0,0
2014-12-10,23:59:00,146.626,146.796,146.606,146.759,0,0
2014-12-11,01:00:00,146.748,146.886,146.386,146.727,0,0
2014-12-11,02:00:00,146.74,146.909,146.638,146.859,0,0
2014-12-11,03:00:00,146.857,147.306,146.743,147.194,0,0
2014-12-11,04:00:00,147.199,147.219,146.941,147.069,0,0
2014-12-11,05:00:00,147.064,147.064,146.813,146.992,0,0
2014-12-11,06:00:00,146.99,147.098,146.881,147.068,0,0
2014-12-11,07:00:00,147.078,147.191,147.021,147.03,0,0
2014-12-11,08:00:00,147.03,147.226,146.952,147.035,0,0
2014-12-11,09:00:00,147.034,147.246,146.964,147.198,0,0
2014-12-11,10:00:00,147.21,147.294,147.057,147.145,0,0
2014-12-11,11:00:00,147.139,147.602,146.94,147.435,0,0
2014-12-11,12:00:00,147.428,147.806,147.374,147.806,0,0
2014-12-11,13:00:00,147.776,147.813,147.44,147.511,0,0
2014-12-11,14:00:00,147.509,147.513,147.342,147.345,0,0
2014-12-11,15:00:00,147.349,147.457,147.097,147.302,0,0
2014-12-11,16:00:00,147.302,147.616,147.292,147.611,0,0
2014-12-11,17:00:00,147.615,147.854,147.466,147.848,0,0
2014-12-11,18:00:00,147.825,148.017,147.788,147.983,0,0
2014-12-11,19:00:00,147.981,148.019,147.794,147.819,0,0
2014-12-11,20:00:00,147.796,147.984,147.697,147.847,0,0
2014-12-11,21:00:00,147.848,147.868,147.419,147.435,0,0
2014-12-11,22:00:00,147.427,147.74,147.4,147.475,0,0
2014-12-11,23:00:00,147.475,147.488,147.174,147.226,0,0
2014-12-11,23:59:00,147.21,147.508,147.198,147.407,0,0
2014-12-12,01:00:00,147.41,147.634,147.386,147.446,0,0
2014-12-12,02:00:00,147.44,147.531,147.261,147.412,0,0
2014-12-12,03:00:00,147.396,147.687,147.353,147.555,0,0
2014-12-12,04:00:00,147.568,147.573,147.34,147.368,0,0
2014-12-12,05:00:00,147.38,147.404,147.275,147.342,0,0
2014-12-12,06:00:00,147.344,147.344,146.919,147.047,0,0
2014-12-12,07:00:00,147.065,147.319,146.997,147.319,0,0
2014-12-12,08:00:00,147.301,147.439,147.123,147.273,0,0
2014-12-12,09:00:00,147.273,147.326,147.185,147.238,0,0
2014-12-12,10:00:00,147.249,147.399,147.169,147.227,0,0
2014-12-12,11:00:00,147.221,147.297,146.913,147.045,0,0
2014-12-12,12:00:00,147.036,147.225,146.983,147.108,0,0
2014-12-12,13:00:00,147.11,147.372,147.046,147.3,0,0
2014-12-12,14:00:00,147.287,147.553,147.259,147.334,0,0
2014-12-12,15:00:00,147.319,147.545,147.26,147.499,0,0
2014-12-12,16:00:00,147.501,148.136,147.478,148.013,0,0
2014-12-12,17:00:00,148.008,148.125,147.693,147.693,0,0
2014-12-12,18:00:00,147.691,147.739,147.501,147.557,0,0
2014-12-12,19:00:00,147.551,147.677,147.445,147.456,0,0
2014-12-12,20:00:00,147.462,147.741,147.452,147.733,0,0
2014-12-12,21:00:00,147.728,147.849,147.699,147.848,0,0
2014-12-12,22:00:00,147.831,147.841,147.681,147.743,0,0
2014-12-12,23:00:00,147.735,147.744,147.724,147.735,0,0
2014-12-15,01:00:00,147.47,147.693,146.802,147.246,0,0
2014-12-15,02:00:00,147.246,147.718,146.999,147.605,0,0
2014-12-15,03:00:00,147.611,148.192,147.47,147.975,0,0
2014-12-15,04:00:00,147.963,147.984,147.619,147.781,0,0
2014-12-15,05:00:00,147.785,147.842,147.455,147.539,0,0
2014-12-15,06:00:00,147.535,147.711,147.535,147.604,0,0
2014-12-15,07:00:00,147.59,147.684,147.426,147.511,0,0
2014-12-15,08:00:00,147.496,147.627,147.108,147.231,0,0
2014-12-15,09:00:00,147.234,147.456,147.21,147.233,0,0
2014-12-15,10:00:00,147.225,147.464,147.136,147.46,0,0
2014-12-15,11:00:00,147.468,147.591,147.174,147.278,0,0
2014-12-15,12:00:00,147.275,147.36,147.241,147.304,0,0
2014-12-15,13:00:00,147.3,147.673,147.257,147.561,0,0
2014-12-15,14:00:00,147.553,147.858,147.533,147.737,0,0
2014-12-15,15:00:00,147.738,147.768,147.305,147.472,0,0
2014-12-15,16:00:00,147.473,147.695,147.412,147.447,0,0
2014-12-15,17:00:00,147.438,147.44,146.822,147.011,0,0
2014-12-15,18:00:00,147.005,147.051,146.599,146.795,0,0
2014-12-15,19:00:00,146.787,147.035,146.767,146.867,0,0
2014-12-15,20:00:00,146.862,146.886,146.363,146.468,0,0
2014-12-15,21:00:00,146.444,146.533,146.229,146.345,0,0
2014-12-15,22:00:00,146.325,146.37,146.25,146.361,0,0
2014-12-15,23:00:00,146.349,146.625,146.314,146.494,0,0
2014-12-15,23:59:00,146.494,146.746,146.471,146.599,0,0
2014-12-16,01:00:00,146.609,146.696,146.447,146.48,0,0
2014-12-16,02:00:00,146.462,146.695,146.419,146.52,0,0
2014-12-16,03:00:00,146.551,146.658,146.386,146.429,0,0
2014-12-16,04:00:00,146.387,146.593,146.353,146.459,0,0
2014-12-16,05:00:00,146.449,146.467,146.166,146.18,0,0
2014-12-16,06:00:00,146.187,146.287,146.102,146.252,0,0
2014-12-16,07:00:00,146.255,146.276,145.96,145.993,0,0
2014-12-16,08:00:00,145.991,146.125,145.944,146.06,0,0
2014-12-16,09:00:00,146.058,146.182,145.986,146.095,0,0
2014-12-16,10:00:00,146.091,146.136,145.434,145.599,0,0
2014-12-16,11:00:00,145.604,145.755,145.176,145.755,0,0
2014-12-16,12:00:00,145.75,146.035,145.502,145.879,0,0
2014-12-16,13:00:00,145.877,145.884,145.146,145.176,0,0
2014-12-16,14:00:00,145.159,145.817,144.921,145.398,0,0
2014-12-16,15:00:00,145.398,145.866,145.398,145.443,0,0
2014-12-16,16:00:00,145.442,145.891,145.283,145.859,0,0
2014-12-16,17:00:00,145.856,146.551,145.788,146.551,0,0
2014-12-16,18:00:00,146.571,146.978,146.446,146.609,0,0
2014-12-16,19:00:00,146.606,146.798,146.558,146.689,0,0
2014-12-16,20:00:00,146.68,146.853,146.413,146.561,0,0
2014-12-16,21:00:00,146.572,146.612,146.281,146.324,0,0
2014-12-16,22:00:00,146.31,146.519,145.872,145.911,0,0
2014-12-16,23:00:00,145.919,145.998,145.429,145.588,0,0
2014-12-16,23:59:00,145.596,145.824,145.478,145.729,0,0
2014-12-17,01:00:00,145.725,146.048,145.689,145.885,0,0
2014-12-17,02:00:00,145.873,146.356,145.779,146.162,0,0
2014-12-17,03:00:00,146.152,146.255,145.899,145.909,0,0
2014-12-17,04:00:00,145.902,146.03,145.696,145.952,0,0
2014-12-17,05:00:00,145.948,146.165,145.816,146.091,0,0
2014-12-17,06:00:00,146.092,146.233,145.943,145.966,0,0
2014-12-17,07:00:00,145.973,146.197,145.888,146.163,0,0
2014-12-17,08:00:00,146.162,146.291,146.013,146.242,0,0
2014-12-17,09:00:00,146.255,146.434,146.021,146.268,0,0
2014-12-17,10:00:00,146.279,146.374,146.037,146.119,0,0
2014-12-17,11:00:00,146.127,146.17,145.842,145.863,0,0
2014-12-17,12:00:00,145.85,146.146,145.813,145.871,0,0
2014-12-17,13:00:00,145.869,145.949,145.652,145.939,0,0
2014-12-17,14:00:00,145.946,146.063,145.824,145.893,0,0
2014-12-17,15:00:00,145.89,146.01,145.813,145.834,0,0
2014-12-17,16:00:00,145.855,145.971,145.612,145.78,0,0
2014-12-17,17:00:00,145.775,145.852,145.309,145.491,0,0
2014-12-17,18:00:00,145.481,146.003,145.386,145.927,0,0
2014-12-17,19:00:00,145.946,146.121,145.778,145.946,0,0
2014-12-17,20:00:00,145.969,146.024,145.589,145.918,0,0
2014-12-17,21:00:00,145.917,146.357,145.539,146.145,0,0
2014-12-17,22:00:00,146.177,146.719,146.094,146.406,0,0
2014-12-17,23:00:00,146.449,146.527,146.238,146.374,0,0
2014-12-17,23:59:00,146.396,146.564,146.392,146.548,0,0
2014-12-18,01:00:00,146.551,146.704,146.451,146.487,0,0
2014-12-18,02:00:00,146.487,146.548,146.282,146.359,0,0
2014-12-18,03:00:00,146.361,146.517,146.313,146.443,0,0
2014-12-18,04:00:00,146.441,146.513,146.186,146.323,0,0
2014-12-18,05:00:00,146.329,146.361,146.178,146.356,0,0
2014-12-18,06:00:00,146.356,146.357,146.157,146.209,0,0
2014-12-18,07:00:00,146.227,146.241,146.035,146.2,0,0
2014-12-18,08:00:00,146.211,146.393,146.187,146.266,0,0
2014-12-18,09:00:00,146.265,146.296,145.809,146.155,0,0
2014-12-18,10:00:00,146.147,146.213,145.774,145.899,0,0
2014-12-18,11:00:00,145.856,146.158,145.818,145.941,0,0
2014-12-18,12:00:00,145.939,146.242,145.931,146.097,0,0
2014-12-18,13:00:00,146.1,146.234,145.969,145.969,0,0
2014-12-18,14:00:00,145.968,146.177,145.941,146.048,0,0
2014-12-18,15:00:00,146.049,146.306,145.834,146.306,0,0
2014-12-18,16:00:00,146.313,146.461,146.126,146.272,0,0
2014-12-18,17:00:00,146.247,146.402,145.903,145.903,0,0
2014-12-18,18:00:00,145.875,146.05,145.566,146.027,0,0
2014-12-18,19:00:00,146.004,146.176,145.983,146.176,0,0
2014-12-18,20:00:00,146.175,146.175,145.86,145.906,0,0
2014-12-18,21:00:00,145.907,145.929,145.708,145.924,0,0
2014-12-18,22:00:00,145.929,145.957,145.791,145.887,0,0
2014-12-18,23:00:00,145.904,146.009,145.857,145.963,0,0
2014-12-18,23:59:00,145.967,146.176,145.954,146.111,0,0
2014-12-19,01:00:00,146.145,146.248,146.067,146.139,0,0
2014-12-19,02:00:00,146.127,146.139,145.96,146.139,0,0
2014-12-19,03:00:00,146.134,146.176,145.914,146.019,0,0
2014-12-19,04:00:00,146.019,146.156,146.012,146.097,0,0
2014-12-19,05:00:00,146.103,146.465,146.091,146.415,0,0
2014-12-19,06:00:00,146.415,146.463,146.318,146.337,0,0
2014-12-19,07:00:00,146.315,146.578,146.315,146.553,0,0
2014-12-19,08:00:00,146.553,146.691,146.326,146.527,0,0
2014-12-19,09:00:00,146.526,146.664,146.37,146.43,0,0
2014-12-19,10:00:00,146.43,146.619,146.375,146.544,0,0
2014-12-19,11:00:00,146.553,146.656,146.483,146.503,0,0
2014-12-19,12:00:00,146.503,146.644,146.364,146.396,0,0
2014-12-19,13:00:00,146.401,146.52,146.305,146.32,0,0
2014-12-19,14:00:00,146.313,146.534,146.205,146.428,0,0
2014-12-19,15:00:00,146.423,146.423,146.071,146.362,0,0
2014-12-19,16:00:00,146.346,146.623,146.241,146.524,0,0
2014-12-19,17:00:00,146.52,146.538,146.325,146.412,0,0
2014-12-19,18:00:00,146.422,146.435,146.055,146.241,0,0
2014-12-19,19:00:00,146.24,146.273,146.134,146.214,0,0
2014-12-19,20:00:00,146.214,146.238,146.09,146.137,0,0
2014-12-19,21:00:00,146.135,146.18,146.044,146.093,0,0
2014-12-19,22:00:00,146.09,146.17,145.997,146.105,0,0
2014-12-19,23:00:00,146.115,146.115,146.099,146.108,0,0
2014-12-22,01:00:00,146.117,146.157,146.058,146.075,0,0
2014-12-22,02:00:00,146.071,146.167,145.977,145.995,0,0
2014-12-22,03:00:00,145.995,146.071,145.958,146.03,0,0
2014-12-22,04:00:00,146.028,146.177,145.99,146.124,0,0
2014-12-22,05:00:00,146.124,146.231,146.1,146.148,0,0
2014-12-22,06:00:00,146.148,146.264,146.059,146.247,0,0
2014-12-22,07:00:00,146.226,146.354,146.226,146.316,0,0
2014-12-22,08:00:00,146.326,146.462,146.326,146.418,0,0
2014-12-22,09:00:00,146.42,146.703,146.388,146.689,0,0
2014-12-22,10:00:00,146.697,146.957,146.672,146.912,0,0
2014-12-22,11:00:00,146.912,147.009,146.832,146.933,0,0
2014-12-22,12:00:00,146.933,146.933,146.853,146.924,0,0
2014-12-22,13:00:00,146.903,146.926,146.769,146.773,0,0
2014-12-22,14:00:00,146.77,147.015,146.748,146.92,0,0
2014-12-22,15:00:00,146.918,147.098,146.883,147.031,0,0
2014-12-22,16:00:00,147.031,147.067,146.892,146.954,0,0
2014-12-22,17:00:00,146.913,147.06,146.897,146.99,0,0
2014-12-22,18:00:00,146.958,147.023,146.813,146.815,0,0
2014-12-22,19:00:00,146.815,146.906,146.737,146.878,0,0
2014-12-22,20:00:00,146.882,146.937,146.771,146.785,0,0
2014-12-22,21:00:00,146.785,146.847,146.637,146.637,0,0
2014-12-22,22:00:00,146.637,146.78,146.574,146.723,0,0
2014-12-22,23:00:00,146.791,146.836,146.714,146.809,0,0
2014-12-22,23:59:00,146.791,146.844,146.725,146.8,0,0
2014-12-23,01:00:00,146.821,146.927,146.8,146.85,0,0
2014-12-23,02:00:00,146.861,146.888,146.798,146.841,0,0
2014-12-23,03:00:00,146.85,146.948,146.847,146.88,0,0
2014-12-23,04:00:00,146.88,146.914,146.829,146.914,0,0
2014-12-23,05:00:00,146.925,146.951,146.894,146.922,0,0
2014-12-23,06:00:00,146.922,146.957,146.881,146.953,0,0
2014-12-23,07:00:00,146.949,146.962,146.861,146.902,0,0
2014-12-23,08:00:00,146.908,146.986,146.889,146.947,0,0
2014-12-23,09:00:00,146.947,147.038,146.885,146.892,0,0
2014-12-23,10:00:00,146.904,147.101,146.896,146.967,0,0
2014-12-23,11:00:00,146.967,146.998,146.873,146.932,0,0
2014-12-23,12:00:00,146.932,146.97,146.843,146.864,0,0
2014-12-23,13:00:00,146.858,146.872,146.751,146.841,0,0
2014-12-23,14:00:00,146.841,146.869,146.705,146.762,0,0
2014-12-23,15:00:00,146.754,146.93,146.709,146.89,0,0
2014-12-23,16:00:00,146.875,147.121,146.875,146.972,0,0
2014-12-23,17:00:00,146.984,147.03,146.87,146.948,0,0
2014-12-23,18:00:00,146.946,147.02,146.901,146.988,0,0
2014-12-23,19:00:00,146.993,146.993,146.85,146.85,0,0
2014-12-23,20:00:00,146.848,147.046,146.802,146.961,0,0
2014-12-23,21:00:00,146.956,147.007,146.907,146.999,0,0
2014-12-23,22:00:00,147.004,147.082,146.958,147.012,0,0
2014-12-23,23:00:00,146.999,147,146.86,146.884,0,0
2014-12-23,23:59:00,146.886,146.967,146.866,146.93,0,0
2014-12-24,01:00:00,146.943,146.982,146.87,146.918,0,0
2014-12-24,02:00:00,146.918,146.995,146.857,146.865,0,0
2014-12-24,03:00:00,146.864,146.882,146.729,146.733,0,0
2014-12-24,04:00:00,146.732,146.75,146.444,146.536,0,0
2014-12-24,05:00:00,146.534,146.672,146.515,146.632,0,0
2014-12-24,06:00:00,146.632,146.633,146.486,146.581,0,0
2014-12-24,07:00:00,146.581,146.6,146.501,146.546,0,0
2014-12-24,08:00:00,146.57,146.627,146.519,146.585,0,0
2014-12-24,09:00:00,146.585,146.745,146.582,146.736,0,0
2014-12-24,10:00:00,146.736,146.948,146.714,146.895,0,0
2014-12-24,11:00:00,146.922,146.996,146.861,146.974,0,0
2014-12-24,12:00:00,146.977,147.029,146.881,146.883,0,0
2014-12-24,13:00:00,146.883,147.001,146.81,146.895,0,0
2014-12-24,14:00:00,146.898,146.978,146.87,146.924,0,0
2014-12-24,15:00:00,146.921,147.127,146.915,147,0,0
2014-12-24,16:00:00,147.016,147.024,146.835,146.866,0,0
2014-12-24,17:00:00,146.856,146.873,146.776,146.854,0,0
2014-12-24,18:00:00,146.854,146.919,146.78,146.784,0,0
2014-12-24,19:00:00,146.783,146.882,146.783,146.822,0,0
2014-12-24,20:00:00,146.818,146.91,146.801,146.887,0,0
2014-12-24,21:00:00,146.894,146.902,146.823,146.846,0,0
2014-12-24,22:00:00,146.847,147,146.816,146.993,0,0
2014-12-24,23:00:00,146.989,147.028,146.901,146.943,0,0
2014-12-24,23:59:00,146.818,147.038,146.818,146.982,0,0
2014-12-26,01:00:00,147.032,147.032,146.828,146.937,0,0
2014-12-26,02:00:00,146.937,147.002,146.829,146.909,0,0
2014-12-26,03:00:00,146.823,146.933,146.764,146.907,0,0
2014-12-26,04:00:00,146.904,146.91,146.806,146.833,0,0
2014-12-26,05:00:00,146.828,146.869,146.814,146.869,0,0
2014-12-26,06:00:00,146.865,146.945,146.809,146.813,0,0
2014-12-26,07:00:00,146.81,146.868,146.791,146.791,0,0
2014-12-26,08:00:00,146.781,146.858,146.768,146.787,0,0
2014-12-26,09:00:00,146.785,146.843,146.743,146.835,0,0
2014-12-26,10:00:00,146.834,146.836,146.698,146.728,0,0
2014-12-26,11:00:00,146.726,146.746,146.62,146.694,0,0
2014-12-26,12:00:00,146.696,146.712,146.617,146.626,0,0
2014-12-26,13:00:00,146.647,146.677,146.563,146.632,0,0
2014-12-26,14:00:00,146.632,146.652,146.532,146.598,0,0
2014-12-26,15:00:00,146.593,146.658,146.48,146.598,0,0
2014-12-26,16:00:00,146.598,146.64,146.565,146.593,0,0
2014-12-26,17:00:00,146.577,146.624,146.552,146.597,0,0
2014-12-26,18:00:00,146.597,146.633,146.532,146.565,0,0
2014-12-26,19:00:00,146.565,146.593,146.537,146.561,0,0
2014-12-26,20:00:00,146.579,146.616,146.539,146.56,0,0
2014-12-26,21:00:00,146.572,146.58,146.52,146.56,0,0
2014-12-26,22:00:00,146.56,146.627,146.558,146.6,0,0
2014-12-26,23:00:00,146.6,146.6,146.596,146.596,0,0
2014-12-29,01:00:00,146.613,146.613,146.518,146.519,0,0
2014-12-29,02:00:00,146.528,146.796,146.514,146.789,0,0
2014-12-29,03:00:00,146.778,146.933,146.778,146.933,0,0
2014-12-29,04:00:00,146.952,146.957,146.795,146.811,0,0
2014-12-29,05:00:00,146.791,146.879,146.78,146.824,0,0
2014-12-29,06:00:00,146.824,146.834,146.586,146.647,0,0
2014-12-29,07:00:00,146.639,146.726,146.591,146.703,0,0
2014-12-29,08:00:00,146.709,146.733,146.579,146.632,0,0
2014-12-29,09:00:00,146.622,146.656,146.491,146.562,0,0
2014-12-29,10:00:00,146.539,146.75,146.535,146.674,0,0
2014-12-29,11:00:00,146.673,147.017,146.673,146.899,0,0
2014-12-29,12:00:00,146.965,147.01,146.769,146.806,0,0
2014-12-29,13:00:00,146.818,146.882,146.794,146.8,0,0
2014-12-29,14:00:00,146.809,146.976,146.802,146.949,0,0
2014-12-29,15:00:00,146.939,147.139,146.925,147.084,0,0
2014-12-29,16:00:00,147.081,147.198,147.059,147.059,0,0
2014-12-29,17:00:00,147.088,147.109,146.857,146.865,0,0
2014-12-29,18:00:00,146.849,146.968,146.818,146.829,0,0
2014-12-29,19:00:00,146.828,146.874,146.779,146.803,0,0
2014-12-29,20:00:00,146.806,146.807,146.493,146.721,0,0
2014-12-29,21:00:00,146.721,146.77,146.689,146.729,0,0
2014-12-29,22:00:00,146.729,146.729,146.654,146.671,0,0
2014-12-29,23:00:00,146.68,146.701,146.561,146.63,0,0
2014-12-29,23:59:00,146.63,146.714,146.575,146.672,0,0
2014-12-30,01:00:00,146.669,146.686,146.585,146.614,0,0
2014-12-30,02:00:00,146.614,146.729,146.538,146.549,0,0
2014-12-30,03:00:00,146.544,146.578,146.346,146.364,0,0
2014-12-30,04:00:00,146.384,146.384,146.192,146.197,0,0
2014-12-30,05:00:00,146.214,146.267,146.167,146.236,0,0
2014-12-30,06:00:00,146.239,146.24,146.065,146.218,0,0
2014-12-30,07:00:00,146.217,146.238,146.079,146.079,0,0
2014-12-30,08:00:00,146.079,146.079,145.839,145.974,0,0
2014-12-30,09:00:00,145.964,145.98,145.474,145.701,0,0
2014-12-30,10:00:00,145.689,145.689,145.125,145.462,0,0
2014-12-30,11:00:00,145.418,145.6,145.242,145.509,0,0
2014-12-30,12:00:00,145.509,145.652,145.446,145.56,0,0
2014-12-30,13:00:00,145.556,145.586,145.259,145.264,0,0
2014-12-30,14:00:00,145.263,145.394,145.188,145.29,0,0
2014-12-30,15:00:00,145.296,145.486,145.208,145.338,0,0
2014-12-30,16:00:00,145.341,145.37,144.895,145.024,0,0
2014-12-30,17:00:00,145.01,145.223,144.765,145.223,0,0
2014-12-30,18:00:00,145.223,145.401,145.132,145.274,0,0
2014-12-30,19:00:00,145.272,145.293,145.115,145.225,0,0
2014-12-30,20:00:00,145.226,145.347,145.172,145.331,0,0
2014-12-30,21:00:00,145.331,145.341,145.228,145.285,0,0
2014-12-30,22:00:00,145.284,145.326,145.244,145.289,0,0
2014-12-30,23:00:00,145.282,145.284,145.127,145.185,0,0
2014-12-30,23:59:00,145.184,145.28,145.113,145.2,0,0
2014-12-31,01:00:00,145.202,145.284,145.136,145.284,0,0
2014-12-31,02:00:00,145.297,145.338,145.214,145.312,0,0
2014-12-31,03:00:00,145.32,145.341,145.093,145.135,0,0
2014-12-31,04:00:00,145.149,145.221,145.086,145.196,0,0
2014-12-31,05:00:00,145.18,145.301,145.18,145.301,0,0
2014-12-31,06:00:00,145.3,145.324,145.221,145.301,0,0
2014-12-31,07:00:00,145.312,145.523,145.297,145.508,0,0
2014-12-31,08:00:00,145.51,145.56,145.45,145.482,0,0
2014-12-31,09:00:00,145.463,145.483,145.344,145.385,0,0
2014-12-31,10:00:00,145.39,145.495,145.29,145.327,0,0
2014-12-31,11:00:00,145.303,145.342,145.196,145.213,0,0
2014-12-31,12:00:00,145.213,145.24,145,145.126,0,0
2014-12-31,13:00:00,145.147,145.196,144.994,145.036,0,0
2014-12-31,14:00:00,145.036,145.225,144.965,145.162,0,0
2014-12-31,15:00:00,145.161,145.246,145.051,145.09,0,0
2014-12-31,16:00:00,145.115,145.119,144.815,144.911,0,0
2014-12-31,17:00:00,144.913,145.205,144.835,145.134,0,0
2014-12-31,18:00:00,145.141,145.141,144.908,145.036,0,0
2014-12-31,19:00:00,145.036,145.068,144.94,144.955,0,0
2014-12-31,20:00:00,145.003,145.089,144.977,145.063,0,0
2014-12-31,21:00:00,145.063,145.096,144.972,145.05,0,0
2014-12-31,22:00:00,145.045,145.054,144.884,144.908,0,0
2014-12-31,23:00:00,144.9,145.129,144.9,145.113,0,0
2014-12-31,23:59:00,145.071,145.096,144.916,144.968,0,0
2015-01-02,01:00:00,145.017,145.052,144.791,144.892,0,0
2015-01-02,02:00:00,144.89,144.915,144.777,144.887,0,0
2015-01-02,03:00:00,144.887,145.197,144.866,145.144,0,0
2015-01-02,04:00:00,145.123,145.193,145.075,145.113,0,0
2015-01-02,05:00:00,145.113,145.175,145.027,145.07,0,0
2015-01-02,06:00:00,145.087,145.204,145.087,145.156,0,0
2015-01-02,07:00:00,145.156,145.169,145.102,145.123,0,0
2015-01-02,08:00:00,145.123,145.159,145.067,145.134,0,0
2015-01-02,09:00:00,145.134,145.218,144.965,145.192,0,0
2015-01-02,10:00:00,145.192,145.307,145.001,145.003,0,0
2015-01-02,11:00:00,145.003,145.181,144.894,145.18,0,0
2015-01-02,12:00:00,145.176,145.182,145.019,145.121,0,0
2015-01-02,13:00:00,145.124,145.234,145.121,145.217,0,0
2015-01-02,14:00:00,145.215,145.279,145.169,145.201,0,0
2015-01-02,15:00:00,145.204,145.227,145.057,145.089,0,0
2015-01-02,16:00:00,145.089,145.205,144.977,144.991,0,0
2015-01-02,17:00:00,144.958,145.008,144.354,144.568,0,0
2015-01-02,18:00:00,144.568,144.591,144.148,144.409,0,0
2015-01-02,19:00:00,144.411,144.513,144.352,144.378,0,0
2015-01-02,20:00:00,144.392,144.527,144.374,144.507,0,0
2015-01-02,21:00:00,144.509,144.543,144.454,144.488,0,0
2015-01-02,22:00:00,144.482,144.622,144.413,144.599,0,0
2015-01-02,23:00:00,144.599,144.599,144.59,144.59,0,0
2015-01-05,01:00:00,143.992,144,143.68,143.819,0,0
2015-01-05,02:00:00,143.817,144.01,143.637,143.867,0,0
2015-01-05,03:00:00,143.863,143.94,143.761,143.924,0,0
2015-01-05,04:00:00,143.927,143.953,143.816,143.855,0,0
2015-01-05,05:00:00,143.864,144.035,143.807,144.033,0,0
2015-01-05,06:00:00,143.997,144.003,143.855,143.909,0,0
2015-01-05,07:00:00,143.909,143.996,143.635,143.697,0,0
2015-01-05,08:00:00,143.641,143.844,143.637,143.816,0,0
2015-01-05,09:00:00,143.816,144.043,143.764,143.912,0,0
2015-01-05,10:00:00,143.905,144.106,143.875,143.879,0,0
2015-01-05,11:00:00,143.877,143.877,143.626,143.708,0,0
2015-01-05,12:00:00,143.7,143.7,143.409,143.47,0,0
2015-01-05,13:00:00,143.467,143.527,143.109,143.178,0,0
2015-01-05,14:00:00,143.183,143.207,142.9,142.958,0,0
2015-01-05,15:00:00,142.958,143.003,142.724,142.724,0,0
2015-01-05,16:00:00,142.736,142.808,142.545,142.569,0,0
2015-01-05,17:00:00,142.569,142.75,142.304,142.75,0,0
2015-01-05,18:00:00,142.737,142.754,142.548,142.596,0,0
2015-01-05,19:00:00,142.596,142.759,142.557,142.598,0,0
2015-01-05,20:00:00,142.566,142.849,142.508,142.833,0,0
2015-01-05,21:00:00,142.833,142.833,142.679,142.699,0,0
2015-01-05,22:00:00,142.699,142.953,142.638,142.834,0,0
2015-01-05,23:00:00,142.822,142.833,142.694,142.748,0,0
2015-01-05,23:59:00,142.748,142.749,142.28,142.335,0,0
2015-01-06,01:00:00,142.326,142.628,142.326,142.547,0,0
2015-01-06,02:00:00,142.547,142.672,142.313,142.315,0,0
2015-01-06,03:00:00,142.31,142.628,142.31,142.616,0,0
2015-01-06,04:00:00,142.616,142.619,142.385,142.549,0,0
2015-01-06,05:00:00,142.549,142.558,142.455,142.532,0,0
2015-01-06,06:00:00,142.471,142.473,142.255,142.46,0,0
2015-01-06,07:00:00,142.46,142.47,142.159,142.226,0,0
2015-01-06,08:00:00,142.195,142.326,142.016,142.079,0,0
2015-01-06,09:00:00,142.079,142.369,142.079,142.29,0,0
2015-01-06,10:00:00,142.306,142.345,141.692,141.968,0,0
2015-01-06,11:00:00,141.968,141.992,141.409,141.435,0,0
2015-01-06,12:00:00,141.498,141.544,141.382,141.541,0,0
2015-01-06,13:00:00,141.538,141.962,141.538,141.891,0,0
2015-01-06,14:00:00,141.891,142.003,141.614,141.773,0,0
2015-01-06,15:00:00,141.773,141.836,141.544,141.7,0,0
2015-01-06,16:00:00,141.688,141.8,141.449,141.512,0,0
2015-01-06,17:00:00,141.512,141.796,141.414,141.502,0,0
2015-01-06,18:00:00,141.484,141.633,141.119,141.12,0,0
2015-01-06,19:00:00,141.12,141.443,141.071,141.244,0,0
2015-01-06,20:00:00,141.241,141.255,140.892,141.25,0,0
2015-01-06,21:00:00,141.247,141.427,141.118,141.31,0,0
2015-01-06,22:00:00,141.313,141.361,140.995,140.995,0,0
2015-01-06,23:00:00,140.994,141.02,140.725,140.732,0,0
2015-01-06,23:59:00,140.74,140.874,140.441,140.773,0,0
2015-01-07,01:00:00,140.79,140.959,140.714,140.876,0,0
2015-01-07,02:00:00,140.876,141.083,140.876,140.943,0,0
2015-01-07,03:00:00,140.948,141.301,140.946,141.29,0,0
2015-01-07,04:00:00,141.345,141.492,141.314,141.332,0,0
2015-01-07,05:00:00,141.335,141.355,141.176,141.316,0,0
2015-01-07,06:00:00,141.341,141.407,141.294,141.369,0,0
2015-01-07,07:00:00,141.361,141.405,141.11,141.194,0,0
2015-01-07,08:00:00,141.191,141.294,141.114,141.25,0,0
2015-01-07,09:00:00,141.261,141.651,141.204,141.535,0,0
2015-01-07,10:00:00,141.535,141.554,141.288,141.311,0,0
2015-01-07,11:00:00,141.311,141.348,140.815,140.855,0,0
2015-01-07,12:00:00,140.835,141.288,140.835,141.129,0,0
2015-01-07,13:00:00,141.133,141.196,140.81,140.838,0,0
2015-01-07,14:00:00,140.838,141.143,140.838,141.045,0,0
2015-01-07,15:00:00,141.048,141.327,141.04,141.25,0,0
2015-01-07,16:00:00,141.251,141.276,141.015,141.254,0,0
2015-01-07,17:00:00,141.293,141.429,140.958,140.96,0,0
2015-01-07,18:00:00,140.969,141.322,140.905,141.266,0,0
2015-01-07,19:00:00,141.266,141.338,141.208,141.338,0,0
2015-01-07,20:00:00,141.338,141.365,141.058,141.137,0,0
2015-01-07,21:00:00,141.104,141.199,140.917,140.952,0,0
2015-01-07,22:00:00,140.958,141.104,140.945,140.99,0,0
2015-01-07,23:00:00,140.982,141.171,140.931,141.166,0,0
2015-01-07,23:59:00,141.166,141.244,141.096,141.19,0,0
2015-01-08,01:00:00,141.198,141.292,141.108,141.158,0,0
2015-01-08,02:00:00,141.169,141.41,141.122,141.4,0,0
2015-01-08,03:00:00,141.384,141.582,141.318,141.531,0,0
2015-01-08,04:00:00,141.521,141.583,141.441,141.517,0,0
2015-01-08,05:00:00,141.515,141.649,141.499,141.536,0,0
2015-01-08,06:00:00,141.536,141.651,141.5,141.554,0,0
2015-01-08,07:00:00,141.536,141.588,141.456,141.487,0,0
2015-01-08,08:00:00,141.49,141.708,141.489,141.673,0,0
2015-01-08,09:00:00,141.671,141.697,141.524,141.58,0,0
2015-01-08,10:00:00,141.603,141.607,141.284,141.294,0,0
2015-01-08,11:00:00,141.248,141.415,141.087,141.103,0,0
2015-01-08,12:00:00,141.117,141.117,140.957,141.053,0,0
2015-01-08,13:00:00,141.063,141.095,140.909,141.007,0,0
2015-01-08,14:00:00,141.031,141.083,140.915,141.042,0,0
2015-01-08,15:00:00,141.007,141.023,140.736,140.817,0,0
2015-01-08,16:00:00,140.802,141.004,140.748,141.003,0,0
2015-01-08,17:00:00,141.013,141.17,140.822,141.12,0,0
2015-01-08,18:00:00,141.121,141.293,141.074,141.163,0,0
2015-01-08,19:00:00,141.144,141.219,141.074,141.215,0,0
2015-01-08,20:00:00,141.234,141.333,141.125,141.125,0,0
2015-01-08,21:00:00,141.123,141.147,140.955,141.053,0,0
2015-01-08,22:00:00,141.049,141.113,141.016,141.035,0,0
2015-01-08,23:00:00,141.038,141.139,141.02,141.097,0,0
2015-01-08,23:59:00,141.088,141.257,141.073,141.206,0,0
2015-01-09,01:00:00,141.206,141.32,141.143,141.262,0,0
2015-01-09,02:00:00,141.262,141.358,141.201,141.331,0,0
2015-01-09,03:00:00,141.331,141.331,141.077,141.098,0,0
2015-01-09,04:00:00,141.08,141.191,141.004,141.099,0,0
2015-01-09,05:00:00,141.062,141.161,141.047,141.096,0,0
2015-01-09,06:00:00,141.096,141.096,140.866,140.885,0,0
2015-01-09,07:00:00,140.885,140.936,140.768,140.92,0,0
2015-01-09,08:00:00,140.92,140.954,140.868,140.875,0,0
2015-01-09,09:00:00,140.857,140.874,140.766,140.853,0,0
2015-01-09,10:00:00,140.853,140.965,140.798,140.942,0,0
2015-01-09,11:00:00,140.942,141.072,140.856,140.992,0,0
2015-01-09,12:00:00,140.998,141.021,140.765,140.816,0,0
2015-01-09,13:00:00,140.816,140.977,140.807,140.819,0,0
2015-01-09,14:00:00,140.833,140.918,140.81,140.832,0,0
2015-01-09,15:00:00,140.838,140.967,140.551,140.856,0,0
2015-01-09,16:00:00,140.855,140.933,140.318,140.406,0,0
2015-01-09,17:00:00,140.406,140.685,140.353,140.662,0,0
2015-01-09,18:00:00,140.647,140.655,140.219,140.356,0,0
2015-01-09,19:00:00,140.361,140.436,140.252,140.265,0,0
2015-01-09,20:00:00,140.265,140.407,140.265,140.315,0,0
2015-01-09,21:00:00,140.295,140.39,140.262,140.39,0,0
2015-01-09,22:00:00,140.39,140.501,140.325,140.395,0,0
2015-01-09,23:00:00,140.4,140.4,140.4,140.4,0,0
