Date,Time,Open,High,Low,Close,Volume,OpenInt
2014-10-13,01:00:00,1.26283,1.2647,1.26261,1.26459,0,0
2014-10-13,02:00:00,1.26459,1.26467,1.26361,1.26393,0,0
2014-10-13,03:00:00,1.26393,1.26476,1.26335,1.26455,0,0
2014-10-13,04:00:00,1.26454,1.26878,1.26454,1.26863,0,0
2014-10-13,05:00:00,1.26863,1.2697,1.26783,1.26925,0,0
2014-10-13,06:00:00,1.26924,1.26946,1.26831,1.2692,0,0
2014-10-13,07:00:00,1.26918,1.26935,1.26781,1.26825,0,0
2014-10-13,08:00:00,1.26825,1.26871,1.26736,1.26776,0,0
2014-10-13,09:00:00,1.26778,1.26866,1.26581,1.26608,0,0
2014-10-13,10:00:00,1.26608,1.2671,1.26502,1.26703,0,0
2014-10-13,11:00:00,1.26703,1.26818,1.26649,1.26753,0,0
2014-10-13,12:00:00,1.26753,1.26806,1.26673,1.26801,0,0
2014-10-13,13:00:00,1.26801,1.26951,1.26761,1.2686,0,0
2014-10-13,14:00:00,1.2686,1.26937,1.26856,1.26879,0,0
2014-10-13,15:00:00,1.26879,1.26885,1.26753,1.26819,0,0
2014-10-13,16:00:00,1.2682,1.26988,1.26806,1.26853,0,0
2014-10-13,17:00:00,1.26852,1.26948,1.26792,1.26802,0,0
2014-10-13,18:00:00,1.26806,1.26932,1.26697,1.26856,0,0
2014-10-13,19:00:00,1.26855,1.26856,1.26646,1.26656,0,0
2014-10-13,20:00:00,1.26657,1.26784,1.26648,1.2677,0,0
2014-10-13,21:00:00,1.26769,1.2681,1.26734,1.26796,0,0
2014-10-13,22:00:00,1.26796,1.26926,1.2677,1.26892,0,0
2014-10-13,23:00:00,1.26887,1.27603,1.26886,1.27512,0,0
2014-10-13,23:59:00,1.27505,1.27678,1.274,1.27411,0,0
2014-10-14,01:00:00,1.2741,1.2743,1.27345,1.27353,0,0
2014-10-14,02:00:00,1.27351,1.27486,1.2721,1.27215,0,0
2014-10-14,03:00:00,1.27215,1.27231,1.27141,1.27212,0,0
2014-10-14,04:00:00,1.27212,1.27312,1.27177,1.27284,0,0
2014-10-14,05:00:00,1.27282,1.27297,1.27216,1.27262,0,0
2014-10-14,06:00:00,1.27262,1.27263,1.27181,1.27203,0,0
2014-10-14,07:00:00,1.27203,1.27225,1.2716,1.27217,0,0
2014-10-14,08:00:00,1.27217,1.27277,1.27111,1.27122,0,0
2014-10-14,09:00:00,1.27122,1.27219,1.2705,1.27055,0,0
2014-10-14,10:00:00,1.27055,1.27067,1.26899,1.27001,0,0
2014-10-14,11:00:00,1.26996,1.27054,1.26788,1.26798,0,0
2014-10-14,12:00:00,1.26805,1.26825,1.264,1.2648,0,0
2014-10-14,13:00:00,1.26473,1.26601,1.26454,1.26522,0,0
2014-10-14,14:00:00,1.26533,1.26653,1.2649,1.265,0,0
2014-10-14,15:00:00,1.26501,1.26583,1.2645,1.26523,0,0
2014-10-14,16:00:00,1.26522,1.26575,1.26451,1.26569,0,0
2014-10-14,17:00:00,1.26571,1.26786,1.26554,1.26666,0,0
2014-10-14,18:00:00,1.26663,1.2676,1.26572,1.26595,0,0
2014-10-14,19:00:00,1.26596,1.26683,1.26554,1.26606,0,0
2014-10-14,20:00:00,1.266,1.26646,1.2654,1.26561,0,0
2014-10-14,21:00:00,1.26563,1.26564,1.26403,1.26476,0,0
2014-10-14,22:00:00,1.26476,1.26583,1.26421,1.26546,0,0
2014-10-14,23:00:00,1.26546,1.26631,1.26498,1.2656,0,0
2014-10-14,23:59:00,1.2656,1.26602,1.26502,1.2658,0,0
2014-10-15,01:00:00,1.2658,1.2658,1.26419,1.26448,0,0
2014-10-15,02:00:00,1.26448,1.26453,1.26309,1.26411,0,0
2014-10-15,03:00:00,1.26415,1.26476,1.2635,1.26362,0,0
2014-10-15,04:00:00,1.26362,1.264,1.26245,1.26377,0,0
2014-10-15,05:00:00,1.26376,1.26415,1.26339,1.26415,0,0
2014-10-15,06:00:00,1.26414,1.26479,1.26377,1.26428,0,0
2014-10-15,07:00:00,1.26428,1.26462,1.26368,1.26399,0,0
2014-10-15,08:00:00,1.264,1.26459,1.26366,1.26395,0,0
2014-10-15,09:00:00,1.26398,1.26593,1.26386,1.26519,0,0
2014-10-15,10:00:00,1.26518,1.26612,1.26387,1.26458,0,0
2014-10-15,11:00:00,1.26455,1.26687,1.26432,1.26524,0,0
2014-10-15,12:00:00,1.26526,1.26543,1.26418,1.26449,0,0
2014-10-15,13:00:00,1.26452,1.26475,1.26376,1.26422,0,0
2014-10-15,14:00:00,1.26422,1.26757,1.26405,1.26702,0,0
2014-10-15,15:00:00,1.26701,1.27563,1.26645,1.27433,0,0
2014-10-15,16:00:00,1.27431,1.28849,1.27369,1.27749,0,0
2014-10-15,17:00:00,1.27749,1.27864,1.27426,1.2758,0,0
2014-10-15,18:00:00,1.27584,1.27971,1.27511,1.27774,0,0
2014-10-15,19:00:00,1.27783,1.28135,1.27777,1.27901,0,0
2014-10-15,20:00:00,1.27904,1.27983,1.27701,1.27819,0,0
2014-10-15,21:00:00,1.27828,1.27931,1.27708,1.27752,0,0
2014-10-15,22:00:00,1.27752,1.28157,1.27722,1.28065,0,0
2014-10-15,23:00:00,1.28067,1.28435,1.28003,1.28366,0,0
2014-10-15,23:59:00,1.28353,1.28353,1.28143,1.28152,0,0
2014-10-16,01:00:00,1.28152,1.28275,1.28081,1.28239,0,0
2014-10-16,02:00:00,1.28237,1.28262,1.28117,1.28196,0,0
2014-10-16,03:00:00,1.28195,1.28442,1.28125,1.28395,0,0
2014-10-16,04:00:00,1.28395,1.28436,1.28291,1.28305,0,0
2014-10-16,05:00:00,1.28305,1.28332,1.28244,1.28254,0,0
2014-10-16,06:00:00,1.28251,1.28299,1.28165,1.28188,0,0
2014-10-16,07:00:00,1.28188,1.28243,1.2813,1.28212,0,0
2014-10-16,08:00:00,1.28216,1.28231,1.2813,1.28138,0,0
2014-10-16,09:00:00,1.2814,1.28179,1.27851,1.27938,0,0
2014-10-16,10:00:00,1.27938,1.28039,1.27727,1.27935,0,0
2014-10-16,11:00:00,1.27935,1.28236,1.27852,1.27972,0,0
2014-10-16,12:00:00,1.27967,1.28164,1.27509,1.27511,0,0
2014-10-16,13:00:00,1.27508,1.27526,1.27057,1.27425,0,0
2014-10-16,14:00:00,1.27423,1.27658,1.27361,1.27394,0,0
2014-10-16,15:00:00,1.27398,1.27769,1.27339,1.27485,0,0
2014-10-16,16:00:00,1.27483,1.27651,1.2736,1.27458,0,0
2014-10-16,17:00:00,1.27458,1.2796,1.2732,1.27803,0,0
2014-10-16,18:00:00,1.27801,1.28139,1.27769,1.28099,0,0
2014-10-16,19:00:00,1.28095,1.28277,1.28032,1.28251,0,0
2014-10-16,20:00:00,1.28244,1.28392,1.28081,1.28087,0,0
2014-10-16,21:00:00,1.2808,1.28088,1.27915,1.27984,0,0
2014-10-16,22:00:00,1.27996,1.28053,1.27881,1.28045,0,0
2014-10-16,23:00:00,1.28045,1.28099,1.27995,1.28073,0,0
2014-10-16,23:59:00,1.28076,1.28086,1.27975,1.28032,0,0
2014-10-17,01:00:00,1.28032,1.28076,1.27928,1.28075,0,0
2014-10-17,02:00:00,1.28075,1.28141,1.28023,1.28042,0,0
2014-10-17,03:00:00,1.28043,1.28108,1.27987,1.28087,0,0
2014-10-17,04:00:00,1.28085,1.28147,1.28029,1.28029,0,0
2014-10-17,05:00:00,1.28034,1.28073,1.27997,1.28003,0,0
2014-10-17,06:00:00,1.28003,1.28019,1.27936,1.27958,0,0
2014-10-17,07:00:00,1.27958,1.27995,1.27937,1.27979,0,0
2014-10-17,08:00:00,1.27978,1.28093,1.27967,1.28064,0,0
2014-10-17,09:00:00,1.28064,1.28077,1.27804,1.27892,0,0
2014-10-17,10:00:00,1.2789,1.2797,1.27817,1.27855,0,0
2014-10-17,11:00:00,1.27855,1.2834,1.27827,1.28318,0,0
2014-10-17,12:00:00,1.28324,1.28358,1.28037,1.28099,0,0
2014-10-17,13:00:00,1.28108,1.28259,1.27996,1.28137,0,0
2014-10-17,14:00:00,1.28134,1.2834,1.28125,1.28334,0,0
2014-10-17,15:00:00,1.28336,1.28357,1.27862,1.28031,0,0
2014-10-17,16:00:00,1.28041,1.28041,1.27543,1.27581,0,0
2014-10-17,17:00:00,1.27584,1.27788,1.27559,1.27657,0,0
2014-10-17,18:00:00,1.27655,1.27693,1.27437,1.27544,0,0
2014-10-17,19:00:00,1.27544,1.27753,1.27534,1.27707,0,0
2014-10-17,20:00:00,1.27713,1.27788,1.27701,1.27759,0,0
2014-10-17,21:00:00,1.27756,1.27769,1.27623,1.27717,0,0
2014-10-17,22:00:00,1.27717,1.27744,1.27564,1.27597,0,0
2014-10-17,23:00:00,1.27597,1.27597,1.27597,1.27597,0,0
2014-10-20,01:00:00,1.27557,1.2756,1.27363,1.27416,0,0
2014-10-20,02:00:00,1.27415,1.27512,1.27374,1.27473,0,0
2014-10-20,03:00:00,1.27473,1.27579,1.27473,1.2752,0,0
2014-10-20,04:00:00,1.27517,1.27689,1.27491,1.27616,0,0
2014-10-20,05:00:00,1.27615,1.27689,1.27615,1.27658,0,0
2014-10-20,06:00:00,1.27658,1.27667,1.27547,1.27582,0,0
2014-10-20,07:00:00,1.27582,1.27582,1.27513,1.27557,0,0
2014-10-20,08:00:00,1.27557,1.27594,1.27532,1.27547,0,0
2014-10-20,09:00:00,1.27547,1.27578,1.27311,1.27347,0,0
2014-10-20,10:00:00,1.27345,1.27743,1.27345,1.27675,0,0
2014-10-20,11:00:00,1.27677,1.27777,1.27547,1.27558,0,0
2014-10-20,12:00:00,1.27557,1.27721,1.27519,1.27692,0,0
2014-10-20,13:00:00,1.27692,1.27754,1.27646,1.27697,0,0
2014-10-20,14:00:00,1.27698,1.27886,1.27686,1.27686,0,0
2014-10-20,15:00:00,1.27686,1.27838,1.27669,1.27672,0,0
2014-10-20,16:00:00,1.27671,1.27714,1.27555,1.27677,0,0
2014-10-20,17:00:00,1.2768,1.27831,1.2762,1.27801,0,0
2014-10-20,18:00:00,1.27801,1.27874,1.27748,1.2782,0,0
2014-10-20,19:00:00,1.2782,1.27987,1.27785,1.27946,0,0
2014-10-20,20:00:00,1.27946,1.28056,1.27917,1.27955,0,0
2014-10-20,21:00:00,1.27954,1.28105,1.2792,1.28075,0,0
2014-10-20,22:00:00,1.28075,1.28162,1.27984,1.28045,0,0
2014-10-20,23:00:00,1.28042,1.2807,1.27974,1.27998,0,0
2014-10-20,23:59:00,1.28,1.28007,1.27925,1.2794,0,0
2014-10-21,01:00:00,1.27948,1.28003,1.27918,1.27931,0,0
2014-10-21,02:00:00,1.27929,1.2795,1.27883,1.27939,0,0
2014-10-21,03:00:00,1.27939,1.28014,1.2791,1.2792,0,0
2014-10-21,04:00:00,1.2792,1.27956,1.27899,1.27917,0,0
2014-10-21,05:00:00,1.27917,1.28043,1.2791,1.28002,0,0
2014-10-21,06:00:00,1.28002,1.28116,1.27979,1.28097,0,0
2014-10-21,07:00:00,1.28095,1.28237,1.28082,1.28228,0,0
2014-10-21,08:00:00,1.28228,1.28239,1.28166,1.28187,0,0
2014-10-21,09:00:00,1.28186,1.28365,1.28106,1.28156,0,0
2014-10-21,10:00:00,1.28156,1.28392,1.28155,1.2827,0,0
2014-10-21,11:00:00,1.28271,1.28289,1.2807,1.2811,0,0
2014-10-21,12:00:00,1.2811,1.2816,1.27612,1.27632,0,0
2014-10-21,13:00:00,1.27634,1.27699,1.27536,1.27552,0,0
2014-10-21,14:00:00,1.27559,1.27835,1.27456,1.27801,0,0
2014-10-21,15:00:00,1.27805,1.27809,1.27493,1.27551,0,0
2014-10-21,16:00:00,1.27551,1.27608,1.27337,1.27394,0,0
2014-10-21,17:00:00,1.27392,1.27392,1.27161,1.27293,0,0
2014-10-21,18:00:00,1.27292,1.27311,1.27171,1.2724,0,0
2014-10-21,19:00:00,1.27242,1.27346,1.2723,1.27324,0,0
2014-10-21,20:00:00,1.27324,1.27423,1.27284,1.27362,0,0
2014-10-21,21:00:00,1.27361,1.27364,1.27208,1.27255,0,0
2014-10-21,22:00:00,1.27252,1.27273,1.27145,1.27148,0,0
2014-10-21,23:00:00,1.27144,1.27196,1.27137,1.27149,0,0
2014-10-21,23:59:00,1.2715,1.27188,1.27105,1.27111,0,0
2014-10-22,01:00:00,1.27111,1.27145,1.27064,1.27104,0,0
2014-10-22,02:00:00,1.27105,1.27143,1.27093,1.27135,0,0
2014-10-22,03:00:00,1.27128,1.27166,1.27094,1.27118,0,0
2014-10-22,04:00:00,1.27118,1.27259,1.27118,1.27243,0,0
2014-10-22,05:00:00,1.2724,1.27276,1.27181,1.27221,0,0
2014-10-22,06:00:00,1.27221,1.273,1.27221,1.2726,0,0
2014-10-22,07:00:00,1.27253,1.27262,1.27221,1.27238,0,0
2014-10-22,08:00:00,1.27236,1.27272,1.27205,1.27249,0,0
2014-10-22,09:00:00,1.27247,1.27395,1.27221,1.27331,0,0
2014-10-22,10:00:00,1.27332,1.27349,1.27023,1.27152,0,0
2014-10-22,11:00:00,1.27151,1.27153,1.26812,1.26893,0,0
2014-10-22,12:00:00,1.26893,1.26983,1.26872,1.26891,0,0
2014-10-22,13:00:00,1.26891,1.26974,1.26861,1.26901,0,0
2014-10-22,14:00:00,1.26904,1.27274,1.26904,1.27011,0,0
2014-10-22,15:00:00,1.27011,1.27044,1.2661,1.26644,0,0
2014-10-22,16:00:00,1.26644,1.26798,1.26592,1.26661,0,0
2014-10-22,17:00:00,1.26658,1.26689,1.2652,1.26664,0,0
2014-10-22,18:00:00,1.26663,1.26673,1.26467,1.26579,0,0
2014-10-22,19:00:00,1.26573,1.26661,1.2656,1.26635,0,0
2014-10-22,20:00:00,1.26636,1.2665,1.26523,1.26551,0,0
2014-10-22,21:00:00,1.26551,1.26558,1.26415,1.26445,0,0
2014-10-22,22:00:00,1.26452,1.26489,1.26371,1.26442,0,0
2014-10-22,23:00:00,1.26443,1.26485,1.26414,1.26473,0,0
2014-10-22,23:59:00,1.26466,1.26493,1.26414,1.26445,0,0
2014-10-23,01:00:00,1.26448,1.26473,1.26421,1.26471,0,0
2014-10-23,02:00:00,1.26475,1.26475,1.26402,1.26413,0,0
2014-10-23,03:00:00,1.26418,1.26495,1.26375,1.26383,0,0
2014-10-23,04:00:00,1.26383,1.26439,1.26328,1.26335,0,0
2014-10-23,05:00:00,1.26335,1.26384,1.26332,1.26337,0,0
2014-10-23,06:00:00,1.26337,1.26421,1.26329,1.26377,0,0
2014-10-23,07:00:00,1.26378,1.2639,1.26357,1.26382,0,0
2014-10-23,08:00:00,1.2638,1.26468,1.26368,1.26457,0,0
2014-10-23,09:00:00,1.26457,1.26492,1.26297,1.26363,0,0
2014-10-23,10:00:00,1.26363,1.26543,1.26133,1.26389,0,0
2014-10-23,11:00:00,1.2639,1.26667,1.2639,1.26607,0,0
2014-10-23,12:00:00,1.26606,1.26702,1.26536,1.26591,0,0
2014-10-23,13:00:00,1.26591,1.26753,1.2657,1.26661,0,0
2014-10-23,14:00:00,1.26657,1.26713,1.26577,1.26696,0,0
2014-10-23,15:00:00,1.26703,1.26712,1.26518,1.26593,0,0
2014-10-23,16:00:00,1.26593,1.26652,1.2644,1.26503,0,0
2014-10-23,17:00:00,1.26503,1.26537,1.26307,1.26471,0,0
2014-10-23,18:00:00,1.26471,1.26604,1.26417,1.2656,0,0
2014-10-23,19:00:00,1.26561,1.26616,1.26418,1.26418,0,0
2014-10-23,20:00:00,1.26421,1.26486,1.26394,1.26474,0,0
2014-10-23,21:00:00,1.26474,1.26495,1.26374,1.26491,0,0
2014-10-23,22:00:00,1.26492,1.26633,1.26474,1.26512,0,0
2014-10-23,23:00:00,1.26512,1.26515,1.26447,1.26451,0,0
2014-10-23,23:59:00,1.26451,1.26491,1.2642,1.26446,0,0
2014-10-24,01:00:00,1.26449,1.26534,1.26439,1.26505,0,0
2014-10-24,02:00:00,1.26506,1.26532,1.26469,1.26492,0,0
2014-10-24,03:00:00,1.2649,1.26607,1.26458,1.26557,0,0
2014-10-24,04:00:00,1.26557,1.26596,1.26514,1.26583,0,0
2014-10-24,05:00:00,1.26583,1.26583,1.26516,1.26524,0,0
2014-10-24,06:00:00,1.26524,1.26572,1.265,1.26556,0,0
2014-10-24,07:00:00,1.26556,1.26573,1.26508,1.26547,0,0
2014-10-24,08:00:00,1.26547,1.26578,1.26539,1.26545,0,0
2014-10-24,09:00:00,1.26544,1.26645,1.26457,1.26466,0,0
2014-10-24,10:00:00,1.26466,1.26494,1.26347,1.26408,0,0
2014-10-24,11:00:00,1.26408,1.26568,1.26385,1.26554,0,0
2014-10-24,12:00:00,1.26559,1.26566,1.2641,1.26448,0,0
2014-10-24,13:00:00,1.26448,1.26536,1.26425,1.26526,0,0
2014-10-24,14:00:00,1.26526,1.26628,1.26477,1.26598,0,0
2014-10-24,15:00:00,1.26598,1.26801,1.26461,1.26755,0,0
2014-10-24,16:00:00,1.26745,1.26902,1.2666,1.26814,0,0
2014-10-24,17:00:00,1.26821,1.2695,1.2659,1.26686,0,0
2014-10-24,18:00:00,1.26688,1.26757,1.2665,1.26737,0,0
2014-10-24,19:00:00,1.26737,1.26737,1.26595,1.26597,0,0
2014-10-24,20:00:00,1.26597,1.26743,1.26597,1.26728,0,0
2014-10-24,21:00:00,1.26728,1.26743,1.26634,1.26638,0,0
2014-10-24,22:00:00,1.26638,1.26694,1.26638,1.26673,0,0
2014-10-24,23:00:00,1.26671,1.26671,1.26671,1.26671,0,0
2014-10-27,01:00:00,1.26757,1.26857,1.26725,1.26757,0,0
2014-10-27,02:00:00,1.26758,1.26909,1.26752,1.26871,0,0
2014-10-27,03:00:00,1.26871,1.26986,1.26859,1.26986,0,0
2014-10-27,04:00:00,1.26985,1.2714,1.26925,1.27065,0,0
2014-10-27,05:00:00,1.27064,1.27095,1.27028,1.27054,0,0
2014-10-27,06:00:00,1.27057,1.27075,1.27018,1.2706,0,0
2014-10-27,07:00:00,1.2706,1.27076,1.27025,1.27049,0,0
2014-10-27,08:00:00,1.27041,1.27084,1.26933,1.26951,0,0
2014-10-27,09:00:00,1.2695,1.26965,1.26837,1.26909,0,0
2014-10-27,10:00:00,1.26911,1.27036,1.26852,1.26937,0,0
2014-10-27,11:00:00,1.26937,1.27054,1.26825,1.26838,0,0
2014-10-27,12:00:00,1.26838,1.2685,1.26681,1.26681,0,0
2014-10-27,13:00:00,1.26681,1.26773,1.26656,1.26739,0,0
2014-10-27,14:00:00,1.26739,1.26917,1.26739,1.26831,0,0
2014-10-27,15:00:00,1.26828,1.26855,1.26747,1.2682,0,0
2014-10-27,16:00:00,1.26821,1.27225,1.26815,1.2708,0,0
2014-10-27,17:00:00,1.2708,1.27144,1.27034,1.2711,0,0
2014-10-27,18:00:00,1.27109,1.27181,1.27096,1.27119,0,0
2014-10-27,19:00:00,1.27119,1.27138,1.27029,1.27042,0,0
2014-10-27,20:00:00,1.27045,1.27108,1.27041,1.27077,0,0
2014-10-27,21:00:00,1.27083,1.27085,1.27031,1.27054,0,0
2014-10-27,22:00:00,1.27056,1.27056,1.26972,1.26972,0,0
2014-10-27,23:00:00,1.26978,1.27014,1.26958,1.2697,0,0
2014-10-27,23:59:00,1.2697,1.2699,1.26954,1.26955,0,0
2014-10-28,01:00:00,1.26959,1.2703,1.26956,1.27022,0,0
2014-10-28,02:00:00,1.27021,1.27085,1.26967,1.27051,0,0
2014-10-28,03:00:00,1.27047,1.27135,1.27008,1.27096,0,0
2014-10-28,04:00:00,1.27096,1.27121,1.27076,1.27091,0,0
2014-10-28,05:00:00,1.27092,1.27151,1.27069,1.27089,0,0
2014-10-28,06:00:00,1.27089,1.27089,1.2704,1.27048,0,0
2014-10-28,07:00:00,1.27049,1.27066,1.26973,1.27002,0,0
2014-10-28,08:00:00,1.27008,1.27039,1.26988,1.2703,0,0
2014-10-28,09:00:00,1.2703,1.27187,1.2701,1.27138,0,0
2014-10-28,10:00:00,1.27138,1.27168,1.26969,1.26969,0,0
2014-10-28,11:00:00,1.26958,1.26985,1.26845,1.2696,0,0
2014-10-28,12:00:00,1.2696,1.27005,1.26875,1.26976,0,0
2014-10-28,13:00:00,1.26975,1.27094,1.26936,1.26993,0,0
2014-10-28,14:00:00,1.26995,1.27588,1.26986,1.27451,0,0
2014-10-28,15:00:00,1.27452,1.27641,1.27409,1.27409,0,0
2014-10-28,16:00:00,1.27411,1.27476,1.27202,1.27475,0,0
2014-10-28,17:00:00,1.27474,1.27524,1.27376,1.27458,0,0
2014-10-28,18:00:00,1.27462,1.27483,1.27395,1.27436,0,0
2014-10-28,19:00:00,1.27438,1.27491,1.27378,1.27385,0,0
2014-10-28,20:00:00,1.27384,1.27471,1.27351,1.27362,0,0
2014-10-28,21:00:00,1.27363,1.27387,1.27327,1.27385,0,0
2014-10-28,22:00:00,1.27385,1.27388,1.27316,1.2734,0,0
2014-10-28,23:00:00,1.27339,1.27354,1.27305,1.27332,0,0
2014-10-28,23:59:00,1.27332,1.27364,1.27322,1.27359,0,0
2014-10-29,01:00:00,1.27359,1.27381,1.27355,1.27371,0,0
2014-10-29,02:00:00,1.27374,1.27392,1.27306,1.27334,0,0
2014-10-29,03:00:00,1.27335,1.27391,1.27281,1.27381,0,0
2014-10-29,04:00:00,1.27387,1.27387,1.27348,1.2737,0,0
2014-10-29,05:00:00,1.27371,1.27402,1.27329,1.27349,0,0
2014-10-29,06:00:00,1.27349,1.2737,1.2734,1.27353,0,0
2014-10-29,07:00:00,1.27351,1.27392,1.27351,1.27384,0,0
2014-10-29,08:00:00,1.27384,1.27469,1.27347,1.27379,0,0
2014-10-29,09:00:00,1.27379,1.27455,1.2732,1.27384,0,0
2014-10-29,10:00:00,1.27384,1.27405,1.27236,1.27237,0,0
2014-10-29,11:00:00,1.27237,1.27337,1.27237,1.27293,0,0
2014-10-29,12:00:00,1.27295,1.27437,1.27283,1.27394,0,0
2014-10-29,13:00:00,1.27394,1.27449,1.27311,1.27311,0,0
2014-10-29,14:00:00,1.27311,1.27425,1.27288,1.27376,0,0
2014-10-29,15:00:00,1.27376,1.27439,1.27322,1.27402,0,0
2014-10-29,16:00:00,1.27402,1.27689,1.274,1.27581,0,0
2014-10-29,17:00:00,1.2758,1.27695,1.27561,1.27607,0,0
2014-10-29,18:00:00,1.27603,1.27659,1.27496,1.27559,0,0
2014-10-29,19:00:00,1.27559,1.2756,1.27222,1.27322,0,0
2014-10-29,20:00:00,1.27315,1.27335,1.26328,1.26457,0,0
2014-10-29,21:00:00,1.26457,1.26527,1.26367,1.26381,0,0
2014-10-29,22:00:00,1.26386,1.26417,1.26304,1.26314,0,0
2014-10-29,23:00:00,1.26314,1.26376,1.2626,1.26354,0,0
2014-10-29,23:59:00,1.26355,1.26391,1.26343,1.26374,0,0
2014-10-30,01:00:00,1.2637,1.26391,1.26304,1.26315,0,0
2014-10-30,02:00:00,1.26316,1.26328,1.26191,1.26242,0,0
2014-10-30,03:00:00,1.26242,1.26252,1.26164,1.26243,0,0
2014-10-30,04:00:00,1.26243,1.26272,1.26215,1.26246,0,0
2014-10-30,05:00:00,1.26247,1.26251,1.26177,1.26182,0,0
2014-10-30,06:00:00,1.26182,1.26204,1.2605,1.26076,0,0
2014-10-30,07:00:00,1.26077,1.2608,1.25865,1.25966,0,0
2014-10-30,08:00:00,1.25966,1.2604,1.2593,1.2598,0,0
2014-10-30,09:00:00,1.25958,1.26025,1.25836,1.25892,0,0
2014-10-30,10:00:00,1.25892,1.25892,1.25561,1.25735,0,0
2014-10-30,11:00:00,1.25734,1.25925,1.25548,1.25856,0,0
2014-10-30,12:00:00,1.25858,1.25979,1.2583,1.25865,0,0
2014-10-30,13:00:00,1.25867,1.25971,1.25821,1.25845,0,0
2014-10-30,14:00:00,1.25846,1.26075,1.25467,1.26005,0,0
2014-10-30,15:00:00,1.26005,1.26136,1.25916,1.26081,0,0
2014-10-30,16:00:00,1.26075,1.26256,1.26067,1.26221,0,0
2014-10-30,17:00:00,1.26226,1.26232,1.26074,1.2621,0,0
2014-10-30,18:00:00,1.26209,1.26311,1.26166,1.26177,0,0
2014-10-30,19:00:00,1.26178,1.26184,1.26069,1.26093,0,0
2014-10-30,20:00:00,1.26091,1.26157,1.26064,1.26121,0,0
2014-10-30,21:00:00,1.26121,1.26142,1.26029,1.26032,0,0
2014-10-30,22:00:00,1.26036,1.26132,1.26033,1.2613,0,0
2014-10-30,23:00:00,1.26127,1.26173,1.26114,1.26129,0,0
2014-10-30,23:59:00,1.26128,1.26152,1.26045,1.26045,0,0
2014-10-31,01:00:00,1.26045,1.26139,1.26028,1.2609,0,0
2014-10-31,02:00:00,1.26089,1.2609,1.25991,1.26042,0,0
2014-10-31,03:00:00,1.26042,1.2608,1.25992,1.25995,0,0
2014-10-31,04:00:00,1.25995,1.26011,1.25951,1.26005,0,0
2014-10-31,05:00:00,1.26005,1.26029,1.25981,1.26023,0,0
2014-10-31,06:00:00,1.26024,1.2603,1.25834,1.25867,0,0
2014-10-31,07:00:00,1.25866,1.25866,1.25662,1.25678,0,0
2014-10-31,08:00:00,1.25678,1.25794,1.25592,1.2563,0,0
2014-10-31,09:00:00,1.25632,1.25785,1.25409,1.25689,0,0
2014-10-31,10:00:00,1.25657,1.25788,1.2558,1.25721,0,0
2014-10-31,11:00:00,1.25731,1.25749,1.25484,1.25628,0,0
2014-10-31,12:00:00,1.25628,1.25863,1.25584,1.25767,0,0
2014-10-31,13:00:00,1.25768,1.25908,1.25735,1.25826,0,0
2014-10-31,14:00:00,1.25822,1.25825,1.25203,1.25252,0,0
2014-10-31,15:00:00,1.25222,1.25311,1.24856,1.25131,0,0
2014-10-31,16:00:00,1.25135,1.25181,1.24971,1.25076,0,0
2014-10-31,17:00:00,1.25068,1.25298,1.24899,1.25289,0,0
2014-10-31,18:00:00,1.25288,1.25385,1.2523,1.25338,0,0
2014-10-31,19:00:00,1.25339,1.25436,1.25274,1.25307,0,0
2014-10-31,20:00:00,1.25307,1.25375,1.25253,1.25257,0,0
2014-10-31,21:00:00,1.25259,1.25368,1.25259,1.25301,0,0
2014-10-31,22:00:00,1.25301,1.25349,1.25207,1.25221,0,0
2014-10-31,23:00:00,1.25241,1.25241,1.25232,1.25232,0,0
2014-11-03,01:00:00,1.25091,1.25113,1.25016,1.2502,0,0
2014-11-03,02:00:00,1.25019,1.25103,1.24374,1.24616,0,0
2014-11-03,03:00:00,1.24622,1.24787,1.24467,1.24667,0,0
2014-11-03,04:00:00,1.24664,1.24802,1.24662,1.24799,0,0
2014-11-03,05:00:00,1.248,1.24831,1.24762,1.24813,0,0
2014-11-03,06:00:00,1.24815,1.24846,1.24784,1.24834,0,0
2014-11-03,07:00:00,1.24833,1.24869,1.24809,1.24836,0,0
2014-11-03,08:00:00,1.24837,1.24982,1.24828,1.24931,0,0
2014-11-03,09:00:00,1.24931,1.25049,1.24832,1.24933,0,0
2014-11-03,10:00:00,1.24933,1.2501,1.2488,1.24986,0,0
2014-11-03,11:00:00,1.24984,1.25089,1.24915,1.24969,0,0
2014-11-03,12:00:00,1.24971,1.25057,1.24895,1.25001,0,0
2014-11-03,13:00:00,1.25002,1.25011,1.24894,1.24982,0,0
2014-11-03,14:00:00,1.2498,1.25059,1.24941,1.24943,0,0
2014-11-03,15:00:00,1.24939,1.25091,1.24855,1.25046,0,0
2014-11-03,16:00:00,1.25046,1.25051,1.24916,1.24936,0,0
2014-11-03,17:00:00,1.24934,1.25058,1.24746,1.24835,0,0
2014-11-03,18:00:00,1.24833,1.24954,1.24776,1.24866,0,0
2014-11-03,19:00:00,1.24861,1.24876,1.24775,1.24846,0,0
2014-11-03,20:00:00,1.24852,1.24881,1.24708,1.24816,0,0
2014-11-03,21:00:00,1.24816,1.24963,1.2478,1.24882,0,0
2014-11-03,22:00:00,1.24882,1.24948,1.24859,1.24906,0,0
2014-11-03,23:00:00,1.24911,1.24917,1.24803,1.24818,0,0
2014-11-03,23:59:00,1.24816,1.24925,1.24809,1.24902,0,0
2014-11-04,01:00:00,1.24879,1.24974,1.24868,1.24916,0,0
2014-11-04,02:00:00,1.24917,1.25039,1.24896,1.24988,0,0
2014-11-04,03:00:00,1.24989,1.25082,1.2496,1.24991,0,0
2014-11-04,04:00:00,1.24991,1.25084,1.24946,1.25069,0,0
2014-11-04,05:00:00,1.25068,1.253,1.25065,1.25256,0,0
2014-11-04,06:00:00,1.25256,1.25286,1.25171,1.25178,0,0
2014-11-04,07:00:00,1.25179,1.25253,1.25172,1.25228,0,0
2014-11-04,08:00:00,1.25229,1.25274,1.25132,1.25158,0,0
2014-11-04,09:00:00,1.25156,1.25161,1.25005,1.25054,0,0
2014-11-04,10:00:00,1.25054,1.25163,1.25021,1.25105,0,0
2014-11-04,11:00:00,1.25097,1.25129,1.25029,1.25114,0,0
2014-11-04,12:00:00,1.25109,1.25291,1.24999,1.25227,0,0
2014-11-04,13:00:00,1.25233,1.25236,1.25109,1.25124,0,0
2014-11-04,14:00:00,1.25127,1.25176,1.25104,1.25132,0,0
2014-11-04,15:00:00,1.25137,1.25244,1.25104,1.25219,0,0
2014-11-04,16:00:00,1.25218,1.25219,1.25049,1.25108,0,0
2014-11-04,17:00:00,1.25096,1.25768,1.25096,1.25703,0,0
2014-11-04,18:00:00,1.25706,1.25728,1.25501,1.2553,0,0
2014-11-04,19:00:00,1.2553,1.25538,1.25415,1.25449,0,0
2014-11-04,20:00:00,1.2545,1.25539,1.25408,1.25523,0,0
2014-11-04,21:00:00,1.25523,1.25571,1.25503,1.25556,0,0
2014-11-04,22:00:00,1.25556,1.25569,1.25436,1.25448,0,0
2014-11-04,23:00:00,1.25448,1.25476,1.2542,1.25453,0,0
2014-11-04,23:59:00,1.25456,1.25525,1.25397,1.25524,0,0
2014-11-05,01:00:00,1.25523,1.25589,1.255,1.25515,0,0
2014-11-05,02:00:00,1.25515,1.25568,1.25465,1.25559,0,0
2014-11-05,03:00:00,1.25563,1.2563,1.25538,1.25563,0,0
2014-11-05,04:00:00,1.25563,1.25578,1.25505,1.25561,0,0
2014-11-05,05:00:00,1.2556,1.25664,1.25553,1.25618,0,0
2014-11-05,06:00:00,1.25618,1.2564,1.25523,1.2557,0,0
2014-11-05,07:00:00,1.2557,1.25589,1.25388,1.25432,0,0
2014-11-05,08:00:00,1.25433,1.25451,1.25273,1.25325,0,0
2014-11-05,09:00:00,1.25325,1.25368,1.25155,1.25169,0,0
2014-11-05,10:00:00,1.25172,1.25219,1.2492,1.25019,0,0
2014-11-05,11:00:00,1.25016,1.25022,1.24806,1.24832,0,0
2014-11-05,12:00:00,1.24832,1.24941,1.24744,1.24863,0,0
2014-11-05,13:00:00,1.24873,1.24946,1.2471,1.2471,0,0
2014-11-05,14:00:00,1.24712,1.24849,1.24667,1.24734,0,0
2014-11-05,15:00:00,1.24733,1.25057,1.24692,1.24941,0,0
2014-11-05,16:00:00,1.2494,1.25033,1.24744,1.24744,0,0
2014-11-05,17:00:00,1.24749,1.2496,1.24573,1.24878,0,0
2014-11-05,18:00:00,1.24878,1.24936,1.24741,1.24872,0,0
2014-11-05,19:00:00,1.24872,1.24954,1.24783,1.24916,0,0
2014-11-05,20:00:00,1.24916,1.24941,1.24766,1.24799,0,0
2014-11-05,21:00:00,1.24799,1.24852,1.2475,1.24777,0,0
2014-11-05,22:00:00,1.24779,1.24836,1.24751,1.2482,0,0
2014-11-05,23:00:00,1.24819,1.24869,1.24818,1.24858,0,0
2014-11-05,23:59:00,1.24858,1.24864,1.24726,1.24748,0,0
2014-11-06,01:00:00,1.2476,1.24788,1.24715,1.24772,0,0
2014-11-06,02:00:00,1.24773,1.249,1.24731,1.24773,0,0
2014-11-06,03:00:00,1.24773,1.24904,1.2477,1.24846,0,0
2014-11-06,04:00:00,1.24845,1.24938,1.24803,1.2482,0,0
2014-11-06,05:00:00,1.2482,1.2492,1.24805,1.24899,0,0
2014-11-06,06:00:00,1.24899,1.25148,1.24862,1.25138,0,0
2014-11-06,07:00:00,1.25137,1.25291,1.25071,1.25239,0,0
2014-11-06,08:00:00,1.25239,1.25286,1.2516,1.25214,0,0
2014-11-06,09:00:00,1.25214,1.25235,1.25057,1.25065,0,0
2014-11-06,10:00:00,1.25061,1.25164,1.24951,1.25048,0,0
2014-11-06,11:00:00,1.25046,1.25131,1.25004,1.25095,0,0
2014-11-06,12:00:00,1.25096,1.25259,1.2504,1.25125,0,0
2014-11-06,13:00:00,1.25125,1.25326,1.25103,1.25189,0,0
2014-11-06,14:00:00,1.25189,1.25282,1.25094,1.25203,0,0
2014-11-06,15:00:00,1.25206,1.25257,1.23976,1.24176,0,0
2014-11-06,16:00:00,1.2418,1.24466,1.2399,1.24427,0,0
2014-11-06,17:00:00,1.24437,1.24437,1.24211,1.24355,0,0
2014-11-06,18:00:00,1.24352,1.24377,1.24072,1.24121,0,0
2014-11-06,19:00:00,1.24121,1.2415,1.2395,1.23974,0,0
2014-11-06,20:00:00,1.23974,1.24012,1.23851,1.23912,0,0
2014-11-06,21:00:00,1.23912,1.23933,1.23826,1.23865,0,0
2014-11-06,22:00:00,1.23865,1.23882,1.23744,1.2376,0,0
2014-11-06,23:00:00,1.23753,1.23772,1.23645,1.23737,0,0
2014-11-06,23:59:00,1.23736,1.238,1.23694,1.23786,0,0
2014-11-07,01:00:00,1.23785,1.23822,1.23718,1.23792,0,0
2014-11-07,02:00:00,1.23794,1.23861,1.23751,1.23785,0,0
2014-11-07,03:00:00,1.23791,1.23824,1.23737,1.23797,0,0
2014-11-07,04:00:00,1.23793,1.2385,1.23772,1.23798,0,0
2014-11-07,05:00:00,1.23798,1.23841,1.23778,1.23782,0,0
2014-11-07,06:00:00,1.23782,1.23792,1.23682,1.23711,0,0
2014-11-07,07:00:00,1.23709,1.23803,1.23708,1.23783,0,0
2014-11-07,08:00:00,1.23772,1.23858,1.23755,1.23797,0,0
2014-11-07,09:00:00,1.23795,1.23964,1.23758,1.23849,0,0
2014-11-07,10:00:00,1.23844,1.24006,1.23839,1.23946,0,0
2014-11-07,11:00:00,1.23947,1.24006,1.23855,1.23935,0,0
2014-11-07,12:00:00,1.23935,1.24072,1.23904,1.24044,0,0
2014-11-07,13:00:00,1.24044,1.24056,1.23934,1.23936,0,0
2014-11-07,14:00:00,1.23933,1.23979,1.23895,1.23929,0,0
2014-11-07,15:00:00,1.23929,1.24407,1.2358,1.23789,0,0
2014-11-07,16:00:00,1.23792,1.24377,1.23785,1.24299,0,0
2014-11-07,17:00:00,1.24296,1.24408,1.2411,1.24133,0,0
2014-11-07,18:00:00,1.24136,1.24288,1.24117,1.24205,0,0
2014-11-07,19:00:00,1.24208,1.24393,1.24208,1.24325,0,0
2014-11-07,20:00:00,1.24324,1.24692,1.24295,1.24493,0,0
2014-11-07,21:00:00,1.24492,1.24521,1.24287,1.24408,0,0
2014-11-07,22:00:00,1.2441,1.24608,1.24385,1.24532,0,0
2014-11-07,23:00:00,1.24523,1.24524,1.24523,1.24524,0,0
2014-11-10,01:00:00,1.24628,1.24778,1.2459,1.24607,0,0
2014-11-10,02:00:00,1.24609,1.24665,1.2454,1.24594,0,0
2014-11-10,03:00:00,1.24595,1.24597,1.24534,1.24586,0,0
2014-11-10,04:00:00,1.24717,1.24885,1.24708,1.24749,0,0
2014-11-10,05:00:00,1.24751,1.24855,1.2473,1.24821,0,0
2014-11-10,06:00:00,1.24821,1.24856,1.24795,1.24806,0,0
2014-11-10,07:00:00,1.24806,1.24875,1.24744,1.24791,0,0
2014-11-10,08:00:00,1.24791,1.2485,1.24731,1.24733,0,0
2014-11-10,09:00:00,1.24738,1.24821,1.24648,1.24735,0,0
2014-11-10,10:00:00,1.24736,1.24809,1.24664,1.24751,0,0
2014-11-10,11:00:00,1.24749,1.24944,1.2473,1.24862,0,0
2014-11-10,12:00:00,1.24857,1.25084,1.24812,1.25064,0,0
2014-11-10,13:00:00,1.25064,1.25076,1.24818,1.24853,0,0
2014-11-10,14:00:00,1.24868,1.24955,1.24817,1.24869,0,0
2014-11-10,15:00:00,1.24869,1.24883,1.2474,1.24856,0,0
2014-11-10,16:00:00,1.2485,1.2485,1.24406,1.24407,0,0
2014-11-10,17:00:00,1.24396,1.24464,1.24288,1.24436,0,0
2014-11-10,18:00:00,1.24436,1.24442,1.24231,1.24236,0,0
2014-11-10,19:00:00,1.24253,1.24335,1.24216,1.24273,0,0
2014-11-10,20:00:00,1.2426,1.2434,1.24188,1.2434,0,0
2014-11-10,21:00:00,1.2434,1.24351,1.24217,1.24223,0,0
2014-11-10,22:00:00,1.24225,1.24237,1.24186,1.24212,0,0
2014-11-10,23:00:00,1.24215,1.24292,1.2419,1.24204,0,0
2014-11-10,23:59:00,1.24205,1.24261,1.24151,1.24239,0,0
2014-11-11,01:00:00,1.24239,1.2431,1.24235,1.24249,0,0
2014-11-11,02:00:00,1.24265,1.24321,1.24195,1.24314,0,0
2014-11-11,03:00:00,1.24314,1.24399,1.24309,1.24332,0,0
2014-11-11,04:00:00,1.24333,1.24405,1.24333,1.24378,0,0
2014-11-11,05:00:00,1.24378,1.24407,1.2428,1.24281,0,0
2014-11-11,06:00:00,1.24283,1.24296,1.2416,1.24181,0,0
2014-11-11,07:00:00,1.24181,1.24254,1.24144,1.24246,0,0
2014-11-11,08:00:00,1.24246,1.24266,1.24147,1.24168,0,0
2014-11-11,09:00:00,1.2418,1.24242,1.24045,1.24073,0,0
2014-11-11,10:00:00,1.2407,1.24146,1.2395,1.24113,0,0
2014-11-11,11:00:00,1.24112,1.24154,1.23943,1.24049,0,0
2014-11-11,12:00:00,1.24067,1.24105,1.24005,1.2408,0,0
2014-11-11,13:00:00,1.2408,1.24259,1.24069,1.24128,0,0
2014-11-11,14:00:00,1.24139,1.24249,1.24137,1.24178,0,0
2014-11-11,15:00:00,1.24178,1.2436,1.24158,1.24219,0,0
2014-11-11,16:00:00,1.24261,1.24348,1.2422,1.24232,0,0
2014-11-11,17:00:00,1.24216,1.24277,1.24118,1.2427,0,0
2014-11-11,18:00:00,1.24268,1.24566,1.24242,1.24506,0,0
2014-11-11,19:00:00,1.24505,1.24656,1.24446,1.24626,0,0
2014-11-11,20:00:00,1.24627,1.24935,1.24585,1.24836,0,0
2014-11-11,21:00:00,1.24836,1.2498,1.24757,1.24764,0,0
2014-11-11,22:00:00,1.24765,1.24853,1.24738,1.24745,0,0
2014-11-11,23:00:00,1.24751,1.24766,1.24707,1.24744,0,0
2014-11-11,23:59:00,1.24744,1.24753,1.24688,1.24726,0,0
2014-11-12,01:00:00,1.24727,1.24759,1.24696,1.24756,0,0
2014-11-12,02:00:00,1.24755,1.24771,1.24542,1.24566,0,0
2014-11-12,03:00:00,1.24572,1.24622,1.24539,1.2461,0,0
2014-11-12,04:00:00,1.2461,1.24745,1.24602,1.2464,0,0
2014-11-12,05:00:00,1.24643,1.24689,1.24586,1.24658,0,0
2014-11-12,06:00:00,1.24659,1.24693,1.24583,1.24661,0,0
2014-11-12,07:00:00,1.24661,1.2479,1.24657,1.2479,0,0
2014-11-12,08:00:00,1.24789,1.24931,1.24766,1.24787,0,0
2014-11-12,09:00:00,1.24786,1.24974,1.24755,1.24967,0,0
2014-11-12,10:00:00,1.24945,1.24949,1.24589,1.24714,0,0
2014-11-12,11:00:00,1.24736,1.24736,1.24303,1.24384,0,0
2014-11-12,12:00:00,1.24385,1.24712,1.24383,1.2465,0,0
2014-11-12,13:00:00,1.24651,1.24903,1.2455,1.24597,0,0
2014-11-12,14:00:00,1.24592,1.24728,1.24548,1.24627,0,0
2014-11-12,15:00:00,1.24628,1.24913,1.24603,1.24697,0,0
2014-11-12,16:00:00,1.24701,1.24726,1.24484,1.24536,0,0
2014-11-12,17:00:00,1.24536,1.24828,1.24531,1.24765,0,0
2014-11-12,18:00:00,1.24765,1.24814,1.24531,1.24563,0,0
2014-11-12,19:00:00,1.24583,1.24584,1.24347,1.24385,0,0
2014-11-12,20:00:00,1.24388,1.24448,1.24193,1.24256,0,0
2014-11-12,21:00:00,1.24256,1.24334,1.2423,1.24315,0,0
2014-11-12,22:00:00,1.24315,1.24351,1.24282,1.24332,0,0
2014-11-12,23:00:00,1.24339,1.24405,1.24332,1.24371,0,0
2014-11-12,23:59:00,1.24356,1.2439,1.2428,1.24283,0,0
2014-11-13,01:00:00,1.24292,1.24343,1.24257,1.24296,0,0
2014-11-13,02:00:00,1.24296,1.24397,1.24275,1.24362,0,0
2014-11-13,03:00:00,1.24361,1.24465,1.24332,1.24463,0,0
2014-11-13,04:00:00,1.24463,1.24507,1.24307,1.24412,0,0
2014-11-13,05:00:00,1.24411,1.24438,1.2433,1.24427,0,0
2014-11-13,06:00:00,1.24426,1.24463,1.24392,1.24456,0,0
2014-11-13,07:00:00,1.24454,1.24466,1.24418,1.24449,0,0
2014-11-13,08:00:00,1.24449,1.24501,1.24414,1.24418,0,0
2014-11-13,09:00:00,1.24416,1.24569,1.24336,1.24528,0,0
2014-11-13,10:00:00,1.24527,1.24693,1.24515,1.24643,0,0
2014-11-13,11:00:00,1.24625,1.24714,1.24539,1.24624,0,0
2014-11-13,12:00:00,1.24624,1.24744,1.24608,1.24659,0,0
2014-11-13,13:00:00,1.2466,1.24716,1.24624,1.24628,0,0
2014-11-13,14:00:00,1.24618,1.24674,1.24565,1.24573,0,0
2014-11-13,15:00:00,1.24576,1.24712,1.24504,1.24558,0,0
2014-11-13,16:00:00,1.24558,1.24681,1.24556,1.24654,0,0
2014-11-13,17:00:00,1.24683,1.24896,1.24669,1.2474,0,0
2014-11-13,18:00:00,1.24734,1.24834,1.24646,1.24765,0,0
2014-11-13,19:00:00,1.24764,1.24765,1.24553,1.24647,0,0
2014-11-13,20:00:00,1.24649,1.24801,1.24609,1.24754,0,0
2014-11-13,21:00:00,1.24754,1.2491,1.24754,1.24873,0,0
2014-11-13,22:00:00,1.24863,1.24871,1.24743,1.24775,0,0
2014-11-13,23:00:00,1.2477,1.24788,1.24735,1.24754,0,0
2014-11-13,23:59:00,1.24759,1.24778,1.24732,1.24745,0,0
2014-11-14,01:00:00,1.24745,1.24758,1.24714,1.24737,0,0
2014-11-14,02:00:00,1.24728,1.2476,1.24605,1.24613,0,0
2014-11-14,03:00:00,1.24613,1.24689,1.24589,1.24664,0,0
2014-11-14,04:00:00,1.24665,1.24669,1.24515,1.24528,0,0
2014-11-14,05:00:00,1.24527,1.24564,1.24514,1.24547,0,0
2014-11-14,06:00:00,1.24545,1.24577,1.24407,1.24412,0,0
2014-11-14,07:00:00,1.24395,1.2444,1.24272,1.24308,0,0
2014-11-14,08:00:00,1.2431,1.24424,1.24265,1.24423,0,0
2014-11-14,09:00:00,1.24513,1.24556,1.24318,1.24488,0,0
2014-11-14,10:00:00,1.24522,1.24706,1.24419,1.24645,0,0
2014-11-14,11:00:00,1.24648,1.2468,1.24527,1.2462,0,0
2014-11-14,12:00:00,1.2463,1.24682,1.24528,1.24621,0,0
2014-11-14,13:00:00,1.24621,1.24621,1.2442,1.24448,0,0
2014-11-14,14:00:00,1.24452,1.24527,1.24419,1.24433,0,0
2014-11-14,15:00:00,1.24402,1.24422,1.23983,1.24135,0,0
2014-11-14,16:00:00,1.24135,1.24257,1.24054,1.2416,0,0
2014-11-14,17:00:00,1.2441,1.24869,1.24355,1.24752,0,0
2014-11-14,18:00:00,1.24796,1.2499,1.24636,1.24952,0,0
2014-11-14,19:00:00,1.24925,1.25433,1.2492,1.25169,0,0
2014-11-14,20:00:00,1.25161,1.2525,1.25161,1.25248,0,0
2014-11-14,21:00:00,1.25263,1.25453,1.25234,1.25244,0,0
2014-11-14,22:00:00,1.25244,1.25282,1.25205,1.25259,0,0
2014-11-14,23:00:00,1.25257,1.25257,1.25257,1.25257,0,0
2014-11-17,01:00:00,1.25184,1.25216,1.25146,1.25206,0,0
2014-11-17,02:00:00,1.25207,1.25473,1.25179,1.25245,0,0
2014-11-17,03:00:00,1.25245,1.25481,1.25245,1.2543,0,0
2014-11-17,04:00:00,1.25431,1.25769,1.25412,1.25681,0,0
2014-11-17,05:00:00,1.25678,1.25716,1.25514,1.25514,0,0
2014-11-17,06:00:00,1.25515,1.2556,1.25476,1.25479,0,0
2014-11-17,07:00:00,1.2548,1.25508,1.25412,1.25457,0,0
2014-11-17,08:00:00,1.25465,1.25482,1.25373,1.25384,0,0
2014-11-17,09:00:00,1.2538,1.25398,1.25239,1.25307,0,0
2014-11-17,10:00:00,1.25307,1.25308,1.25155,1.25218,0,0
2014-11-17,11:00:00,1.25217,1.25218,1.24832,1.24939,0,0
2014-11-17,12:00:00,1.24916,1.24967,1.24855,1.24958,0,0
2014-11-17,13:00:00,1.24954,1.25061,1.24899,1.249,0,0
2014-11-17,14:00:00,1.249,1.25013,1.24871,1.24947,0,0
2014-11-17,15:00:00,1.2494,1.25049,1.2491,1.25021,0,0
2014-11-17,16:00:00,1.25031,1.25031,1.2458,1.24631,0,0
2014-11-17,17:00:00,1.24577,1.24635,1.24459,1.24528,0,0
2014-11-17,18:00:00,1.24558,1.24616,1.24479,1.24481,0,0
2014-11-17,19:00:00,1.2446,1.24561,1.2446,1.24495,0,0
2014-11-17,20:00:00,1.2448,1.24555,1.24469,1.24536,0,0
2014-11-17,21:00:00,1.24522,1.24593,1.24511,1.24524,0,0
2014-11-17,22:00:00,1.24521,1.24538,1.24496,1.24498,0,0
2014-11-17,23:00:00,1.24498,1.24526,1.24479,1.24498,0,0
2014-11-17,23:59:00,1.2449,1.2453,1.24458,1.24491,0,0
2014-11-18,01:00:00,1.24494,1.24503,1.2443,1.24494,0,0
2014-11-18,02:00:00,1.24506,1.24647,1.24483,1.24636,0,0
2014-11-18,03:00:00,1.24636,1.24696,1.24602,1.24682,0,0
2014-11-18,04:00:00,1.24683,1.24758,1.24683,1.24746,0,0
2014-11-18,05:00:00,1.24745,1.24754,1.24709,1.24733,0,0
2014-11-18,06:00:00,1.24736,1.24748,1.24717,1.2472,0,0
2014-11-18,07:00:00,1.2472,1.24752,1.24676,1.24718,0,0
2014-11-18,08:00:00,1.24718,1.24744,1.24691,1.24705,0,0
2014-11-18,09:00:00,1.24705,1.2494,1.24685,1.2488,0,0
2014-11-18,10:00:00,1.24881,1.24967,1.24811,1.24935,0,0
2014-11-18,11:00:00,1.24933,1.25182,1.2487,1.25145,0,0
2014-11-18,12:00:00,1.25304,1.25394,1.251,1.251,0,0
2014-11-18,13:00:00,1.25101,1.25226,1.25101,1.2515,0,0
2014-11-18,14:00:00,1.25151,1.25179,1.25035,1.25035,0,0
2014-11-18,15:00:00,1.25045,1.25338,1.25041,1.25287,0,0
2014-11-18,16:00:00,1.25285,1.25319,1.2505,1.25113,0,0
2014-11-18,17:00:00,1.25112,1.25292,1.25013,1.25265,0,0
2014-11-18,18:00:00,1.25316,1.2544,1.25265,1.25322,0,0
2014-11-18,19:00:00,1.25323,1.25385,1.25289,1.25313,0,0
2014-11-18,20:00:00,1.25312,1.25416,1.25306,1.25364,0,0
2014-11-18,21:00:00,1.25364,1.25381,1.253,1.25345,0,0
2014-11-18,22:00:00,1.25339,1.25375,1.2531,1.25351,0,0
2014-11-18,23:00:00,1.25349,1.25375,1.2533,1.25347,0,0
2014-11-18,23:59:00,1.25348,1.2536,1.25297,1.25317,0,0
2014-11-19,01:00:00,1.25319,1.25371,1.253,1.25321,0,0
2014-11-19,02:00:00,1.25321,1.25345,1.25183,1.25224,0,0
2014-11-19,03:00:00,1.2523,1.25256,1.2515,1.25236,0,0
2014-11-19,04:00:00,1.25236,1.25252,1.25204,1.25217,0,0
2014-11-19,05:00:00,1.25217,1.25217,1.25125,1.25172,0,0
2014-11-19,06:00:00,1.25172,1.25209,1.25134,1.25183,0,0
2014-11-19,07:00:00,1.25192,1.25247,1.2515,1.25247,0,0
2014-11-19,08:00:00,1.25244,1.25296,1.25183,1.25226,0,0
2014-11-19,09:00:00,1.25204,1.25363,1.25135,1.25344,0,0
2014-11-19,10:00:00,1.25344,1.25468,1.25305,1.25452,0,0
2014-11-19,11:00:00,1.25428,1.25433,1.25279,1.25311,0,0
2014-11-19,12:00:00,1.2531,1.25442,1.25245,1.25424,0,0
2014-11-19,13:00:00,1.25424,1.25464,1.2531,1.25356,0,0
2014-11-19,14:00:00,1.25355,1.254,1.25291,1.25311,0,0
2014-11-19,15:00:00,1.25315,1.25693,1.25309,1.25651,0,0
2014-11-19,16:00:00,1.25659,1.25683,1.25422,1.25422,0,0
2014-11-19,17:00:00,1.25422,1.25426,1.25243,1.25395,0,0
2014-11-19,18:00:00,1.25411,1.2551,1.2535,1.25478,0,0
2014-11-19,19:00:00,1.25477,1.25554,1.25469,1.25501,0,0
2014-11-19,20:00:00,1.255,1.25627,1.25447,1.25626,0,0
2014-11-19,21:00:00,1.25626,1.25976,1.25241,1.25439,0,0
2014-11-19,22:00:00,1.25438,1.25443,1.25322,1.25422,0,0
2014-11-19,23:00:00,1.25422,1.25534,1.25413,1.25529,0,0
2014-11-19,23:59:00,1.25514,1.25541,1.25431,1.25445,0,0
2014-11-20,01:00:00,1.2545,1.25458,1.25381,1.25398,0,0
2014-11-20,02:00:00,1.254,1.25484,1.25343,1.25366,0,0
2014-11-20,03:00:00,1.25366,1.25391,1.25295,1.25369,0,0
2014-11-20,04:00:00,1.25371,1.25429,1.25351,1.25429,0,0
2014-11-20,05:00:00,1.25429,1.25489,1.25408,1.25442,0,0
2014-11-20,06:00:00,1.25442,1.25489,1.25371,1.25467,0,0
2014-11-20,07:00:00,1.25458,1.25486,1.25436,1.25458,0,0
2014-11-20,08:00:00,1.25443,1.25482,1.25378,1.25408,0,0
2014-11-20,09:00:00,1.25408,1.25417,1.25243,1.25379,0,0
2014-11-20,10:00:00,1.25379,1.25734,1.25049,1.25171,0,0
2014-11-20,11:00:00,1.25172,1.25229,1.25059,1.25169,0,0
2014-11-20,12:00:00,1.25167,1.25299,1.25105,1.25279,0,0
2014-11-20,13:00:00,1.25263,1.25418,1.25246,1.25342,0,0
2014-11-20,14:00:00,1.25337,1.255,1.2531,1.25432,0,0
2014-11-20,15:00:00,1.25432,1.25598,1.25094,1.25416,0,0
2014-11-20,16:00:00,1.25479,1.25684,1.25397,1.25524,0,0
2014-11-20,17:00:00,1.25531,1.25548,1.25255,1.25392,0,0
2014-11-20,18:00:00,1.25407,1.25479,1.25192,1.25221,0,0
2014-11-20,19:00:00,1.25239,1.25392,1.25239,1.25378,0,0
2014-11-20,20:00:00,1.25379,1.25576,1.25369,1.255,0,0
2014-11-20,21:00:00,1.25501,1.25534,1.25457,1.25499,0,0
2014-11-20,22:00:00,1.25505,1.25509,1.25416,1.25439,0,0
2014-11-20,23:00:00,1.2544,1.25459,1.25382,1.25389,0,0
2014-11-20,23:59:00,1.25388,1.25461,1.25374,1.25407,0,0
2014-11-21,01:00:00,1.25415,1.25439,1.25339,1.25429,0,0
2014-11-21,02:00:00,1.25413,1.25536,1.25411,1.25461,0,0
2014-11-21,03:00:00,1.25469,1.25614,1.25466,1.25603,0,0
2014-11-21,04:00:00,1.25603,1.25677,1.25539,1.2557,0,0
2014-11-21,05:00:00,1.25569,1.2565,1.25496,1.25619,0,0
2014-11-21,06:00:00,1.25619,1.25661,1.25511,1.25524,0,0
2014-11-21,07:00:00,1.25533,1.25563,1.25441,1.25464,0,0
2014-11-21,08:00:00,1.25464,1.25508,1.25402,1.25432,0,0
2014-11-21,09:00:00,1.25433,1.2551,1.25368,1.25432,0,0
2014-11-21,10:00:00,1.25478,1.25519,1.24662,1.24662,0,0
2014-11-21,11:00:00,1.24667,1.24714,1.24337,1.24353,0,0
2014-11-21,12:00:00,1.24393,1.24593,1.24233,1.24329,0,0
2014-11-21,13:00:00,1.2431,1.24391,1.24154,1.24225,0,0
2014-11-21,14:00:00,1.24255,1.24373,1.2423,1.24239,0,0
2014-11-21,15:00:00,1.2424,1.24385,1.2412,1.2436,0,0
2014-11-21,16:00:00,1.2415,1.24363,1.2406,1.24247,0,0
2014-11-21,17:00:00,1.243,1.2433,1.24095,1.24105,0,0
2014-11-21,18:00:00,1.24107,1.24151,1.23888,1.23921,0,0
2014-11-21,19:00:00,1.23914,1.23914,1.23797,1.23856,0,0
2014-11-21,20:00:00,1.23861,1.23874,1.23737,1.23813,0,0
2014-11-21,21:00:00,1.23814,1.2394,1.23813,1.23863,0,0
2014-11-21,22:00:00,1.2386,1.23907,1.23825,1.23905,0,0
2014-11-21,23:00:00,1.23906,1.23906,1.23883,1.23884,0,0
2014-11-24,01:00:00,1.23704,1.23737,1.2363,1.23708,0,0
2014-11-24,02:00:00,1.23703,1.23831,1.23703,1.238,0,0
2014-11-24,03:00:00,1.23795,1.23872,1.23711,1.23843,0,0
2014-11-24,04:00:00,1.23843,1.23902,1.2381,1.23842,0,0
2014-11-24,05:00:00,1.23841,1.23953,1.2384,1.23899,0,0
2014-11-24,06:00:00,1.23899,1.23961,1.23899,1.23953,0,0
2014-11-24,07:00:00,1.23953,1.23978,1.23921,1.23953,0,0
2014-11-24,08:00:00,1.23953,1.23983,1.23928,1.23934,0,0
2014-11-24,09:00:00,1.23933,1.24043,1.23891,1.23967,0,0
2014-11-24,10:00:00,1.23968,1.24043,1.23721,1.23804,0,0
2014-11-24,11:00:00,1.23804,1.2413,1.23779,1.2403,0,0
2014-11-24,12:00:00,1.24005,1.24051,1.23913,1.24043,0,0
2014-11-24,13:00:00,1.24046,1.24128,1.24043,1.24098,0,0
2014-11-24,14:00:00,1.241,1.24127,1.2402,1.24074,0,0
2014-11-24,15:00:00,1.24073,1.24209,1.24004,1.2416,0,0
2014-11-24,16:00:00,1.24162,1.24274,1.24085,1.24207,0,0
2014-11-24,17:00:00,1.2419,1.24387,1.2419,1.24348,0,0
2014-11-24,18:00:00,1.24354,1.24429,1.24241,1.24251,0,0
2014-11-24,19:00:00,1.24251,1.24337,1.24227,1.2426,0,0
2014-11-24,20:00:00,1.2426,1.24375,1.24251,1.24372,0,0
2014-11-24,21:00:00,1.24372,1.24382,1.24314,1.24332,0,0
2014-11-24,22:00:00,1.24328,1.24419,1.24328,1.24405,0,0
2014-11-24,23:00:00,1.24403,1.24409,1.24369,1.24402,0,0
2014-11-24,23:59:00,1.24413,1.24413,1.24368,1.24369,0,0
2014-11-25,01:00:00,1.24369,1.24383,1.24285,1.24325,0,0
2014-11-25,02:00:00,1.24325,1.24335,1.24236,1.24259,0,0
2014-11-25,03:00:00,1.24267,1.24346,1.24245,1.24324,0,0
2014-11-25,04:00:00,1.24322,1.24322,1.24209,1.24213,0,0
2014-11-25,05:00:00,1.24212,1.24268,1.24192,1.24212,0,0
2014-11-25,06:00:00,1.24212,1.24227,1.24172,1.24183,0,0
2014-11-25,07:00:00,1.24184,1.24258,1.24183,1.24252,0,0
2014-11-25,08:00:00,1.24252,1.24288,1.24217,1.24252,0,0
2014-11-25,09:00:00,1.24252,1.24329,1.24144,1.24202,0,0
2014-11-25,10:00:00,1.24206,1.24422,1.24174,1.24348,0,0
2014-11-25,11:00:00,1.24353,1.24373,1.24239,1.24335,0,0
2014-11-25,12:00:00,1.24327,1.2439,1.24301,1.24372,0,0
2014-11-25,13:00:00,1.24368,1.244,1.24297,1.24333,0,0
2014-11-25,14:00:00,1.24341,1.24342,1.24176,1.24231,0,0
2014-11-25,15:00:00,1.24236,1.24277,1.24015,1.24112,0,0
2014-11-25,16:00:00,1.24109,1.24644,1.24102,1.24551,0,0
2014-11-25,17:00:00,1.24656,1.24837,1.2456,1.24832,0,0
2014-11-25,18:00:00,1.24843,1.2485,1.24688,1.24694,0,0
2014-11-25,19:00:00,1.24697,1.24698,1.24583,1.24584,0,0
2014-11-25,20:00:00,1.24581,1.24792,1.24581,1.24792,0,0
2014-11-25,21:00:00,1.24786,1.2482,1.24645,1.24695,0,0
2014-11-25,22:00:00,1.24698,1.24779,1.24677,1.24748,0,0
2014-11-25,23:00:00,1.24754,1.24755,1.24717,1.24733,0,0
2014-11-25,23:59:00,1.24727,1.24735,1.24704,1.24724,0,0
2014-11-26,01:00:00,1.24725,1.24795,1.24704,1.24782,0,0
2014-11-26,02:00:00,1.24783,1.24807,1.24735,1.24793,0,0
2014-11-26,03:00:00,1.24787,1.24835,1.24704,1.24708,0,0
2014-11-26,04:00:00,1.24708,1.24719,1.24647,1.24698,0,0
2014-11-26,05:00:00,1.24697,1.24739,1.24657,1.24698,0,0
2014-11-26,06:00:00,1.24698,1.24737,1.24674,1.24719,0,0
2014-11-26,07:00:00,1.24728,1.24728,1.24672,1.24727,0,0
2014-11-26,08:00:00,1.2473,1.24813,1.24701,1.24725,0,0
2014-11-26,09:00:00,1.24719,1.24772,1.24644,1.24677,0,0
2014-11-26,10:00:00,1.24671,1.24935,1.24671,1.24707,0,0
2014-11-26,11:00:00,1.24708,1.24765,1.24527,1.24577,0,0
2014-11-26,12:00:00,1.24569,1.24618,1.24426,1.24593,0,0
2014-11-26,13:00:00,1.24583,1.24583,1.24423,1.24509,0,0
2014-11-26,14:00:00,1.24514,1.24853,1.24506,1.2484,0,0
2014-11-26,15:00:00,1.24828,1.25062,1.24683,1.24866,0,0
2014-11-26,16:00:00,1.24867,1.25016,1.24798,1.24981,0,0
2014-11-26,17:00:00,1.2497,1.25293,1.2497,1.25272,0,0
2014-11-26,18:00:00,1.25265,1.25278,1.24999,1.25011,0,0
2014-11-26,19:00:00,1.25009,1.25123,1.25001,1.2505,0,0
2014-11-26,20:00:00,1.25032,1.25158,1.25024,1.25115,0,0
2014-11-26,21:00:00,1.25114,1.25136,1.2504,1.25127,0,0
2014-11-26,22:00:00,1.25124,1.25132,1.25048,1.25072,0,0
2014-11-26,23:00:00,1.25082,1.25082,1.25039,1.2505,0,0
2014-11-26,23:59:00,1.25048,1.25064,1.25012,1.25053,0,0
2014-11-27,01:00:00,1.25053,1.25053,1.25009,1.2503,0,0
2014-11-27,02:00:00,1.25029,1.2509,1.24975,1.24976,0,0
2014-11-27,03:00:00,1.24976,1.25004,1.24943,1.24946,0,0
2014-11-27,04:00:00,1.24947,1.2502,1.24946,1.2502,0,0
2014-11-27,05:00:00,1.25032,1.25098,1.25007,1.25067,0,0
2014-11-27,06:00:00,1.25067,1.25097,1.25045,1.25084,0,0
2014-11-27,07:00:00,1.25084,1.25084,1.25021,1.25033,0,0
2014-11-27,08:00:00,1.25033,1.25109,1.25025,1.25053,0,0
2014-11-27,09:00:00,1.25051,1.25219,1.25051,1.25117,0,0
2014-11-27,10:00:00,1.25117,1.25117,1.24753,1.24845,0,0
2014-11-27,11:00:00,1.24849,1.24854,1.24639,1.24644,0,0
2014-11-27,12:00:00,1.24643,1.24739,1.24643,1.24717,0,0
2014-11-27,13:00:00,1.24717,1.24842,1.24693,1.24794,0,0
2014-11-27,14:00:00,1.24797,1.24876,1.24797,1.2486,0,0
2014-11-27,15:00:00,1.24859,1.24921,1.24752,1.24816,0,0
2014-11-27,16:00:00,1.24817,1.24959,1.24808,1.24851,0,0
2014-11-27,17:00:00,1.24857,1.24972,1.24782,1.24802,0,0
2014-11-27,18:00:00,1.24798,1.24848,1.24708,1.24742,0,0
2014-11-27,19:00:00,1.24741,1.24767,1.24692,1.24701,0,0
2014-11-27,20:00:00,1.24702,1.24729,1.24634,1.2469,0,0
2014-11-27,21:00:00,1.24684,1.247,1.24672,1.24697,0,0
2014-11-27,22:00:00,1.24696,1.24699,1.2464,1.24657,0,0
2014-11-27,23:00:00,1.24654,1.24665,1.24644,1.24656,0,0
2014-11-27,23:59:00,1.24655,1.24661,1.24547,1.24575,0,0
2014-11-28,01:00:00,1.24581,1.24625,1.24573,1.24583,0,0
2014-11-28,02:00:00,1.24583,1.24589,1.24472,1.24494,0,0
2014-11-28,03:00:00,1.24496,1.24618,1.24477,1.24598,0,0
2014-11-28,04:00:00,1.24597,1.24629,1.24522,1.24523,0,0
2014-11-28,05:00:00,1.24522,1.2457,1.24453,1.24463,0,0
2014-11-28,06:00:00,1.24464,1.24481,1.24439,1.24456,0,0
2014-11-28,07:00:00,1.24455,1.2449,1.24448,1.24474,0,0
2014-11-28,08:00:00,1.24474,1.24534,1.24447,1.24534,0,0
2014-11-28,09:00:00,1.24533,1.24615,1.24348,1.2438,0,0
2014-11-28,10:00:00,1.24377,1.24389,1.2428,1.2438,0,0
2014-11-28,11:00:00,1.24384,1.24499,1.24318,1.24355,0,0
2014-11-28,12:00:00,1.24356,1.24608,1.24356,1.24477,0,0
2014-11-28,13:00:00,1.24474,1.2478,1.24465,1.24734,0,0
2014-11-28,14:00:00,1.24725,1.2489,1.24722,1.24813,0,0
2014-11-28,15:00:00,1.2481,1.24878,1.24755,1.24817,0,0
2014-11-28,16:00:00,1.24819,1.24868,1.24611,1.24634,0,0
2014-11-28,17:00:00,1.24652,1.24721,1.24565,1.24648,0,0
2014-11-28,18:00:00,1.24639,1.24649,1.24316,1.24365,0,0
2014-11-28,19:00:00,1.24365,1.24379,1.24253,1.24328,0,0
2014-11-28,20:00:00,1.24335,1.24423,1.24322,1.24403,0,0
2014-11-28,21:00:00,1.24403,1.24441,1.24394,1.24415,0,0
2014-11-28,22:00:00,1.24416,1.24463,1.24386,1.24386,0,0
2014-11-28,23:00:00,1.24383,1.2443,1.24383,1.24426,0,0
2014-12-01,01:00:00,1.24453,1.24463,1.24305,1.24354,0,0
2014-12-01,02:00:00,1.24354,1.24383,1.24259,1.24339,0,0
2014-12-01,03:00:00,1.24336,1.24441,1.24317,1.24415,0,0
2014-12-01,04:00:00,1.24416,1.24468,1.24377,1.24455,0,0
2014-12-01,05:00:00,1.24455,1.24504,1.24436,1.245,0,0
2014-12-01,06:00:00,1.24503,1.24534,1.24502,1.2453,0,0
2014-12-01,07:00:00,1.24528,1.24554,1.24466,1.24467,0,0
2014-12-01,08:00:00,1.24467,1.24517,1.24455,1.24494,0,0
2014-12-01,09:00:00,1.24481,1.24498,1.24192,1.24218,0,0
2014-12-01,10:00:00,1.24199,1.24728,1.24188,1.24417,0,0
2014-12-01,11:00:00,1.24424,1.24676,1.24394,1.24643,0,0
2014-12-01,12:00:00,1.24634,1.24762,1.24606,1.24633,0,0
2014-12-01,13:00:00,1.24633,1.24765,1.24572,1.2459,0,0
2014-12-01,14:00:00,1.24583,1.24683,1.2454,1.2466,0,0
2014-12-01,15:00:00,1.24664,1.24851,1.24642,1.24796,0,0
2014-12-01,16:00:00,1.24796,1.2505,1.24741,1.24999,0,0
2014-12-01,17:00:00,1.24993,1.25034,1.24719,1.24746,0,0
2014-12-01,18:00:00,1.24746,1.24881,1.24682,1.24877,0,0
2014-12-01,19:00:00,1.24881,1.25012,1.24847,1.24925,0,0
2014-12-01,20:00:00,1.24931,1.24991,1.24788,1.24793,0,0
2014-12-01,21:00:00,1.24789,1.24796,1.24703,1.24764,0,0
2014-12-01,22:00:00,1.24763,1.24763,1.24693,1.24698,0,0
2014-12-01,23:00:00,1.24701,1.24721,1.24658,1.24681,0,0
2014-12-01,23:59:00,1.24681,1.24734,1.2467,1.24715,0,0
2014-12-02,01:00:00,1.24714,1.24744,1.24665,1.24687,0,0
2014-12-02,02:00:00,1.24687,1.24748,1.24673,1.24726,0,0
2014-12-02,03:00:00,1.24725,1.24746,1.24606,1.24644,0,0
2014-12-02,04:00:00,1.24645,1.2466,1.24609,1.24637,0,0
2014-12-02,05:00:00,1.24637,1.24667,1.24613,1.24646,0,0
2014-12-02,06:00:00,1.24646,1.24684,1.24632,1.24638,0,0
2014-12-02,07:00:00,1.24638,1.24647,1.24605,1.24632,0,0
2014-12-02,08:00:00,1.24632,1.24659,1.24607,1.24619,0,0
2014-12-02,09:00:00,1.24618,1.24619,1.24486,1.24526,0,0
2014-12-02,10:00:00,1.24526,1.24558,1.24318,1.24388,0,0
2014-12-02,11:00:00,1.24389,1.24481,1.24327,1.24343,0,0
2014-12-02,12:00:00,1.24343,1.24395,1.24287,1.24348,0,0
2014-12-02,13:00:00,1.24352,1.2447,1.24351,1.24389,0,0
2014-12-02,14:00:00,1.24386,1.24409,1.24258,1.24263,0,0
2014-12-02,15:00:00,1.24263,1.24318,1.24085,1.24228,0,0
2014-12-02,16:00:00,1.24228,1.24267,1.23978,1.24019,0,0
2014-12-02,17:00:00,1.24018,1.24119,1.23941,1.24006,0,0
2014-12-02,18:00:00,1.23999,1.24036,1.2382,1.23877,0,0
2014-12-02,19:00:00,1.23884,1.23975,1.23827,1.23848,0,0
2014-12-02,20:00:00,1.23847,1.23881,1.23777,1.23779,0,0
2014-12-02,21:00:00,1.23775,1.23828,1.23755,1.23777,0,0
2014-12-02,22:00:00,1.23776,1.23837,1.23764,1.23799,0,0
2014-12-02,23:00:00,1.23795,1.23838,1.23768,1.23816,0,0
2014-12-02,23:59:00,1.23817,1.23835,1.2379,1.23823,0,0
2014-12-03,01:00:00,1.23819,1.2388,1.23809,1.23859,0,0
2014-12-03,02:00:00,1.23863,1.2388,1.23817,1.2386,0,0
2014-12-03,03:00:00,1.2386,1.2389,1.23814,1.23867,0,0
2014-12-03,04:00:00,1.23867,1.23887,1.23836,1.23854,0,0
2014-12-03,05:00:00,1.23854,1.23866,1.23826,1.23832,0,0
2014-12-03,06:00:00,1.23832,1.23882,1.23805,1.23828,0,0
2014-12-03,07:00:00,1.23828,1.23844,1.23764,1.23804,0,0
2014-12-03,08:00:00,1.2373,1.23804,1.2366,1.23735,0,0
2014-12-03,09:00:00,1.23739,1.23778,1.23614,1.23735,0,0
2014-12-03,10:00:00,1.23732,1.23737,1.23227,1.23331,0,0
2014-12-03,11:00:00,1.23319,1.23427,1.2323,1.23254,0,0
2014-12-03,12:00:00,1.23258,1.23407,1.23219,1.23325,0,0
2014-12-03,13:00:00,1.23327,1.23363,1.23198,1.23214,0,0
2014-12-03,14:00:00,1.23217,1.23356,1.23201,1.23323,0,0
2014-12-03,15:00:00,1.23322,1.23434,1.23229,1.23229,0,0
2014-12-03,16:00:00,1.2323,1.23255,1.23074,1.23149,0,0
2014-12-03,17:00:00,1.2312,1.23264,1.2301,1.23208,0,0
2014-12-03,18:00:00,1.23204,1.23204,1.23018,1.2303,0,0
2014-12-03,19:00:00,1.23028,1.23148,1.23002,1.23024,0,0
2014-12-03,20:00:00,1.23029,1.2306,1.22999,1.23033,0,0
2014-12-03,21:00:00,1.23033,1.23104,1.23017,1.23079,0,0
2014-12-03,22:00:00,1.23079,1.23145,1.23063,1.23081,0,0
2014-12-03,23:00:00,1.23088,1.23099,1.23069,1.23092,0,0
2014-12-03,23:59:00,1.23095,1.231,1.23057,1.23058,0,0
2014-12-04,01:00:00,1.23058,1.23144,1.23058,1.23126,0,0
2014-12-04,02:00:00,1.23126,1.23181,1.23099,1.23138,0,0
2014-12-04,03:00:00,1.23127,1.2316,1.23111,1.23144,0,0
2014-12-04,04:00:00,1.23138,1.23148,1.23086,1.2311,0,0
2014-12-04,05:00:00,1.2311,1.23121,1.23044,1.23051,0,0
2014-12-04,06:00:00,1.23051,1.23054,1.23002,1.23042,0,0
2014-12-04,07:00:00,1.23041,1.23069,1.23029,1.23037,0,0
2014-12-04,08:00:00,1.23041,1.23068,1.23002,1.23033,0,0
2014-12-04,09:00:00,1.23033,1.23106,1.22942,1.23031,0,0
2014-12-04,10:00:00,1.2303,1.23217,1.2303,1.23181,0,0
2014-12-04,11:00:00,1.23182,1.23236,1.23102,1.23148,0,0
2014-12-04,12:00:00,1.23143,1.23192,1.23122,1.23127,0,0
2014-12-04,13:00:00,1.23131,1.23205,1.23034,1.23053,0,0
2014-12-04,14:00:00,1.2305,1.23181,1.23026,1.23051,0,0
2014-12-04,15:00:00,1.23056,1.24119,1.22805,1.23953,0,0
2014-12-04,16:00:00,1.23962,1.24096,1.23395,1.23947,0,0
2014-12-04,17:00:00,1.23961,1.24345,1.23716,1.24345,0,0
2014-12-04,18:00:00,1.24352,1.24545,1.24279,1.24299,0,0
2014-12-04,19:00:00,1.24301,1.2432,1.23666,1.23732,0,0
2014-12-04,20:00:00,1.23733,1.23825,1.23618,1.23628,0,0
2014-12-04,21:00:00,1.23631,1.23701,1.23596,1.23664,0,0
2014-12-04,22:00:00,1.23668,1.23832,1.23668,1.23809,0,0
2014-12-04,23:00:00,1.23811,1.23856,1.23759,1.23773,0,0
2014-12-04,23:59:00,1.23765,1.23817,1.23753,1.23765,0,0
2014-12-05,01:00:00,1.23765,1.23893,1.23765,1.23837,0,0
2014-12-05,02:00:00,1.23837,1.23908,1.23814,1.23862,0,0
2014-12-05,03:00:00,1.23865,1.23874,1.23741,1.23743,0,0
2014-12-05,04:00:00,1.23742,1.23803,1.23721,1.23803,0,0
2014-12-05,05:00:00,1.23804,1.23823,1.2378,1.238,0,0
2014-12-05,06:00:00,1.238,1.23803,1.23712,1.2375,0,0
2014-12-05,07:00:00,1.23751,1.23803,1.23742,1.23759,0,0
2014-12-05,08:00:00,1.23758,1.23794,1.23671,1.23687,0,0
2014-12-05,09:00:00,1.23676,1.23824,1.23639,1.23805,0,0
2014-12-05,10:00:00,1.23806,1.23814,1.23628,1.23717,0,0
2014-12-05,11:00:00,1.23705,1.2377,1.23592,1.23674,0,0
2014-12-05,12:00:00,1.23673,1.23695,1.23495,1.23565,0,0
2014-12-05,13:00:00,1.23558,1.236,1.23452,1.23516,0,0
2014-12-05,14:00:00,1.23495,1.23662,1.23443,1.23654,0,0
2014-12-05,15:00:00,1.23659,1.23766,1.22783,1.2301,0,0
2014-12-05,16:00:00,1.22995,1.23224,1.22699,1.22751,0,0
2014-12-05,17:00:00,1.22749,1.23055,1.22749,1.22953,0,0
2014-12-05,18:00:00,1.2295,1.23081,1.22848,1.23038,0,0
2014-12-05,19:00:00,1.23018,1.23024,1.22902,1.22912,0,0
2014-12-05,20:00:00,1.2291,1.22965,1.22808,1.22824,0,0
2014-12-05,21:00:00,1.22825,1.22915,1.22796,1.2287,0,0
2014-12-05,22:00:00,1.22874,1.22942,1.22863,1.22875,0,0
2014-12-05,23:00:00,1.22882,1.22884,1.22869,1.22871,0,0
2014-12-08,01:00:00,1.22852,1.23015,1.22848,1.22925,0,0
2014-12-08,02:00:00,1.22924,1.22971,1.22865,1.22911,0,0
2014-12-08,03:00:00,1.22903,1.23015,1.22903,1.22931,0,0
2014-12-08,04:00:00,1.22935,1.22943,1.22868,1.22868,0,0
2014-12-08,05:00:00,1.22868,1.22903,1.22845,1.22851,0,0
2014-12-08,06:00:00,1.22849,1.2289,1.22838,1.22864,0,0
2014-12-08,07:00:00,1.22848,1.22943,1.2283,1.22932,0,0
2014-12-08,08:00:00,1.22931,1.22931,1.22812,1.22822,0,0
2014-12-08,09:00:00,1.2284,1.2284,1.22597,1.22681,0,0
2014-12-08,10:00:00,1.2268,1.22774,1.22511,1.22629,0,0
2014-12-08,11:00:00,1.2262,1.22684,1.22543,1.22582,0,0
2014-12-08,12:00:00,1.22582,1.22586,1.22464,1.22471,0,0
2014-12-08,13:00:00,1.22472,1.22736,1.22461,1.22643,0,0
2014-12-08,14:00:00,1.22633,1.22673,1.22493,1.22534,0,0
2014-12-08,15:00:00,1.22536,1.22729,1.2248,1.22719,0,0
2014-12-08,16:00:00,1.22722,1.2281,1.22686,1.22759,0,0
2014-12-08,17:00:00,1.22758,1.22943,1.2275,1.22875,0,0
2014-12-08,18:00:00,1.2288,1.2299,1.2288,1.22899,0,0
2014-12-08,19:00:00,1.22898,1.23182,1.22894,1.23127,0,0
2014-12-08,20:00:00,1.2313,1.23278,1.23121,1.2327,0,0
2014-12-08,21:00:00,1.23274,1.23414,1.23148,1.23237,0,0
2014-12-08,22:00:00,1.23244,1.23257,1.23094,1.23094,0,0
2014-12-08,23:00:00,1.23108,1.23162,1.23051,1.2316,0,0
2014-12-08,23:59:00,1.23161,1.2317,1.2308,1.23152,0,0
2014-12-09,01:00:00,1.23153,1.23172,1.23118,1.23135,0,0
2014-12-09,02:00:00,1.23133,1.23139,1.23021,1.23031,0,0
2014-12-09,03:00:00,1.23031,1.23105,1.23015,1.23052,0,0
2014-12-09,04:00:00,1.23047,1.23121,1.23028,1.23098,0,0
2014-12-09,05:00:00,1.23099,1.23101,1.22911,1.22912,0,0
2014-12-09,06:00:00,1.22918,1.23162,1.22912,1.23103,0,0
2014-12-09,07:00:00,1.23103,1.2319,1.23074,1.23189,0,0
2014-12-09,08:00:00,1.23183,1.23397,1.23153,1.23322,0,0
2014-12-09,09:00:00,1.23311,1.23463,1.23193,1.23447,0,0
2014-12-09,10:00:00,1.2345,1.23653,1.2345,1.23562,0,0
2014-12-09,11:00:00,1.23555,1.23624,1.23397,1.23452,0,0
2014-12-09,12:00:00,1.2345,1.23641,1.23402,1.23526,0,0
2014-12-09,13:00:00,1.23527,1.23582,1.2346,1.23469,0,0
2014-12-09,14:00:00,1.2347,1.23745,1.2347,1.23738,0,0
2014-12-09,15:00:00,1.23732,1.23898,1.2361,1.23893,0,0
2014-12-09,16:00:00,1.23898,1.24023,1.23864,1.23921,0,0
2014-12-09,17:00:00,1.23922,1.24458,1.23883,1.24221,0,0
2014-12-09,18:00:00,1.24229,1.24333,1.24007,1.24121,0,0
2014-12-09,19:00:00,1.24137,1.24141,1.23809,1.23901,0,0
2014-12-09,20:00:00,1.23923,1.23952,1.23822,1.23883,0,0
2014-12-09,21:00:00,1.23882,1.23888,1.23709,1.23748,0,0
2014-12-09,22:00:00,1.23741,1.23742,1.23639,1.23704,0,0
2014-12-09,23:00:00,1.23704,1.23735,1.23669,1.23723,0,0
2014-12-09,23:59:00,1.2373,1.23794,1.23683,1.23771,0,0
2014-12-10,01:00:00,1.23771,1.23932,1.23745,1.23865,0,0
2014-12-10,02:00:00,1.23866,1.23878,1.23793,1.23803,0,0
2014-12-10,03:00:00,1.23802,1.23823,1.23608,1.23622,0,0
2014-12-10,04:00:00,1.23627,1.23723,1.23614,1.23705,0,0
2014-12-10,05:00:00,1.23712,1.23823,1.23709,1.23796,0,0
2014-12-10,06:00:00,1.23796,1.23958,1.23791,1.23925,0,0
2014-12-10,07:00:00,1.23925,1.23962,1.23881,1.23907,0,0
2014-12-10,08:00:00,1.23908,1.23935,1.23851,1.23863,0,0
2014-12-10,09:00:00,1.23863,1.23928,1.23804,1.23866,0,0
2014-12-10,10:00:00,1.23867,1.2391,1.23628,1.23905,0,0
2014-12-10,11:00:00,1.23899,1.23968,1.23786,1.23894,0,0
2014-12-10,12:00:00,1.23894,1.23932,1.23701,1.23735,0,0
2014-12-10,13:00:00,1.23746,1.23844,1.23714,1.23734,0,0
2014-12-10,14:00:00,1.23748,1.23846,1.23643,1.23762,0,0
2014-12-10,15:00:00,1.23764,1.23967,1.23745,1.23915,0,0
2014-12-10,16:00:00,1.23915,1.24117,1.23841,1.24098,0,0
2014-12-10,17:00:00,1.24099,1.2434,1.24077,1.24143,0,0
2014-12-10,18:00:00,1.24153,1.24261,1.24091,1.24233,0,0
2014-12-10,19:00:00,1.24234,1.24324,1.2419,1.24266,0,0
2014-12-10,20:00:00,1.24265,1.24441,1.24239,1.24432,0,0
2014-12-10,21:00:00,1.24432,1.24441,1.24308,1.24405,0,0
2014-12-10,22:00:00,1.24396,1.24462,1.24235,1.24433,0,0
2014-12-10,23:00:00,1.24434,1.24467,1.24396,1.24464,0,0
2014-12-10,23:59:00,1.24469,1.24469,1.24424,1.24452,0,0
2014-12-11,01:00:00,1.24443,1.24848,1.24427,1.24788,0,0
2014-12-11,02:00:00,1.24789,1.24937,1.24725,1.24883,0,0
2014-12-11,03:00:00,1.2489,1.24892,1.24468,1.24496,0,0
2014-12-11,04:00:00,1.24499,1.2462,1.24499,1.24547,0,0
2014-12-11,05:00:00,1.24544,1.24599,1.24493,1.24496,0,0
2014-12-11,06:00:00,1.24496,1.24558,1.24447,1.24457,0,0
2014-12-11,07:00:00,1.24457,1.24488,1.24313,1.24388,0,0
2014-12-11,08:00:00,1.24388,1.24574,1.24372,1.24537,0,0
2014-12-11,09:00:00,1.24537,1.24836,1.24507,1.24836,0,0
2014-12-11,10:00:00,1.24847,1.24847,1.24396,1.24437,0,0
2014-12-11,11:00:00,1.24429,1.24479,1.24168,1.24197,0,0
2014-12-11,12:00:00,1.24197,1.24537,1.2413,1.24537,0,0
2014-12-11,13:00:00,1.24514,1.24623,1.24473,1.2462,0,0
2014-12-11,14:00:00,1.24614,1.24661,1.2431,1.2431,0,0
2014-12-11,15:00:00,1.24314,1.24392,1.24015,1.24016,0,0
2014-12-11,16:00:00,1.24012,1.24139,1.23765,1.23936,0,0
2014-12-11,17:00:00,1.23929,1.23952,1.23713,1.23808,0,0
2014-12-11,18:00:00,1.23799,1.24051,1.23776,1.23955,0,0
2014-12-11,19:00:00,1.23953,1.24018,1.23834,1.23857,0,0
2014-12-11,20:00:00,1.23853,1.23906,1.23704,1.23716,0,0
2014-12-11,21:00:00,1.23718,1.23846,1.23688,1.2384,0,0
2014-12-11,22:00:00,1.23841,1.23897,1.23778,1.23871,0,0
2014-12-11,23:00:00,1.23871,1.24112,1.23866,1.24107,0,0
2014-12-11,23:59:00,1.24093,1.24101,1.23992,1.24049,0,0
2014-12-12,01:00:00,1.24053,1.24055,1.23901,1.23919,0,0
2014-12-12,02:00:00,1.23919,1.24021,1.23892,1.23969,0,0
2014-12-12,03:00:00,1.23967,1.23996,1.23903,1.23938,0,0
2014-12-12,04:00:00,1.23938,1.24028,1.23932,1.2397,0,0
2014-12-12,05:00:00,1.2397,1.23975,1.23904,1.23936,0,0
2014-12-12,06:00:00,1.23937,1.24003,1.23908,1.23956,0,0
2014-12-12,07:00:00,1.23955,1.23958,1.239,1.23939,0,0
2014-12-12,08:00:00,1.23938,1.2399,1.23887,1.23894,0,0
2014-12-12,09:00:00,1.23901,1.24009,1.23831,1.23987,0,0
2014-12-12,10:00:00,1.23996,1.24265,1.23969,1.24226,0,0
2014-12-12,11:00:00,1.24233,1.24522,1.24222,1.24248,0,0
2014-12-12,12:00:00,1.24245,1.24376,1.24234,1.24343,0,0
2014-12-12,13:00:00,1.24342,1.24635,1.24265,1.24552,0,0
2014-12-12,14:00:00,1.24543,1.24552,1.24333,1.24485,0,0
2014-12-12,15:00:00,1.24485,1.24592,1.24412,1.24562,0,0
2014-12-12,16:00:00,1.24557,1.24749,1.24434,1.24442,0,0
2014-12-12,17:00:00,1.2443,1.24682,1.2432,1.24633,0,0
2014-12-12,18:00:00,1.24607,1.24833,1.24565,1.24823,0,0
2014-12-12,19:00:00,1.24816,1.24816,1.24561,1.24561,0,0
2014-12-12,20:00:00,1.2456,1.24613,1.24464,1.24474,0,0
2014-12-12,21:00:00,1.24473,1.24575,1.24471,1.24498,0,0
2014-12-12,22:00:00,1.24498,1.24566,1.24495,1.24536,0,0
2014-12-12,23:00:00,1.24531,1.24531,1.24516,1.24529,0,0
2014-12-15,01:00:00,1.24739,1.24746,1.24556,1.24624,0,0
2014-12-15,02:00:00,1.24627,1.24657,1.24534,1.24546,0,0
2014-12-15,03:00:00,1.24548,1.24576,1.24432,1.24519,0,0
2014-12-15,04:00:00,1.24527,1.24563,1.24475,1.24475,0,0
2014-12-15,05:00:00,1.24476,1.24502,1.24333,1.24335,0,0
2014-12-15,06:00:00,1.24333,1.24427,1.24322,1.24383,0,0
2014-12-15,07:00:00,1.24373,1.2443,1.24373,1.24423,0,0
2014-12-15,08:00:00,1.24423,1.24546,1.24389,1.24526,0,0
2014-12-15,09:00:00,1.24527,1.24715,1.24483,1.24546,0,0
2014-12-15,10:00:00,1.24542,1.24542,1.24338,1.24423,0,0
2014-12-15,11:00:00,1.24419,1.24439,1.24177,1.2419,0,0
2014-12-15,12:00:00,1.24187,1.24243,1.24154,1.24175,0,0
2014-12-15,13:00:00,1.24173,1.24306,1.24156,1.2426,0,0
2014-12-15,14:00:00,1.24255,1.24327,1.24244,1.24247,0,0
2014-12-15,15:00:00,1.2425,1.24376,1.24166,1.24335,0,0
2014-12-15,16:00:00,1.24338,1.24376,1.2426,1.24282,0,0
2014-12-15,17:00:00,1.24281,1.24409,1.24151,1.24178,0,0
2014-12-15,18:00:00,1.24191,1.24768,1.24132,1.24684,0,0
2014-12-15,19:00:00,1.24664,1.24717,1.24342,1.24367,0,0
2014-12-15,20:00:00,1.24358,1.24396,1.24274,1.24349,0,0
2014-12-15,21:00:00,1.24348,1.24409,1.24287,1.24353,0,0
2014-12-15,22:00:00,1.24354,1.24408,1.24328,1.24333,0,0
2014-12-15,23:00:00,1.24336,1.24375,1.24325,1.24359,0,0
2014-12-15,23:59:00,1.24358,1.24437,1.24329,1.24436,0,0
2014-12-16,01:00:00,1.24443,1.24455,1.24389,1.24389,0,0
2014-12-16,02:00:00,1.24389,1.24468,1.24379,1.24416,0,0
2014-12-16,03:00:00,1.24405,1.24424,1.24344,1.2442,0,0
2014-12-16,04:00:00,1.24424,1.24495,1.24386,1.24478,0,0
2014-12-16,05:00:00,1.24478,1.24616,1.24461,1.24582,0,0
2014-12-16,06:00:00,1.24582,1.24596,1.24522,1.24528,0,0
2014-12-16,07:00:00,1.24529,1.24629,1.24506,1.24606,0,0
2014-12-16,08:00:00,1.24604,1.24627,1.24392,1.24433,0,0
2014-12-16,09:00:00,1.24441,1.24615,1.24387,1.24535,0,0
2014-12-16,10:00:00,1.24525,1.24797,1.24443,1.24794,0,0
2014-12-16,11:00:00,1.24792,1.25177,1.24764,1.25107,0,0
2014-12-16,12:00:00,1.25102,1.2525,1.24837,1.24904,0,0
2014-12-16,13:00:00,1.24908,1.25484,1.24882,1.25419,0,0
2014-12-16,14:00:00,1.25417,1.25677,1.2531,1.25521,0,0
2014-12-16,15:00:00,1.2548,1.25529,1.25091,1.25332,0,0
2014-12-16,16:00:00,1.2532,1.25323,1.25044,1.25225,0,0
2014-12-16,17:00:00,1.25231,1.25317,1.24938,1.25071,0,0
2014-12-16,18:00:00,1.25077,1.25188,1.24771,1.25024,0,0
2014-12-16,19:00:00,1.25009,1.25159,1.24985,1.25087,0,0
2014-12-16,20:00:00,1.25071,1.25162,1.24997,1.24997,0,0
2014-12-16,21:00:00,1.24989,1.25026,1.248,1.24843,0,0
2014-12-16,22:00:00,1.24839,1.25152,1.24839,1.25149,0,0
2014-12-16,23:00:00,1.2514,1.25152,1.25072,1.2509,0,0
2014-12-16,23:59:00,1.25095,1.25131,1.25078,1.25099,0,0
2014-12-17,01:00:00,1.25096,1.25107,1.25023,1.25093,0,0
2014-12-17,02:00:00,1.25094,1.25125,1.24999,1.25033,0,0
2014-12-17,03:00:00,1.25025,1.25102,1.25025,1.25037,0,0
2014-12-17,04:00:00,1.25036,1.25142,1.24977,1.24985,0,0
2014-12-17,05:00:00,1.24985,1.25016,1.24878,1.24908,0,0
2014-12-17,06:00:00,1.2492,1.24944,1.24848,1.24897,0,0
2014-12-17,07:00:00,1.24897,1.249,1.24858,1.2487,0,0
2014-12-17,08:00:00,1.2487,1.24877,1.24742,1.24762,0,0
2014-12-17,09:00:00,1.24756,1.24952,1.24611,1.24611,0,0
2014-12-17,10:00:00,1.24613,1.24685,1.24539,1.24659,0,0
2014-12-17,11:00:00,1.24664,1.24704,1.24536,1.24621,0,0
2014-12-17,12:00:00,1.24611,1.24688,1.24457,1.2449,0,0
2014-12-17,13:00:00,1.24488,1.24585,1.24447,1.24585,0,0
2014-12-17,14:00:00,1.24586,1.24641,1.24498,1.245,0,0
2014-12-17,15:00:00,1.24499,1.24749,1.24457,1.24665,0,0
2014-12-17,16:00:00,1.24666,1.247,1.24453,1.24471,0,0
2014-12-17,17:00:00,1.24473,1.2453,1.23853,1.23927,0,0
2014-12-17,18:00:00,1.23927,1.2416,1.23892,1.24041,0,0
2014-12-17,19:00:00,1.24061,1.24155,1.24009,1.24097,0,0
2014-12-17,20:00:00,1.24117,1.24179,1.24024,1.24048,0,0
2014-12-17,21:00:00,1.24063,1.24703,1.23212,1.23234,0,0
2014-12-17,22:00:00,1.23228,1.23709,1.23214,1.23383,0,0
2014-12-17,23:00:00,1.23411,1.23455,1.23347,1.234,0,0
2014-12-17,23:59:00,1.23411,1.23467,1.23273,1.233,0,0
2014-12-18,01:00:00,1.233,1.23406,1.2328,1.23355,0,0
2014-12-18,02:00:00,1.23355,1.23386,1.23197,1.23345,0,0
2014-12-18,03:00:00,1.23334,1.23438,1.23323,1.23372,0,0
2014-12-18,04:00:00,1.23376,1.23453,1.23332,1.23423,0,0
2014-12-18,05:00:00,1.23426,1.23504,1.23416,1.23444,0,0
2014-12-18,06:00:00,1.23446,1.23456,1.23422,1.2343,0,0
2014-12-18,07:00:00,1.23428,1.23464,1.23392,1.2342,0,0
2014-12-18,08:00:00,1.23426,1.23427,1.23199,1.23258,0,0
2014-12-18,09:00:00,1.23258,1.23295,1.22768,1.23162,0,0
2014-12-18,10:00:00,1.23153,1.2332,1.23065,1.23276,0,0
2014-12-18,11:00:00,1.23276,1.23364,1.22949,1.23014,0,0
2014-12-18,12:00:00,1.23014,1.23325,1.23013,1.23189,0,0
2014-12-18,13:00:00,1.23188,1.23357,1.23112,1.23135,0,0
2014-12-18,14:00:00,1.23125,1.23132,1.22938,1.22938,0,0
2014-12-18,15:00:00,1.22938,1.22943,1.22647,1.22721,0,0
2014-12-18,16:00:00,1.22728,1.22879,1.22683,1.22776,0,0
2014-12-18,17:00:00,1.22773,1.22871,1.22715,1.22785,0,0
2014-12-18,18:00:00,1.22771,1.22966,1.22661,1.22895,0,0
2014-12-18,19:00:00,1.22897,1.2291,1.22721,1.22827,0,0
2014-12-18,20:00:00,1.22829,1.22863,1.22707,1.22729,0,0
2014-12-18,21:00:00,1.22733,1.2285,1.22729,1.22819,0,0
2014-12-18,22:00:00,1.22819,1.22862,1.22766,1.22837,0,0
2014-12-18,23:00:00,1.2284,1.22871,1.22813,1.2285,0,0
2014-12-18,23:59:00,1.2285,1.22876,1.22824,1.22861,0,0
2014-12-19,01:00:00,1.22864,1.22902,1.22821,1.22878,0,0
2014-12-19,02:00:00,1.22868,1.22872,1.22738,1.22753,0,0
2014-12-19,03:00:00,1.22749,1.22837,1.2274,1.22837,0,0
2014-12-19,04:00:00,1.22837,1.22849,1.22789,1.22795,0,0
2014-12-19,05:00:00,1.22795,1.22869,1.22725,1.22742,0,0
2014-12-19,06:00:00,1.22752,1.22793,1.22735,1.22779,0,0
2014-12-19,07:00:00,1.22778,1.2283,1.22766,1.22799,0,0
2014-12-19,08:00:00,1.22796,1.22871,1.22796,1.2287,0,0
2014-12-19,09:00:00,1.22871,1.22961,1.22857,1.22889,0,0
2014-12-19,10:00:00,1.2289,1.22897,1.22699,1.22803,0,0
2014-12-19,11:00:00,1.22802,1.22854,1.22701,1.22741,0,0
2014-12-19,12:00:00,1.22728,1.22833,1.22593,1.22593,0,0
2014-12-19,13:00:00,1.22599,1.22729,1.22521,1.22618,0,0
2014-12-19,14:00:00,1.22619,1.22823,1.22588,1.22774,0,0
2014-12-19,15:00:00,1.2277,1.22947,1.22729,1.22924,0,0
2014-12-19,16:00:00,1.22915,1.23006,1.22804,1.22863,0,0
2014-12-19,17:00:00,1.22857,1.22868,1.22589,1.22607,0,0
2014-12-19,18:00:00,1.2261,1.22633,1.22212,1.2232,0,0
2014-12-19,19:00:00,1.22318,1.22409,1.22258,1.22389,0,0
2014-12-19,20:00:00,1.22388,1.22402,1.22233,1.22243,0,0
2014-12-19,21:00:00,1.2224,1.22302,1.22201,1.22253,0,0
2014-12-19,22:00:00,1.2225,1.22275,1.22212,1.22253,0,0
2014-12-19,23:00:00,1.22252,1.22254,1.22247,1.22248,0,0
2014-12-22,01:00:00,1.22206,1.2226,1.2219,1.22231,0,0
2014-12-22,02:00:00,1.22231,1.2231,1.22209,1.2225,0,0
2014-12-22,03:00:00,1.2225,1.2239,1.2225,1.22268,0,0
2014-12-22,04:00:00,1.2236,1.2245,1.22229,1.2244,0,0
2014-12-22,05:00:00,1.2244,1.2248,1.22327,1.2244,0,0
2014-12-22,06:00:00,1.2245,1.22465,1.2238,1.2241,0,0
2014-12-22,07:00:00,1.22445,1.2249,1.22369,1.22442,0,0
2014-12-22,08:00:00,1.22442,1.22555,1.22442,1.22509,0,0
2014-12-22,09:00:00,1.2251,1.22673,1.22501,1.22669,0,0
2014-12-22,10:00:00,1.22664,1.22667,1.22503,1.22653,0,0
2014-12-22,11:00:00,1.22689,1.22702,1.22534,1.22627,0,0
2014-12-22,12:00:00,1.22628,1.22637,1.22548,1.22601,0,0
2014-12-22,13:00:00,1.22601,1.22648,1.22577,1.22589,0,0
2014-12-22,14:00:00,1.22592,1.22688,1.22545,1.22545,0,0
2014-12-22,15:00:00,1.22546,1.22656,1.22498,1.22604,0,0
2014-12-22,16:00:00,1.22604,1.22631,1.22521,1.22547,0,0
2014-12-22,17:00:00,1.2255,1.22628,1.22511,1.22563,0,0
2014-12-22,18:00:00,1.22568,1.22631,1.22508,1.2251,0,0
2014-12-22,19:00:00,1.22514,1.22553,1.22398,1.22513,0,0
2014-12-22,20:00:00,1.22513,1.22539,1.22412,1.2242,0,0
2014-12-22,21:00:00,1.22421,1.22429,1.22191,1.22201,0,0
2014-12-22,22:00:00,1.22201,1.22302,1.22163,1.22262,0,0
2014-12-22,23:00:00,1.22262,1.22325,1.22233,1.22291,0,0
2014-12-22,23:59:00,1.22291,1.22312,1.2225,1.2227,0,0
2014-12-23,01:00:00,1.22271,1.22277,1.22203,1.22229,0,0
2014-12-23,02:00:00,1.22233,1.22276,1.2221,1.22261,0,0
2014-12-23,03:00:00,1.22267,1.22326,1.22266,1.22293,0,0
2014-12-23,04:00:00,1.22292,1.22313,1.22265,1.2231,0,0
2014-12-23,05:00:00,1.22307,1.22339,1.22277,1.22314,0,0
2014-12-23,06:00:00,1.22314,1.22333,1.22278,1.22325,0,0
2014-12-23,07:00:00,1.22324,1.22334,1.2226,1.22294,0,0
2014-12-23,08:00:00,1.22295,1.22361,1.22273,1.22326,0,0
2014-12-23,09:00:00,1.22325,1.22389,1.22232,1.22253,0,0
2014-12-23,10:00:00,1.22243,1.22449,1.22243,1.22335,0,0
2014-12-23,11:00:00,1.22338,1.22395,1.22277,1.22339,0,0
2014-12-23,12:00:00,1.22359,1.22364,1.22264,1.22329,0,0
2014-12-23,13:00:00,1.22328,1.22329,1.22194,1.22257,0,0
2014-12-23,14:00:00,1.22267,1.22276,1.22108,1.22145,0,0
2014-12-23,15:00:00,1.22146,1.22147,1.21822,1.21861,0,0
2014-12-23,16:00:00,1.21862,1.21877,1.21684,1.21687,0,0
2014-12-23,17:00:00,1.21725,1.21895,1.21646,1.21762,0,0
2014-12-23,18:00:00,1.2176,1.21819,1.21685,1.218,0,0
2014-12-23,19:00:00,1.218,1.21839,1.21744,1.21755,0,0
2014-12-23,20:00:00,1.21755,1.21764,1.21664,1.21747,0,0
2014-12-23,21:00:00,1.21748,1.2176,1.21695,1.21743,0,0
2014-12-23,22:00:00,1.2177,1.21771,1.21693,1.21712,0,0
2014-12-23,23:00:00,1.21712,1.21727,1.21677,1.21719,0,0
2014-12-23,23:59:00,1.2172,1.21743,1.21697,1.21717,0,0
2014-12-24,01:00:00,1.21711,1.21783,1.21696,1.21745,0,0
2014-12-24,02:00:00,1.21752,1.2188,1.21747,1.21868,0,0
2014-12-24,03:00:00,1.21868,1.21877,1.21785,1.21788,0,0
2014-12-24,04:00:00,1.21786,1.21796,1.21695,1.21714,0,0
2014-12-24,05:00:00,1.21695,1.21775,1.2169,1.21751,0,0
2014-12-24,06:00:00,1.21753,1.21819,1.21734,1.21767,0,0
2014-12-24,07:00:00,1.21718,1.21807,1.21718,1.21785,0,0
2014-12-24,08:00:00,1.2179,1.21797,1.21723,1.21751,0,0
2014-12-24,09:00:00,1.21753,1.21931,1.21753,1.2187,0,0
2014-12-24,10:00:00,1.21873,1.2199,1.21846,1.21988,0,0
2014-12-24,11:00:00,1.21988,1.22066,1.2196,1.22023,0,0
2014-12-24,12:00:00,1.22025,1.22055,1.21949,1.21965,0,0
2014-12-24,13:00:00,1.219,1.2203,1.21897,1.21989,0,0
2014-12-24,14:00:00,1.21989,1.22042,1.21956,1.2201,0,0
2014-12-24,15:00:00,1.22007,1.2219,1.22003,1.22025,0,0
2014-12-24,16:00:00,1.22029,1.22036,1.21913,1.21916,0,0
2014-12-24,17:00:00,1.21916,1.21928,1.21852,1.21886,0,0
2014-12-24,18:00:00,1.21874,1.21944,1.21859,1.21869,0,0
2014-12-24,19:00:00,1.21869,1.21927,1.21862,1.21886,0,0
2014-12-24,20:00:00,1.21883,1.22,1.21869,1.22,0,0
2014-12-24,21:00:00,1.22,1.2203,1.21888,1.2201,0,0
2014-12-24,22:00:00,1.219,1.2204,1.2189,1.2204,0,0
2014-12-24,23:00:00,1.2204,1.2205,1.2195,1.22001,0,0
2014-12-24,23:59:00,1.22005,1.22055,1.21883,1.22029,0,0
2014-12-26,01:00:00,1.2221,1.22233,1.22036,1.22082,0,0
2014-12-26,02:00:00,1.22078,1.22146,1.22028,1.22137,0,0
2014-12-26,03:00:00,1.22125,1.22196,1.22117,1.22175,0,0
2014-12-26,04:00:00,1.22168,1.22182,1.22137,1.22173,0,0
2014-12-26,05:00:00,1.22172,1.22182,1.22152,1.22178,0,0
2014-12-26,06:00:00,1.22185,1.222,1.22155,1.22157,0,0
2014-12-26,07:00:00,1.22156,1.22161,1.22124,1.22124,0,0
2014-12-26,08:00:00,1.22128,1.22162,1.22081,1.22089,0,0
2014-12-26,09:00:00,1.22089,1.2211,1.22046,1.22064,0,0
2014-12-26,10:00:00,1.22064,1.22064,1.21895,1.21919,0,0
2014-12-26,11:00:00,1.21919,1.21958,1.21866,1.21933,0,0
2014-12-26,12:00:00,1.21931,1.21938,1.21893,1.21914,0,0
2014-12-26,13:00:00,1.21915,1.21945,1.21856,1.21909,0,0
2014-12-26,14:00:00,1.21909,1.2193,1.218,1.21843,0,0
2014-12-26,15:00:00,1.21842,1.21868,1.21691,1.21781,0,0
2014-12-26,16:00:00,1.21781,1.21807,1.21687,1.21707,0,0
2014-12-26,17:00:00,1.21701,1.21774,1.21696,1.21713,0,0
2014-12-26,18:00:00,1.21712,1.21767,1.21702,1.21752,0,0
2014-12-26,19:00:00,1.21749,1.21764,1.21722,1.21737,0,0
2014-12-26,20:00:00,1.21751,1.21823,1.21718,1.21799,0,0
2014-12-26,21:00:00,1.21801,1.21801,1.21748,1.21762,0,0
2014-12-26,22:00:00,1.2176,1.21779,1.21741,1.21772,0,0
2014-12-26,23:00:00,1.21772,1.21772,1.21772,1.21772,0,0
2014-12-29,01:00:00,1.21767,1.21781,1.21672,1.21683,0,0
2014-12-29,02:00:00,1.21689,1.21855,1.21689,1.21828,0,0
2014-12-29,03:00:00,1.21828,1.21925,1.21814,1.21856,0,0
2014-12-29,04:00:00,1.21866,1.21915,1.21838,1.21872,0,0
2014-12-29,05:00:00,1.21866,1.21902,1.21841,1.21845,0,0
2014-12-29,06:00:00,1.21845,1.21965,1.21845,1.21965,0,0
2014-12-29,07:00:00,1.21964,1.22009,1.21909,1.21939,0,0
2014-12-29,08:00:00,1.2194,1.21953,1.21856,1.21856,0,0
2014-12-29,09:00:00,1.21856,1.21908,1.21729,1.21811,0,0
2014-12-29,10:00:00,1.21789,1.21863,1.21773,1.21801,0,0
2014-12-29,11:00:00,1.21801,1.22198,1.218,1.22032,0,0
2014-12-29,12:00:00,1.22099,1.22126,1.2186,1.21894,0,0
2014-12-29,13:00:00,1.21904,1.21949,1.21857,1.21891,0,0
2014-12-29,14:00:00,1.21897,1.22011,1.21892,1.21999,0,0
2014-12-29,15:00:00,1.22002,1.22136,1.21956,1.22092,0,0
2014-12-29,16:00:00,1.22092,1.22114,1.21885,1.21902,0,0
2014-12-29,17:00:00,1.21909,1.2194,1.21803,1.21808,0,0
2014-12-29,18:00:00,1.21816,1.21842,1.21778,1.21806,0,0
2014-12-29,19:00:00,1.21776,1.21776,1.21698,1.21715,0,0
2014-12-29,20:00:00,1.21715,1.21717,1.21429,1.2155,0,0
2014-12-29,21:00:00,1.2156,1.21585,1.21523,1.21551,0,0
2014-12-29,22:00:00,1.21548,1.21556,1.21513,1.21539,0,0
2014-12-29,23:00:00,1.21538,1.21558,1.21486,1.21534,0,0
2014-12-29,23:59:00,1.21515,1.2159,1.21501,1.21555,0,0
2014-12-30,01:00:00,1.21555,1.21568,1.2151,1.21532,0,0
2014-12-30,02:00:00,1.21548,1.21611,1.2154,1.2157,0,0
2014-12-30,03:00:00,1.2157,1.21581,1.21495,1.21497,0,0
2014-12-30,04:00:00,1.21497,1.21497,1.21352,1.21383,0,0
2014-12-30,05:00:00,1.21383,1.21402,1.21309,1.2139,0,0
2014-12-30,06:00:00,1.21393,1.21411,1.21328,1.21402,0,0
2014-12-30,07:00:00,1.21402,1.21403,1.21335,1.21338,0,0
2014-12-30,08:00:00,1.21335,1.21338,1.21238,1.21329,0,0
2014-12-30,09:00:00,1.21325,1.21705,1.21268,1.2162,0,0
2014-12-30,10:00:00,1.2162,1.21866,1.2162,1.21725,0,0
2014-12-30,11:00:00,1.2173,1.21742,1.21607,1.21619,0,0
2014-12-30,12:00:00,1.2159,1.21617,1.21478,1.2156,0,0
2014-12-30,13:00:00,1.21558,1.2168,1.21522,1.2165,0,0
2014-12-30,14:00:00,1.21648,1.21648,1.21483,1.21548,0,0
2014-12-30,15:00:00,1.21548,1.21696,1.21494,1.21692,0,0
2014-12-30,16:00:00,1.21694,1.21772,1.21662,1.2175,0,0
2014-12-30,17:00:00,1.21728,1.21807,1.21615,1.21648,0,0
2014-12-30,18:00:00,1.21629,1.21757,1.21621,1.21731,0,0
2014-12-30,19:00:00,1.21731,1.21752,1.21564,1.21572,0,0
2014-12-30,20:00:00,1.21572,1.21619,1.21516,1.21597,0,0
2014-12-30,21:00:00,1.21587,1.21634,1.21509,1.2153,0,0
2014-12-30,22:00:00,1.21528,1.21563,1.21512,1.21547,0,0
2014-12-30,23:00:00,1.21549,1.21587,1.21539,1.21548,0,0
2014-12-30,23:59:00,1.21548,1.21599,1.21532,1.21573,0,0
2014-12-31,01:00:00,1.21572,1.2162,1.21561,1.21612,0,0
2014-12-31,02:00:00,1.21612,1.21625,1.21573,1.21573,0,0
2014-12-31,03:00:00,1.21573,1.2168,1.21569,1.21679,0,0
2014-12-31,04:00:00,1.21679,1.2169,1.21632,1.21635,0,0
2014-12-31,05:00:00,1.21635,1.21664,1.21607,1.21643,0,0
2014-12-31,06:00:00,1.21642,1.21643,1.21566,1.21571,0,0
2014-12-31,07:00:00,1.21573,1.21586,1.21503,1.2154,0,0
2014-12-31,08:00:00,1.21541,1.21592,1.21501,1.21518,0,0
2014-12-31,09:00:00,1.21485,1.21561,1.21449,1.21539,0,0
2014-12-31,10:00:00,1.21539,1.2159,1.21472,1.21534,0,0
2014-12-31,11:00:00,1.21547,1.21549,1.21441,1.21523,0,0
2014-12-31,12:00:00,1.21512,1.21579,1.21507,1.21537,0,0
2014-12-31,13:00:00,1.21549,1.21565,1.21474,1.21551,0,0
2014-12-31,14:00:00,1.21548,1.21548,1.21464,1.21482,0,0
2014-12-31,15:00:00,1.21486,1.21486,1.21299,1.21318,0,0
2014-12-31,16:00:00,1.21318,1.21345,1.21112,1.2128,0,0
2014-12-31,17:00:00,1.21281,1.2134,1.21102,1.21103,0,0
2014-12-31,18:00:00,1.20989,1.21095,1.20977,1.21005,0,0
2014-12-31,19:00:00,1.21007,1.21064,1.20986,1.2099,0,0
2014-12-31,20:00:00,1.20989,1.21077,1.20984,1.21008,0,0
2014-12-31,21:00:00,1.20987,1.21034,1.20971,1.20992,0,0
2014-12-31,22:00:00,1.21008,1.21015,1.20958,1.20996,0,0
2014-12-31,23:00:00,1.20996,1.21015,1.2097,1.2098,0,0
2014-12-31,23:59:00,1.2099,1.21025,1.2097,1.20999,0,0
2015-01-02,01:00:00,1.21011,1.21041,1.20775,1.20863,0,0
2015-01-02,02:00:00,1.20863,1.20884,1.20667,1.20674,0,0
2015-01-02,03:00:00,1.20672,1.20722,1.20518,1.20664,0,0
2015-01-02,04:00:00,1.20662,1.20681,1.20502,1.20588,0,0
2015-01-02,05:00:00,1.20576,1.20622,1.20551,1.20573,0,0
2015-01-02,06:00:00,1.20569,1.20598,1.20484,1.20529,0,0
2015-01-02,07:00:00,1.20529,1.20554,1.2046,1.2052,0,0
2015-01-02,08:00:00,1.20502,1.20574,1.20486,1.20543,0,0
2015-01-02,09:00:00,1.20544,1.20577,1.20345,1.20544,0,0
2015-01-02,10:00:00,1.20565,1.2069,1.20448,1.20494,0,0
2015-01-02,11:00:00,1.20439,1.206,1.20395,1.20573,0,0
2015-01-02,12:00:00,1.20573,1.20573,1.20422,1.20501,0,0
2015-01-02,13:00:00,1.20503,1.20574,1.20447,1.20538,0,0
2015-01-02,14:00:00,1.20538,1.20538,1.20351,1.20379,0,0
2015-01-02,15:00:00,1.20379,1.20441,1.20251,1.20304,0,0
2015-01-02,16:00:00,1.20302,1.20331,1.20096,1.20143,0,0
2015-01-02,17:00:00,1.20144,1.20316,1.20119,1.20308,0,0
2015-01-02,18:00:00,1.20308,1.2031,1.20077,1.20138,0,0
2015-01-02,19:00:00,1.20137,1.20158,1.20035,1.20082,0,0
2015-01-02,20:00:00,1.20095,1.20154,1.20079,1.20115,0,0
2015-01-02,21:00:00,1.20117,1.20118,1.20044,1.20056,0,0
2015-01-02,22:00:00,1.20058,1.20073,1.20015,1.20029,0,0
2015-01-02,23:00:00,1.2003,1.2003,1.20026,1.20027,0,0
2015-01-05,01:00:00,1.19482,1.19489,1.19302,1.19458,0,0
2015-01-05,02:00:00,1.19459,1.19746,1.19459,1.1963,0,0
2015-01-05,03:00:00,1.19629,1.19728,1.19513,1.19544,0,0
2015-01-05,04:00:00,1.19544,1.19645,1.19543,1.19566,0,0
2015-01-05,05:00:00,1.19561,1.19567,1.19444,1.19455,0,0
2015-01-05,06:00:00,1.19388,1.19449,1.19358,1.19406,0,0
2015-01-05,07:00:00,1.19406,1.19447,1.19257,1.19354,0,0
2015-01-05,08:00:00,1.19328,1.19471,1.19306,1.19468,0,0
2015-01-05,09:00:00,1.19468,1.19605,1.19427,1.1956,0,0
2015-01-05,10:00:00,1.19546,1.19742,1.19517,1.19545,0,0
2015-01-05,11:00:00,1.19548,1.196,1.19427,1.19541,0,0
2015-01-05,12:00:00,1.19541,1.19571,1.19143,1.19202,0,0
2015-01-05,13:00:00,1.19202,1.19243,1.19011,1.19052,0,0
2015-01-05,14:00:00,1.19051,1.19193,1.18872,1.18985,0,0
2015-01-05,15:00:00,1.18952,1.19281,1.18925,1.19124,0,0
2015-01-05,16:00:00,1.19124,1.19355,1.19082,1.19325,0,0
2015-01-05,17:00:00,1.19342,1.19411,1.19168,1.19365,0,0
2015-01-05,18:00:00,1.19361,1.1939,1.19154,1.19184,0,0
2015-01-05,19:00:00,1.1918,1.19274,1.19121,1.19248,0,0
2015-01-05,20:00:00,1.19225,1.19338,1.19146,1.19338,0,0
2015-01-05,21:00:00,1.19333,1.19401,1.19333,1.19384,0,0
2015-01-05,22:00:00,1.19383,1.1949,1.19366,1.19366,0,0
2015-01-05,23:00:00,1.19365,1.19388,1.1932,1.19323,0,0
2015-01-05,23:59:00,1.19318,1.1935,1.1927,1.19322,0,0
2015-01-06,01:00:00,1.19314,1.19404,1.19311,1.19368,0,0
2015-01-06,02:00:00,1.19365,1.19427,1.19349,1.19427,0,0
2015-01-06,03:00:00,1.19426,1.1946,1.1936,1.19402,0,0
2015-01-06,04:00:00,1.19402,1.19547,1.19402,1.19457,0,0
2015-01-06,05:00:00,1.19461,1.1949,1.19399,1.19435,0,0
2015-01-06,06:00:00,1.19435,1.19503,1.19425,1.19484,0,0
2015-01-06,07:00:00,1.19475,1.19576,1.19465,1.19566,0,0
2015-01-06,08:00:00,1.19573,1.19685,1.19525,1.19605,0,0
2015-01-06,09:00:00,1.19609,1.19619,1.19415,1.19421,0,0
2015-01-06,10:00:00,1.19422,1.19517,1.1922,1.19439,0,0
2015-01-06,11:00:00,1.19421,1.19432,1.19048,1.19069,0,0
2015-01-06,12:00:00,1.19083,1.19142,1.18954,1.18979,0,0
2015-01-06,13:00:00,1.18983,1.19193,1.18874,1.18928,0,0
2015-01-06,14:00:00,1.18907,1.19086,1.18841,1.19075,0,0
2015-01-06,15:00:00,1.19063,1.1915,1.18968,1.19066,0,0
2015-01-06,16:00:00,1.1907,1.19077,1.18873,1.19056,0,0
2015-01-06,17:00:00,1.19188,1.1931,1.19075,1.19197,0,0
2015-01-06,18:00:00,1.19191,1.19399,1.19161,1.19365,0,0
2015-01-06,19:00:00,1.19347,1.1958,1.1922,1.1922,0,0
2015-01-06,20:00:00,1.19221,1.19333,1.19221,1.19332,0,0
2015-01-06,21:00:00,1.19332,1.19363,1.19169,1.19179,0,0
2015-01-06,22:00:00,1.19139,1.19143,1.18885,1.18985,0,0
2015-01-06,23:00:00,1.18986,1.18993,1.18874,1.18898,0,0
2015-01-06,23:59:00,1.18897,1.18902,1.18429,1.18712,0,0
2015-01-07,01:00:00,1.1874,1.18786,1.18692,1.18718,0,0
2015-01-07,02:00:00,1.18718,1.18798,1.18632,1.1869,0,0
2015-01-07,03:00:00,1.18705,1.18803,1.18676,1.18773,0,0
2015-01-07,04:00:00,1.18772,1.18782,1.18695,1.187,0,0
2015-01-07,05:00:00,1.18699,1.18778,1.18667,1.18757,0,0
2015-01-07,06:00:00,1.18761,1.18777,1.18714,1.18751,0,0
2015-01-07,07:00:00,1.18751,1.18796,1.18738,1.18779,0,0
2015-01-07,08:00:00,1.1878,1.18795,1.18541,1.18666,0,0
2015-01-07,09:00:00,1.18667,1.18886,1.18628,1.1886,0,0
2015-01-07,10:00:00,1.18887,1.18957,1.18607,1.18679,0,0
2015-01-07,11:00:00,1.18682,1.18788,1.18517,1.18534,0,0
2015-01-07,12:00:00,1.18538,1.18759,1.18413,1.1844,0,0
2015-01-07,13:00:00,1.1848,1.18542,1.18197,1.18226,0,0
2015-01-07,14:00:00,1.18231,1.18446,1.18229,1.18359,0,0
2015-01-07,15:00:00,1.1836,1.18384,1.18193,1.18296,0,0
2015-01-07,16:00:00,1.18296,1.18303,1.18083,1.18213,0,0
2015-01-07,17:00:00,1.18179,1.18297,1.1802,1.1802,0,0
2015-01-07,18:00:00,1.18022,1.18265,1.18022,1.18199,0,0
2015-01-07,19:00:00,1.18185,1.18346,1.18176,1.18292,0,0
2015-01-07,20:00:00,1.18292,1.1837,1.18261,1.18337,0,0
2015-01-07,21:00:00,1.18341,1.18584,1.18084,1.18511,0,0
2015-01-07,22:00:00,1.18459,1.18501,1.18315,1.18332,0,0
2015-01-07,23:00:00,1.18332,1.18407,1.18331,1.18383,0,0
2015-01-07,23:59:00,1.18382,1.18417,1.18328,1.18331,0,0
2015-01-08,01:00:00,1.18334,1.18367,1.18308,1.18332,0,0
2015-01-08,02:00:00,1.18333,1.18473,1.18321,1.18367,0,0
2015-01-08,03:00:00,1.18383,1.18405,1.18253,1.18256,0,0
2015-01-08,04:00:00,1.18256,1.1827,1.18189,1.18214,0,0
2015-01-08,05:00:00,1.18214,1.1831,1.18174,1.18269,0,0
2015-01-08,06:00:00,1.18268,1.1829,1.1822,1.18228,0,0
2015-01-08,07:00:00,1.18226,1.18262,1.18164,1.18207,0,0
2015-01-08,08:00:00,1.18207,1.18239,1.18173,1.18203,0,0
2015-01-08,09:00:00,1.18186,1.18206,1.18032,1.18203,0,0
2015-01-08,10:00:00,1.18196,1.18212,1.18015,1.18027,0,0
2015-01-08,11:00:00,1.17953,1.18072,1.17814,1.17827,0,0
2015-01-08,12:00:00,1.17856,1.17856,1.17625,1.17724,0,0
2015-01-08,13:00:00,1.17689,1.17743,1.17633,1.1769,0,0
2015-01-08,14:00:00,1.17711,1.17785,1.17538,1.17785,0,0
2015-01-08,15:00:00,1.17754,1.17888,1.17617,1.17875,0,0
2015-01-08,16:00:00,1.17874,1.17984,1.17792,1.17974,0,0
2015-01-08,17:00:00,1.17975,1.17983,1.17732,1.17918,0,0
2015-01-08,18:00:00,1.17917,1.18138,1.17908,1.18107,0,0
2015-01-08,19:00:00,1.18091,1.18181,1.18035,1.18163,0,0
2015-01-08,20:00:00,1.18165,1.18165,1.17957,1.17997,0,0
2015-01-08,21:00:00,1.17995,1.17998,1.17802,1.17837,0,0
2015-01-08,22:00:00,1.17838,1.17914,1.17832,1.17882,0,0
2015-01-08,23:00:00,1.17882,1.17962,1.17879,1.17924,0,0
2015-01-08,23:59:00,1.17918,1.17935,1.1786,1.17894,0,0
2015-01-09,01:00:00,1.1789,1.17941,1.1786,1.17918,0,0
2015-01-09,02:00:00,1.17918,1.17963,1.179,1.17958,0,0
2015-01-09,03:00:00,1.17958,1.18102,1.17949,1.18016,0,0
2015-01-09,04:00:00,1.18018,1.18089,1.17994,1.18057,0,0
2015-01-09,05:00:00,1.18059,1.18074,1.18005,1.1803,0,0
2015-01-09,06:00:00,1.18037,1.18118,1.18033,1.18053,0,0
2015-01-09,07:00:00,1.18053,1.18147,1.18053,1.18103,0,0
2015-01-09,08:00:00,1.18091,1.18101,1.17941,1.17942,0,0
2015-01-09,09:00:00,1.17926,1.17994,1.17848,1.1793,0,0
2015-01-09,10:00:00,1.17931,1.18078,1.17931,1.18044,0,0
2015-01-09,11:00:00,1.18037,1.1819,1.17973,1.18156,0,0
2015-01-09,12:00:00,1.18157,1.18192,1.18058,1.18125,0,0
2015-01-09,13:00:00,1.18116,1.1819,1.1808,1.18088,0,0
2015-01-09,14:00:00,1.18091,1.18173,1.18087,1.18166,0,0
2015-01-09,15:00:00,1.18165,1.1832,1.17631,1.17872,0,0
2015-01-09,16:00:00,1.17871,1.17961,1.17728,1.17832,0,0
2015-01-09,17:00:00,1.17874,1.18375,1.17845,1.18323,0,0
2015-01-09,18:00:00,1.18322,1.18441,1.1775,1.1829,0,0
2015-01-09,19:00:00,1.18291,1.18423,1.18288,1.18304,0,0
2015-01-09,20:00:00,1.18329,1.18423,1.18326,1.18387,0,0
2015-01-09,21:00:00,1.18384,1.18458,1.18315,1.18412,0,0
2015-01-09,22:00:00,1.18411,1.18432,1.18362,1.18426,0,0
