Date,Time,Open,High,Low,Close,Volume,OpenInt
2014-10-13,01:00:00,1.85102,1.85878,1.8506,1.85856,0,0
2014-10-13,02:00:00,1.85871,1.85924,1.85364,1.85453,0,0
2014-10-13,03:00:00,1.85447,1.85911,1.85164,1.85194,0,0
2014-10-13,04:00:00,1.85197,1.85232,1.84611,1.84696,0,0
2014-10-13,05:00:00,1.84711,1.84826,1.84306,1.84597,0,0
2014-10-13,06:00:00,1.84616,1.84778,1.84511,1.84559,0,0
2014-10-13,07:00:00,1.84567,1.84574,1.84373,1.8446,0,0
2014-10-13,08:00:00,1.84463,1.84578,1.84373,1.845,0,0
2014-10-13,09:00:00,1.84493,1.84873,1.84456,1.84573,0,0
2014-10-13,10:00:00,1.8459,1.84679,1.84306,1.84309,0,0
2014-10-13,11:00:00,1.84319,1.84433,1.84108,1.84195,0,0
2014-10-13,12:00:00,1.84185,1.84279,1.83934,1.84004,0,0
2014-10-13,13:00:00,1.83999,1.84087,1.83741,1.83867,0,0
2014-10-13,14:00:00,1.83867,1.839,1.837,1.83825,0,0
2014-10-13,15:00:00,1.83825,1.83847,1.83419,1.83455,0,0
2014-10-13,16:00:00,1.83455,1.83556,1.83205,1.83255,0,0
2014-10-13,17:00:00,1.83235,1.83586,1.83194,1.83479,0,0
2014-10-13,18:00:00,1.83437,1.83606,1.83258,1.83413,0,0
2014-10-13,19:00:00,1.83413,1.83489,1.83264,1.83433,0,0
2014-10-13,20:00:00,1.83427,1.83465,1.83225,1.83362,0,0
2014-10-13,21:00:00,1.8336,1.83441,1.83288,1.83372,0,0
2014-10-13,22:00:00,1.83357,1.83575,1.83189,1.83575,0,0
2014-10-13,23:00:00,1.83577,1.83708,1.83322,1.8339,0,0
2014-10-13,23:59:00,1.83407,1.83637,1.83315,1.83536,0,0
2014-10-14,01:00:00,1.83536,1.8359,1.83401,1.83569,0,0
2014-10-14,02:00:00,1.83557,1.8371,1.8348,1.8352,0,0
2014-10-14,03:00:00,1.8352,1.83873,1.83514,1.83671,0,0
2014-10-14,04:00:00,1.83673,1.83737,1.82942,1.83017,0,0
2014-10-14,05:00:00,1.83017,1.83049,1.82411,1.82565,0,0
2014-10-14,06:00:00,1.82562,1.82733,1.82444,1.82724,0,0
2014-10-14,07:00:00,1.82726,1.82844,1.82661,1.82736,0,0
2014-10-14,08:00:00,1.82736,1.83019,1.82707,1.82927,0,0
2014-10-14,09:00:00,1.82939,1.83007,1.82797,1.82912,0,0
2014-10-14,10:00:00,1.82915,1.83284,1.82902,1.83277,0,0
2014-10-14,11:00:00,1.83286,1.83472,1.82359,1.82486,0,0
2014-10-14,12:00:00,1.8248,1.8294,1.82435,1.82769,0,0
2014-10-14,13:00:00,1.82768,1.82831,1.82528,1.82553,0,0
2014-10-14,14:00:00,1.82508,1.82796,1.82153,1.82193,0,0
2014-10-14,15:00:00,1.82208,1.82287,1.82072,1.82084,0,0
2014-10-14,16:00:00,1.82073,1.82458,1.82051,1.82414,0,0
2014-10-14,17:00:00,1.82402,1.82709,1.82366,1.8244,0,0
2014-10-14,18:00:00,1.82405,1.82658,1.82345,1.82562,0,0
2014-10-14,19:00:00,1.82561,1.82566,1.82388,1.82407,0,0
2014-10-14,20:00:00,1.82406,1.82548,1.82339,1.82406,0,0
2014-10-14,21:00:00,1.82412,1.8273,1.82318,1.82668,0,0
2014-10-14,22:00:00,1.82661,1.82919,1.82601,1.82699,0,0
2014-10-14,23:00:00,1.82687,1.82728,1.82506,1.82524,0,0
2014-10-14,23:59:00,1.82526,1.82574,1.82397,1.82427,0,0
2014-10-15,01:00:00,1.82418,1.8255,1.8235,1.82473,0,0
2014-10-15,02:00:00,1.82475,1.82728,1.82432,1.82452,0,0
2014-10-15,03:00:00,1.82455,1.82992,1.82455,1.82857,0,0
2014-10-15,04:00:00,1.82856,1.83029,1.82405,1.82533,0,0
2014-10-15,05:00:00,1.8253,1.82744,1.82466,1.82678,0,0
2014-10-15,06:00:00,1.82668,1.82668,1.82379,1.82526,0,0
2014-10-15,07:00:00,1.82524,1.82635,1.82358,1.82371,0,0
2014-10-15,08:00:00,1.8235,1.82431,1.82106,1.82175,0,0
2014-10-15,09:00:00,1.82171,1.82278,1.81891,1.82086,0,0
2014-10-15,10:00:00,1.82087,1.82288,1.8195,1.82132,0,0
2014-10-15,11:00:00,1.82151,1.82683,1.82083,1.82409,0,0
2014-10-15,12:00:00,1.82422,1.83004,1.82287,1.82824,0,0
2014-10-15,13:00:00,1.8282,1.8282,1.82447,1.82478,0,0
2014-10-15,14:00:00,1.82471,1.82762,1.82393,1.82553,0,0
2014-10-15,15:00:00,1.82561,1.8266,1.81965,1.82305,0,0
2014-10-15,16:00:00,1.82295,1.82324,1.81339,1.81595,0,0
2014-10-15,17:00:00,1.8152,1.8192,1.81375,1.81468,0,0
2014-10-15,18:00:00,1.81469,1.81622,1.81254,1.81517,0,0
2014-10-15,19:00:00,1.81525,1.817,1.81127,1.81436,0,0
2014-10-15,20:00:00,1.81409,1.82405,1.81352,1.82149,0,0
2014-10-15,21:00:00,1.8213,1.82222,1.81388,1.81612,0,0
2014-10-15,22:00:00,1.81599,1.81638,1.81134,1.81212,0,0
2014-10-15,23:00:00,1.81275,1.81548,1.81114,1.81467,0,0
2014-10-15,23:59:00,1.81468,1.81711,1.81399,1.81638,0,0
2014-10-16,01:00:00,1.8165,1.81931,1.81599,1.81841,0,0
2014-10-16,02:00:00,1.81841,1.82165,1.81728,1.81847,0,0
2014-10-16,03:00:00,1.81845,1.81954,1.8154,1.81725,0,0
2014-10-16,04:00:00,1.81713,1.81973,1.81523,1.81704,0,0
2014-10-16,05:00:00,1.81701,1.8198,1.81616,1.81832,0,0
2014-10-16,06:00:00,1.8183,1.82004,1.81768,1.8188,0,0
2014-10-16,07:00:00,1.8188,1.81947,1.81784,1.81869,0,0
2014-10-16,08:00:00,1.81863,1.8189,1.81596,1.81652,0,0
2014-10-16,09:00:00,1.8165,1.82532,1.81576,1.8237,0,0
2014-10-16,10:00:00,1.82368,1.82726,1.82076,1.82536,0,0
2014-10-16,11:00:00,1.82516,1.8339,1.82478,1.83318,0,0
2014-10-16,12:00:00,1.83305,1.83673,1.83012,1.83517,0,0
2014-10-16,13:00:00,1.83531,1.83868,1.83289,1.8344,0,0
2014-10-16,14:00:00,1.83427,1.83659,1.83275,1.83542,0,0
2014-10-16,15:00:00,1.83532,1.84086,1.83532,1.8379,0,0
2014-10-16,16:00:00,1.83796,1.83909,1.83396,1.83396,0,0
2014-10-16,17:00:00,1.83456,1.83546,1.8268,1.82757,0,0
2014-10-16,18:00:00,1.82742,1.83352,1.82677,1.83253,0,0
2014-10-16,19:00:00,1.83267,1.83345,1.82957,1.83121,0,0
2014-10-16,20:00:00,1.83109,1.83417,1.83066,1.8337,0,0
2014-10-16,21:00:00,1.83377,1.83427,1.83217,1.83264,0,0
2014-10-16,22:00:00,1.83245,1.83818,1.83245,1.83818,0,0
2014-10-16,23:00:00,1.83797,1.83806,1.83598,1.8372,0,0
2014-10-16,23:59:00,1.83768,1.8383,1.83606,1.83707,0,0
2014-10-17,01:00:00,1.83659,1.84023,1.83605,1.8369,0,0
2014-10-17,02:00:00,1.83699,1.83906,1.83476,1.8349,0,0
2014-10-17,03:00:00,1.83505,1.83538,1.83162,1.83244,0,0
2014-10-17,04:00:00,1.83243,1.83271,1.82989,1.83045,0,0
2014-10-17,05:00:00,1.8305,1.83473,1.83047,1.83434,0,0
2014-10-17,06:00:00,1.83447,1.83865,1.83376,1.83792,0,0
2014-10-17,07:00:00,1.83792,1.83913,1.83474,1.83779,0,0
2014-10-17,08:00:00,1.83757,1.84014,1.83678,1.83874,0,0
2014-10-17,09:00:00,1.83873,1.84083,1.83441,1.83441,0,0
2014-10-17,10:00:00,1.83439,1.83513,1.8298,1.83165,0,0
2014-10-17,11:00:00,1.83148,1.83441,1.83052,1.83269,0,0
2014-10-17,12:00:00,1.83247,1.83567,1.83223,1.83327,0,0
2014-10-17,13:00:00,1.83327,1.83371,1.83048,1.83317,0,0
2014-10-17,14:00:00,1.83336,1.8353,1.83221,1.83311,0,0
2014-10-17,15:00:00,1.83312,1.83491,1.8299,1.83444,0,0
2014-10-17,16:00:00,1.8345,1.83695,1.83356,1.83565,0,0
2014-10-17,17:00:00,1.83555,1.83874,1.83431,1.83871,0,0
2014-10-17,18:00:00,1.8385,1.8391,1.83566,1.83587,0,0
2014-10-17,19:00:00,1.83614,1.83678,1.83421,1.8357,0,0
2014-10-17,20:00:00,1.83558,1.83666,1.83511,1.83619,0,0
2014-10-17,21:00:00,1.83596,1.83929,1.83596,1.83884,0,0
2014-10-17,22:00:00,1.83868,1.83906,1.83557,1.8358,0,0
2014-10-17,23:00:00,1.83586,1.83586,1.83586,1.83586,0,0
2014-10-20,01:00:00,1.83627,1.83885,1.83617,1.83885,0,0
2014-10-20,02:00:00,1.83895,1.83895,1.83588,1.83783,0,0
2014-10-20,03:00:00,1.83784,1.83784,1.83423,1.83493,0,0
2014-10-20,04:00:00,1.83496,1.83522,1.8332,1.83361,0,0
2014-10-20,05:00:00,1.83352,1.83504,1.83314,1.8342,0,0
2014-10-20,06:00:00,1.83425,1.83714,1.83384,1.83584,0,0
2014-10-20,07:00:00,1.83581,1.83669,1.83528,1.83602,0,0
2014-10-20,08:00:00,1.83599,1.83642,1.83544,1.83579,0,0
2014-10-20,09:00:00,1.83573,1.83851,1.83571,1.83636,0,0
2014-10-20,10:00:00,1.83639,1.83906,1.83639,1.83813,0,0
2014-10-20,11:00:00,1.83807,1.84027,1.83782,1.84022,0,0
2014-10-20,12:00:00,1.84038,1.84046,1.83782,1.83957,0,0
2014-10-20,13:00:00,1.83953,1.84014,1.83773,1.83996,0,0
2014-10-20,14:00:00,1.83985,1.84135,1.83985,1.84016,0,0
2014-10-20,15:00:00,1.84,1.84073,1.83884,1.83939,0,0
2014-10-20,16:00:00,1.83947,1.84008,1.83704,1.83745,0,0
2014-10-20,17:00:00,1.83743,1.83758,1.83465,1.83666,0,0
2014-10-20,18:00:00,1.83656,1.83785,1.83642,1.837,0,0
2014-10-20,19:00:00,1.83693,1.83788,1.83626,1.83725,0,0
2014-10-20,20:00:00,1.83716,1.84013,1.83707,1.83978,0,0
2014-10-20,21:00:00,1.83984,1.83997,1.83873,1.83934,0,0
2014-10-20,22:00:00,1.83928,1.83953,1.83788,1.8385,0,0
2014-10-20,23:00:00,1.83845,1.84066,1.83844,1.8404,0,0
2014-10-20,23:59:00,1.84066,1.84125,1.83916,1.84059,0,0
2014-10-21,01:00:00,1.84069,1.84069,1.83811,1.83875,0,0
2014-10-21,02:00:00,1.83882,1.84101,1.83816,1.84056,0,0
2014-10-21,03:00:00,1.84059,1.84136,1.83776,1.83989,0,0
2014-10-21,04:00:00,1.83986,1.84353,1.83986,1.84353,0,0
2014-10-21,05:00:00,1.84096,1.84141,1.83435,1.83679,0,0
2014-10-21,06:00:00,1.83678,1.83758,1.83533,1.83546,0,0
2014-10-21,07:00:00,1.83541,1.83559,1.833,1.83496,0,0
2014-10-21,08:00:00,1.83505,1.8376,1.83462,1.83473,0,0
2014-10-21,09:00:00,1.83476,1.83729,1.83253,1.83714,0,0
2014-10-21,10:00:00,1.83711,1.83731,1.8335,1.83487,0,0
2014-10-21,11:00:00,1.8348,1.83851,1.83392,1.8382,0,0
2014-10-21,12:00:00,1.83831,1.83844,1.83225,1.83235,0,0
2014-10-21,13:00:00,1.83241,1.83559,1.83206,1.83529,0,0
2014-10-21,14:00:00,1.8353,1.83535,1.83175,1.83329,0,0
2014-10-21,15:00:00,1.83317,1.83421,1.83134,1.8319,0,0
2014-10-21,16:00:00,1.83185,1.83378,1.83145,1.83237,0,0
2014-10-21,17:00:00,1.83249,1.83503,1.83081,1.83194,0,0
2014-10-21,18:00:00,1.83174,1.83737,1.83129,1.83417,0,0
2014-10-21,19:00:00,1.83416,1.83455,1.83252,1.83455,0,0
2014-10-21,20:00:00,1.83458,1.83475,1.83279,1.83464,0,0
2014-10-21,21:00:00,1.83473,1.83663,1.83424,1.83598,0,0
2014-10-21,22:00:00,1.83638,1.8368,1.83479,1.83521,0,0
2014-10-21,23:00:00,1.8354,1.83558,1.83435,1.83527,0,0
2014-10-21,23:59:00,1.83544,1.83678,1.83452,1.83586,0,0
2014-10-22,01:00:00,1.83568,1.83839,1.83539,1.83835,0,0
2014-10-22,02:00:00,1.83833,1.83849,1.83665,1.83753,0,0
2014-10-22,03:00:00,1.83745,1.8421,1.83348,1.83598,0,0
2014-10-22,04:00:00,1.83598,1.83781,1.83515,1.8364,0,0
2014-10-22,05:00:00,1.8364,1.83643,1.83371,1.83406,0,0
2014-10-22,06:00:00,1.83405,1.83484,1.83301,1.83436,0,0
2014-10-22,07:00:00,1.83437,1.83524,1.83325,1.83457,0,0
2014-10-22,08:00:00,1.83464,1.83588,1.83404,1.83422,0,0
2014-10-22,09:00:00,1.83462,1.83585,1.83264,1.83404,0,0
2014-10-22,10:00:00,1.83392,1.83446,1.83132,1.83158,0,0
2014-10-22,11:00:00,1.83163,1.83185,1.82315,1.8241,0,0
2014-10-22,12:00:00,1.82402,1.82586,1.82289,1.82537,0,0
2014-10-22,13:00:00,1.82523,1.8274,1.82499,1.82683,0,0
2014-10-22,14:00:00,1.82672,1.82698,1.82405,1.82472,0,0
2014-10-22,15:00:00,1.82472,1.82799,1.82437,1.8279,0,0
2014-10-22,16:00:00,1.82789,1.82896,1.82502,1.82543,0,0
2014-10-22,17:00:00,1.82551,1.82568,1.8222,1.82348,0,0
2014-10-22,18:00:00,1.82322,1.82777,1.8225,1.82749,0,0
2014-10-22,19:00:00,1.82751,1.82958,1.82751,1.82925,0,0
2014-10-22,20:00:00,1.82925,1.82984,1.82729,1.82792,0,0
2014-10-22,21:00:00,1.82792,1.8283,1.82663,1.82784,0,0
2014-10-22,22:00:00,1.82781,1.82957,1.82757,1.82913,0,0
2014-10-22,23:00:00,1.82905,1.82951,1.82675,1.82855,0,0
2014-10-22,23:59:00,1.82834,1.83237,1.82739,1.83077,0,0
2014-10-23,01:00:00,1.83083,1.83108,1.82792,1.82993,0,0
2014-10-23,02:00:00,1.83001,1.83104,1.82899,1.83014,0,0
2014-10-23,03:00:00,1.83011,1.83305,1.82945,1.83255,0,0
2014-10-23,04:00:00,1.83255,1.83352,1.82915,1.83234,0,0
2014-10-23,05:00:00,1.83227,1.83251,1.83004,1.83187,0,0
2014-10-23,06:00:00,1.83187,1.83312,1.83103,1.83292,0,0
2014-10-23,07:00:00,1.83294,1.83334,1.83184,1.83218,0,0
2014-10-23,08:00:00,1.83251,1.83329,1.8321,1.83294,0,0
2014-10-23,09:00:00,1.83281,1.83335,1.82939,1.82958,0,0
2014-10-23,10:00:00,1.82922,1.82922,1.82426,1.82496,0,0
2014-10-23,11:00:00,1.8248,1.82793,1.82079,1.82301,0,0
2014-10-23,12:00:00,1.82301,1.82378,1.82077,1.82331,0,0
2014-10-23,13:00:00,1.82305,1.82443,1.82236,1.82281,0,0
2014-10-23,14:00:00,1.82282,1.82386,1.81896,1.82143,0,0
2014-10-23,15:00:00,1.82135,1.8254,1.82125,1.82511,0,0
2014-10-23,16:00:00,1.82488,1.82837,1.82456,1.82551,0,0
2014-10-23,17:00:00,1.82555,1.83151,1.82501,1.82973,0,0
2014-10-23,18:00:00,1.82957,1.8299,1.82715,1.82801,0,0
2014-10-23,19:00:00,1.82787,1.83122,1.82773,1.83066,0,0
2014-10-23,20:00:00,1.83078,1.83156,1.82967,1.83004,0,0
2014-10-23,21:00:00,1.83007,1.8311,1.82932,1.83053,0,0
2014-10-23,22:00:00,1.83006,1.8312,1.82913,1.82989,0,0
2014-10-23,23:00:00,1.82986,1.83105,1.82853,1.82979,0,0
2014-10-23,23:59:00,1.82982,1.83092,1.82841,1.82984,0,0
2014-10-24,01:00:00,1.82984,1.83088,1.82945,1.83052,0,0
2014-10-24,02:00:00,1.83063,1.83149,1.82999,1.83042,0,0
2014-10-24,03:00:00,1.83061,1.8385,1.83041,1.83685,0,0
2014-10-24,04:00:00,1.83693,1.83765,1.8339,1.83405,0,0
2014-10-24,05:00:00,1.83393,1.83406,1.83299,1.83386,0,0
2014-10-24,06:00:00,1.83384,1.83453,1.83012,1.8318,0,0
2014-10-24,07:00:00,1.83182,1.83243,1.83054,1.83206,0,0
2014-10-24,08:00:00,1.83214,1.83252,1.82858,1.82983,0,0
2014-10-24,09:00:00,1.8298,1.8309,1.82856,1.83081,0,0
2014-10-24,10:00:00,1.83054,1.83174,1.82855,1.82868,0,0
2014-10-24,11:00:00,1.82871,1.83177,1.82473,1.83076,0,0
2014-10-24,12:00:00,1.83079,1.83079,1.82631,1.82783,0,0
2014-10-24,13:00:00,1.82785,1.82815,1.82631,1.82726,0,0
2014-10-24,14:00:00,1.82726,1.82916,1.82613,1.82716,0,0
2014-10-24,15:00:00,1.82707,1.82806,1.82271,1.82337,0,0
2014-10-24,16:00:00,1.82346,1.82412,1.82082,1.82323,0,0
2014-10-24,17:00:00,1.8229,1.82806,1.8229,1.82777,0,0
2014-10-24,18:00:00,1.82799,1.82807,1.82593,1.82696,0,0
2014-10-24,19:00:00,1.82706,1.82761,1.82608,1.82662,0,0
2014-10-24,20:00:00,1.82642,1.82733,1.82579,1.82593,0,0
2014-10-24,21:00:00,1.82593,1.82802,1.82559,1.82769,0,0
2014-10-24,22:00:00,1.8275,1.82861,1.82701,1.82858,0,0
2014-10-24,23:00:00,1.82851,1.82851,1.82851,1.82851,0,0
2014-10-27,01:00:00,1.82856,1.82933,1.82742,1.82771,0,0
2014-10-27,02:00:00,1.82758,1.82758,1.82493,1.82605,0,0
2014-10-27,03:00:00,1.82604,1.82916,1.82517,1.82752,0,0
2014-10-27,04:00:00,1.82749,1.82836,1.82543,1.82574,0,0
2014-10-27,05:00:00,1.82585,1.82766,1.82576,1.82753,0,0
2014-10-27,06:00:00,1.8275,1.82779,1.82627,1.82661,0,0
2014-10-27,07:00:00,1.82655,1.82745,1.82645,1.82689,0,0
2014-10-27,08:00:00,1.82692,1.82863,1.8257,1.82849,0,0
2014-10-27,09:00:00,1.82855,1.83118,1.82772,1.83074,0,0
2014-10-27,10:00:00,1.83088,1.83149,1.82906,1.8303,0,0
2014-10-27,11:00:00,1.83048,1.83063,1.82656,1.82749,0,0
2014-10-27,12:00:00,1.82733,1.83037,1.82573,1.83031,0,0
2014-10-27,13:00:00,1.83031,1.83258,1.82895,1.82956,0,0
2014-10-27,14:00:00,1.82948,1.83304,1.82948,1.83246,0,0
2014-10-27,15:00:00,1.83246,1.833,1.83113,1.83253,0,0
2014-10-27,16:00:00,1.83253,1.8346,1.83145,1.83205,0,0
2014-10-27,17:00:00,1.83212,1.83391,1.83189,1.83346,0,0
2014-10-27,18:00:00,1.8336,1.83387,1.83037,1.83102,0,0
2014-10-27,19:00:00,1.83102,1.83155,1.83018,1.8313,0,0
2014-10-27,20:00:00,1.83131,1.83228,1.83112,1.83112,0,0
2014-10-27,21:00:00,1.83105,1.83213,1.83105,1.83157,0,0
2014-10-27,22:00:00,1.8316,1.83198,1.83108,1.8315,0,0
2014-10-27,23:00:00,1.83134,1.83217,1.8309,1.83125,0,0
2014-10-27,23:59:00,1.83125,1.83209,1.83125,1.83172,0,0
2014-10-28,01:00:00,1.83153,1.8327,1.83129,1.8313,0,0
2014-10-28,02:00:00,1.83108,1.83202,1.8287,1.82878,0,0
2014-10-28,03:00:00,1.82899,1.83006,1.82847,1.82921,0,0
2014-10-28,04:00:00,1.82924,1.83003,1.82868,1.82931,0,0
2014-10-28,05:00:00,1.82934,1.82974,1.82687,1.82839,0,0
2014-10-28,06:00:00,1.82838,1.82966,1.82805,1.8293,0,0
2014-10-28,07:00:00,1.8293,1.83005,1.82903,1.82915,0,0
2014-10-28,08:00:00,1.82931,1.82966,1.82681,1.82763,0,0
2014-10-28,09:00:00,1.82758,1.82778,1.82401,1.82608,0,0
2014-10-28,10:00:00,1.82608,1.82626,1.8239,1.8247,0,0
2014-10-28,11:00:00,1.82481,1.82516,1.82318,1.82429,0,0
2014-10-28,12:00:00,1.82426,1.82578,1.82338,1.82453,0,0
2014-10-28,13:00:00,1.82457,1.82569,1.82291,1.82343,0,0
2014-10-28,14:00:00,1.82341,1.82546,1.8211,1.82416,0,0
2014-10-28,15:00:00,1.82392,1.82679,1.82218,1.82611,0,0
2014-10-28,16:00:00,1.82632,1.82766,1.82532,1.82681,0,0
2014-10-28,17:00:00,1.82686,1.82704,1.8249,1.82634,0,0
2014-10-28,18:00:00,1.82625,1.82687,1.82472,1.82486,0,0
2014-10-28,19:00:00,1.82493,1.82533,1.82136,1.82186,0,0
2014-10-28,20:00:00,1.82194,1.82199,1.82046,1.82135,0,0
2014-10-28,21:00:00,1.8214,1.82189,1.82077,1.8217,0,0
2014-10-28,22:00:00,1.82153,1.82198,1.82111,1.82182,0,0
2014-10-28,23:00:00,1.822,1.82312,1.82139,1.82263,0,0
2014-10-28,23:59:00,1.82266,1.82286,1.82129,1.82275,0,0
2014-10-29,01:00:00,1.82278,1.82279,1.82085,1.82186,0,0
2014-10-29,02:00:00,1.82164,1.82227,1.82006,1.82121,0,0
2014-10-29,03:00:00,1.82142,1.82183,1.82,1.82034,0,0
2014-10-29,04:00:00,1.82034,1.82079,1.81947,1.81977,0,0
2014-10-29,05:00:00,1.81979,1.82058,1.81939,1.82036,0,0
2014-10-29,06:00:00,1.82044,1.8208,1.82005,1.82007,0,0
2014-10-29,07:00:00,1.82008,1.8209,1.81981,1.8209,0,0
2014-10-29,08:00:00,1.82086,1.82152,1.82016,1.82152,0,0
2014-10-29,09:00:00,1.8215,1.82204,1.81833,1.81847,0,0
2014-10-29,10:00:00,1.81833,1.81865,1.81557,1.81686,0,0
2014-10-29,11:00:00,1.81687,1.81826,1.81515,1.81595,0,0
2014-10-29,12:00:00,1.81594,1.81624,1.81454,1.81561,0,0
2014-10-29,13:00:00,1.81551,1.81587,1.81292,1.81336,0,0
2014-10-29,14:00:00,1.81333,1.8139,1.81254,1.81273,0,0
2014-10-29,15:00:00,1.81263,1.81379,1.81136,1.8136,0,0
2014-10-29,16:00:00,1.81343,1.81484,1.81225,1.81464,0,0
2014-10-29,17:00:00,1.81466,1.81604,1.81344,1.81366,0,0
2014-10-29,18:00:00,1.81409,1.81522,1.81384,1.81448,0,0
2014-10-29,19:00:00,1.8145,1.81476,1.81257,1.81336,0,0
2014-10-29,20:00:00,1.81262,1.82396,1.8122,1.81978,0,0
2014-10-29,21:00:00,1.81977,1.82207,1.81893,1.81945,0,0
2014-10-29,22:00:00,1.81931,1.82364,1.81902,1.81999,0,0
2014-10-29,23:00:00,1.8201,1.82259,1.81925,1.82138,0,0
2014-10-29,23:59:00,1.82121,1.82233,1.81977,1.8223,0,0
2014-10-30,01:00:00,1.82221,1.82603,1.82111,1.82501,0,0
2014-10-30,02:00:00,1.82498,1.82541,1.81984,1.81986,0,0
2014-10-30,03:00:00,1.81994,1.82279,1.81989,1.82095,0,0
2014-10-30,04:00:00,1.8209,1.82148,1.82003,1.8212,0,0
2014-10-30,05:00:00,1.82109,1.8228,1.82054,1.82269,0,0
2014-10-30,06:00:00,1.82269,1.82331,1.8216,1.82277,0,0
2014-10-30,07:00:00,1.82262,1.82347,1.82147,1.82214,0,0
2014-10-30,08:00:00,1.8221,1.82375,1.82187,1.82232,0,0
2014-10-30,09:00:00,1.82225,1.82322,1.82093,1.82256,0,0
2014-10-30,10:00:00,1.82263,1.82266,1.81828,1.81829,0,0
2014-10-30,11:00:00,1.81832,1.8193,1.81712,1.81763,0,0
2014-10-30,12:00:00,1.81792,1.82063,1.8176,1.8203,0,0
2014-10-30,13:00:00,1.82034,1.82133,1.81941,1.81962,0,0
2014-10-30,14:00:00,1.81965,1.82181,1.81587,1.81609,0,0
2014-10-30,15:00:00,1.81628,1.81877,1.8162,1.81817,0,0
2014-10-30,16:00:00,1.81847,1.81957,1.81618,1.81663,0,0
2014-10-30,17:00:00,1.81654,1.81795,1.81472,1.81555,0,0
2014-10-30,18:00:00,1.81581,1.81603,1.81418,1.81441,0,0
2014-10-30,19:00:00,1.81436,1.81439,1.81205,1.81274,0,0
2014-10-30,20:00:00,1.81268,1.81289,1.81102,1.81236,0,0
2014-10-30,21:00:00,1.81231,1.81258,1.81105,1.81132,0,0
2014-10-30,22:00:00,1.81132,1.81227,1.81079,1.81139,0,0
2014-10-30,23:00:00,1.81164,1.8123,1.80876,1.8104,0,0
2014-10-30,23:59:00,1.81042,1.81271,1.81042,1.81197,0,0
2014-10-31,01:00:00,1.81187,1.81349,1.81119,1.81251,0,0
2014-10-31,02:00:00,1.8125,1.81433,1.8119,1.8138,0,0
2014-10-31,03:00:00,1.8138,1.81404,1.81133,1.81165,0,0
2014-10-31,04:00:00,1.81165,1.81311,1.81121,1.8124,0,0
2014-10-31,05:00:00,1.81242,1.81354,1.81145,1.81265,0,0
2014-10-31,06:00:00,1.81264,1.81694,1.81127,1.81576,0,0
2014-10-31,07:00:00,1.81572,1.81918,1.81451,1.8174,0,0
2014-10-31,08:00:00,1.81691,1.81794,1.81284,1.81454,0,0
2014-10-31,09:00:00,1.81466,1.81737,1.81144,1.8151,0,0
2014-10-31,10:00:00,1.8151,1.81642,1.81204,1.81338,0,0
2014-10-31,11:00:00,1.81319,1.81512,1.81313,1.81383,0,0
2014-10-31,12:00:00,1.814,1.81539,1.81266,1.81314,0,0
2014-10-31,13:00:00,1.81286,1.81413,1.81118,1.81231,0,0
2014-10-31,14:00:00,1.81217,1.81799,1.80988,1.81635,0,0
2014-10-31,15:00:00,1.81697,1.81891,1.81583,1.81672,0,0
2014-10-31,16:00:00,1.81671,1.82147,1.81667,1.82038,0,0
2014-10-31,17:00:00,1.82065,1.82083,1.81709,1.82006,0,0
2014-10-31,18:00:00,1.82007,1.82057,1.81609,1.81622,0,0
2014-10-31,19:00:00,1.8162,1.81927,1.81618,1.81885,0,0
2014-10-31,20:00:00,1.81888,1.8196,1.81775,1.81803,0,0
2014-10-31,21:00:00,1.81803,1.81856,1.81708,1.81803,0,0
2014-10-31,22:00:00,1.81785,1.81955,1.81775,1.81855,0,0
2014-10-31,23:00:00,1.8185,1.8185,1.8185,1.8185,0,0
2014-11-03,01:00:00,1.82383,1.82677,1.8233,1.82524,0,0
2014-11-03,02:00:00,1.82507,1.82983,1.823,1.82982,0,0
2014-11-03,03:00:00,1.82978,1.83178,1.82845,1.83034,0,0
2014-11-03,04:00:00,1.83034,1.83177,1.82951,1.83016,0,0
2014-11-03,05:00:00,1.83013,1.83155,1.82932,1.82995,0,0
2014-11-03,06:00:00,1.83012,1.83012,1.82745,1.82821,0,0
2014-11-03,07:00:00,1.82824,1.82878,1.82719,1.82741,0,0
2014-11-03,08:00:00,1.82749,1.82771,1.82581,1.82632,0,0
2014-11-03,09:00:00,1.82636,1.82947,1.82587,1.82756,0,0
2014-11-03,10:00:00,1.82764,1.82969,1.82571,1.82948,0,0
2014-11-03,11:00:00,1.82983,1.83159,1.82762,1.8301,0,0
2014-11-03,12:00:00,1.83006,1.83315,1.8291,1.83197,0,0
2014-11-03,13:00:00,1.83195,1.83684,1.83186,1.83468,0,0
2014-11-03,14:00:00,1.83488,1.83685,1.83434,1.83555,0,0
2014-11-03,15:00:00,1.83607,1.83803,1.83487,1.83594,0,0
2014-11-03,16:00:00,1.8361,1.83753,1.83513,1.83713,0,0
2014-11-03,17:00:00,1.83693,1.83898,1.83369,1.83598,0,0
2014-11-03,18:00:00,1.83591,1.83756,1.83471,1.83756,0,0
2014-11-03,19:00:00,1.83748,1.83981,1.83737,1.83866,0,0
2014-11-03,20:00:00,1.83872,1.8394,1.83783,1.83799,0,0
2014-11-03,21:00:00,1.83796,1.84005,1.83786,1.83951,0,0
2014-11-03,22:00:00,1.83935,1.84026,1.83843,1.83843,0,0
2014-11-03,23:00:00,1.83823,1.84061,1.83823,1.84,0,0
2014-11-03,23:59:00,1.84009,1.84088,1.83775,1.83876,0,0
2014-11-04,01:00:00,1.83879,1.83922,1.83705,1.83842,0,0
2014-11-04,02:00:00,1.83835,1.84683,1.83537,1.84159,0,0
2014-11-04,03:00:00,1.84162,1.84178,1.83734,1.83948,0,0
2014-11-04,04:00:00,1.83943,1.84061,1.83751,1.83991,0,0
2014-11-04,05:00:00,1.83997,1.84119,1.83207,1.83321,0,0
2014-11-04,06:00:00,1.83328,1.83444,1.83193,1.83417,0,0
2014-11-04,07:00:00,1.8342,1.83552,1.83348,1.83365,0,0
2014-11-04,08:00:00,1.83365,1.83365,1.83152,1.83216,0,0
2014-11-04,09:00:00,1.83208,1.83521,1.832,1.83463,0,0
2014-11-04,10:00:00,1.83463,1.83709,1.83358,1.83391,0,0
2014-11-04,11:00:00,1.83379,1.83539,1.82933,1.83029,0,0
2014-11-04,12:00:00,1.83008,1.83222,1.8293,1.83069,0,0
2014-11-04,13:00:00,1.8305,1.83129,1.82936,1.83018,0,0
2014-11-04,14:00:00,1.83016,1.83491,1.83004,1.83354,0,0
2014-11-04,15:00:00,1.83357,1.83601,1.83243,1.83326,0,0
2014-11-04,16:00:00,1.83325,1.83699,1.83303,1.83624,0,0
2014-11-04,17:00:00,1.83664,1.83742,1.83406,1.83433,0,0
2014-11-04,18:00:00,1.83431,1.83538,1.83128,1.83214,0,0
2014-11-04,19:00:00,1.83224,1.83296,1.8311,1.83163,0,0
2014-11-04,20:00:00,1.83167,1.83281,1.83124,1.83159,0,0
2014-11-04,21:00:00,1.83162,1.83291,1.83045,1.83045,0,0
2014-11-04,22:00:00,1.83048,1.83103,1.83011,1.83097,0,0
2014-11-04,23:00:00,1.83098,1.83242,1.83078,1.8313,0,0
2014-11-04,23:59:00,1.83135,1.83232,1.82721,1.82839,0,0
2014-11-05,01:00:00,1.82843,1.83014,1.82706,1.83014,0,0
2014-11-05,02:00:00,1.83004,1.83195,1.82983,1.83062,0,0
2014-11-05,03:00:00,1.83062,1.83286,1.83018,1.83102,0,0
2014-11-05,04:00:00,1.83103,1.8314,1.82854,1.82976,0,0
2014-11-05,05:00:00,1.82976,1.8306,1.82937,1.83002,0,0
2014-11-05,06:00:00,1.83008,1.83494,1.82997,1.83421,0,0
2014-11-05,07:00:00,1.83419,1.83547,1.83252,1.8335,0,0
2014-11-05,08:00:00,1.83331,1.83705,1.83151,1.83574,0,0
2014-11-05,09:00:00,1.83576,1.83737,1.83507,1.83507,0,0
2014-11-05,10:00:00,1.83503,1.83893,1.83455,1.83868,0,0
2014-11-05,11:00:00,1.83872,1.83933,1.83225,1.83457,0,0
2014-11-05,12:00:00,1.83454,1.84465,1.83421,1.84038,0,0
2014-11-05,13:00:00,1.84035,1.8451,1.83983,1.8451,0,0
2014-11-05,14:00:00,1.8452,1.84769,1.84396,1.84756,0,0
2014-11-05,15:00:00,1.84759,1.85359,1.84621,1.85332,0,0
2014-11-05,16:00:00,1.85351,1.85998,1.85334,1.85818,0,0
2014-11-05,17:00:00,1.85867,1.86169,1.85772,1.85934,0,0
2014-11-05,18:00:00,1.85947,1.86178,1.85868,1.86059,0,0
2014-11-05,19:00:00,1.86068,1.86343,1.86068,1.86227,0,0
2014-11-05,20:00:00,1.86221,1.86393,1.86137,1.86391,0,0
2014-11-05,21:00:00,1.86395,1.86414,1.86128,1.86208,0,0
2014-11-05,22:00:00,1.8622,1.86226,1.85843,1.85939,0,0
2014-11-05,23:00:00,1.85938,1.85972,1.85788,1.85874,0,0
2014-11-05,23:59:00,1.85867,1.86281,1.8583,1.86175,0,0
2014-11-06,01:00:00,1.86162,1.86387,1.86012,1.86096,0,0
2014-11-06,02:00:00,1.86095,1.86538,1.85595,1.86318,0,0
2014-11-06,03:00:00,1.86327,1.86356,1.85987,1.86092,0,0
2014-11-06,04:00:00,1.86092,1.86241,1.85702,1.86222,0,0
2014-11-06,05:00:00,1.86211,1.86506,1.86165,1.86244,0,0
2014-11-06,06:00:00,1.86244,1.86345,1.85604,1.85604,0,0
2014-11-06,07:00:00,1.8562,1.85885,1.85499,1.855,0,0
2014-11-06,08:00:00,1.85463,1.85818,1.85441,1.8575,0,0
2014-11-06,09:00:00,1.85769,1.85864,1.85383,1.8555,0,0
2014-11-06,10:00:00,1.85542,1.85749,1.8543,1.85478,0,0
2014-11-06,11:00:00,1.85477,1.85609,1.85251,1.85279,0,0
2014-11-06,12:00:00,1.85265,1.85359,1.85063,1.85135,0,0
2014-11-06,13:00:00,1.85134,1.85405,1.8512,1.85274,0,0
2014-11-06,14:00:00,1.85281,1.85333,1.84938,1.84941,0,0
2014-11-06,15:00:00,1.84925,1.85399,1.84753,1.85231,0,0
2014-11-06,16:00:00,1.85217,1.85486,1.84834,1.8494,0,0
2014-11-06,17:00:00,1.84961,1.85428,1.84917,1.85113,0,0
2014-11-06,18:00:00,1.85122,1.85188,1.8468,1.84874,0,0
2014-11-06,19:00:00,1.84878,1.84998,1.84761,1.84943,0,0
2014-11-06,20:00:00,1.84955,1.84986,1.8468,1.84718,0,0
2014-11-06,21:00:00,1.84721,1.84822,1.84687,1.84768,0,0
2014-11-06,22:00:00,1.84764,1.84944,1.84738,1.84885,0,0
2014-11-06,23:00:00,1.84886,1.85029,1.84831,1.84964,0,0
2014-11-06,23:59:00,1.84968,1.85059,1.84818,1.8505,0,0
2014-11-07,01:00:00,1.85006,1.85114,1.84975,1.85023,0,0
2014-11-07,02:00:00,1.85011,1.85305,1.8481,1.84953,0,0
2014-11-07,03:00:00,1.84949,1.85205,1.84833,1.84994,0,0
2014-11-07,04:00:00,1.84996,1.85071,1.84873,1.84997,0,0
2014-11-07,05:00:00,1.84975,1.85111,1.84908,1.84954,0,0
2014-11-07,06:00:00,1.84959,1.85198,1.84903,1.85125,0,0
2014-11-07,07:00:00,1.85131,1.85221,1.84871,1.85068,0,0
2014-11-07,08:00:00,1.85052,1.85124,1.84942,1.85018,0,0
2014-11-07,09:00:00,1.85021,1.8506,1.84663,1.84689,0,0
2014-11-07,10:00:00,1.84686,1.84686,1.84188,1.84198,0,0
2014-11-07,11:00:00,1.84181,1.84414,1.83964,1.83992,0,0
2014-11-07,12:00:00,1.83989,1.8411,1.83977,1.84045,0,0
2014-11-07,13:00:00,1.84029,1.84259,1.83983,1.8415,0,0
2014-11-07,14:00:00,1.84132,1.84371,1.84048,1.84096,0,0
2014-11-07,15:00:00,1.84095,1.84391,1.83649,1.84048,0,0
2014-11-07,16:00:00,1.84054,1.84115,1.83487,1.83636,0,0
2014-11-07,17:00:00,1.83653,1.84029,1.83627,1.83988,0,0
2014-11-07,18:00:00,1.83991,1.84057,1.83767,1.83817,0,0
2014-11-07,19:00:00,1.83813,1.83831,1.83622,1.83689,0,0
2014-11-07,20:00:00,1.83715,1.8376,1.83383,1.83527,0,0
2014-11-07,21:00:00,1.83531,1.8378,1.83487,1.83684,0,0
2014-11-07,22:00:00,1.83687,1.83923,1.83623,1.83882,0,0
2014-11-07,23:00:00,1.83876,1.83876,1.83876,1.83876,0,0
2014-11-10,01:00:00,1.83798,1.83815,1.83622,1.83747,0,0
2014-11-10,02:00:00,1.83744,1.83776,1.83508,1.83553,0,0
2014-11-10,03:00:00,1.83553,1.83633,1.83351,1.8337,0,0
2014-11-10,04:00:00,1.83312,1.8344,1.83217,1.83417,0,0
2014-11-10,05:00:00,1.8342,1.83439,1.83278,1.83344,0,0
2014-11-10,06:00:00,1.83344,1.83443,1.83305,1.83385,0,0
2014-11-10,07:00:00,1.83379,1.83438,1.83276,1.83364,0,0
2014-11-10,08:00:00,1.83364,1.83521,1.8332,1.83509,0,0
2014-11-10,09:00:00,1.83514,1.83617,1.83259,1.83336,0,0
2014-11-10,10:00:00,1.83334,1.8335,1.83164,1.8322,0,0
2014-11-10,11:00:00,1.83214,1.83389,1.83173,1.83245,0,0
2014-11-10,12:00:00,1.83245,1.83432,1.83232,1.83315,0,0
2014-11-10,13:00:00,1.83318,1.83617,1.83261,1.83547,0,0
2014-11-10,14:00:00,1.83572,1.83578,1.83392,1.83395,0,0
2014-11-10,15:00:00,1.83394,1.83636,1.83387,1.8357,0,0
2014-11-10,16:00:00,1.8357,1.83682,1.83469,1.83625,0,0
2014-11-10,17:00:00,1.83625,1.83855,1.83583,1.83734,0,0
2014-11-10,18:00:00,1.83654,1.84038,1.83636,1.83883,0,0
2014-11-10,19:00:00,1.83877,1.83903,1.83777,1.83819,0,0
2014-11-10,20:00:00,1.83832,1.83926,1.83773,1.83902,0,0
2014-11-10,21:00:00,1.83879,1.84091,1.83866,1.84003,0,0
2014-11-10,22:00:00,1.8396,1.84068,1.83922,1.8393,0,0
2014-11-10,23:00:00,1.83924,1.83936,1.83756,1.83767,0,0
2014-11-10,23:59:00,1.83796,1.8385,1.83725,1.83803,0,0
2014-11-11,01:00:00,1.83803,1.83803,1.83614,1.83788,0,0
2014-11-11,02:00:00,1.83766,1.83881,1.83469,1.8348,0,0
2014-11-11,03:00:00,1.83483,1.83541,1.83296,1.83449,0,0
2014-11-11,04:00:00,1.83433,1.83515,1.83327,1.83362,0,0
2014-11-11,05:00:00,1.8337,1.83452,1.8324,1.83443,0,0
2014-11-11,06:00:00,1.83438,1.83811,1.83332,1.83729,0,0
2014-11-11,07:00:00,1.83729,1.83807,1.83537,1.83545,0,0
2014-11-11,08:00:00,1.835,1.84026,1.835,1.84016,0,0
2014-11-11,09:00:00,1.84012,1.84263,1.83819,1.84165,0,0
2014-11-11,10:00:00,1.84133,1.84357,1.84092,1.84268,0,0
2014-11-11,11:00:00,1.84322,1.84392,1.84139,1.8427,0,0
2014-11-11,12:00:00,1.84211,1.84282,1.83943,1.83969,0,0
2014-11-11,13:00:00,1.83969,1.83969,1.83717,1.83813,0,0
2014-11-11,14:00:00,1.83805,1.83816,1.83603,1.83652,0,0
2014-11-11,15:00:00,1.83702,1.83716,1.83371,1.83504,0,0
2014-11-11,16:00:00,1.83546,1.83546,1.83357,1.83454,0,0
2014-11-11,17:00:00,1.8347,1.83614,1.83293,1.83308,0,0
2014-11-11,18:00:00,1.83295,1.83353,1.82941,1.83103,0,0
2014-11-11,19:00:00,1.8311,1.83312,1.83071,1.83165,0,0
2014-11-11,20:00:00,1.83147,1.83264,1.8311,1.8321,0,0
2014-11-11,21:00:00,1.83244,1.83244,1.82841,1.82958,0,0
2014-11-11,22:00:00,1.82966,1.83038,1.82914,1.83025,0,0
2014-11-11,23:00:00,1.83025,1.83357,1.83025,1.83251,0,0
2014-11-11,23:59:00,1.83224,1.83301,1.83095,1.83183,0,0
2014-11-12,01:00:00,1.83183,1.83224,1.82908,1.82962,0,0
2014-11-12,02:00:00,1.82955,1.83316,1.82905,1.83237,0,0
2014-11-12,03:00:00,1.83237,1.83268,1.8306,1.83178,0,0
2014-11-12,04:00:00,1.83206,1.83222,1.83021,1.83138,0,0
2014-11-12,05:00:00,1.83138,1.83247,1.83042,1.83247,0,0
2014-11-12,06:00:00,1.83241,1.8354,1.83199,1.8341,0,0
2014-11-12,07:00:00,1.83413,1.83447,1.83122,1.83304,0,0
2014-11-12,08:00:00,1.83318,1.83359,1.83179,1.83189,0,0
2014-11-12,09:00:00,1.83207,1.8327,1.82714,1.82756,0,0
2014-11-12,10:00:00,1.82812,1.83127,1.82798,1.82919,0,0
2014-11-12,11:00:00,1.82963,1.83366,1.82689,1.83131,0,0
2014-11-12,12:00:00,1.83062,1.83091,1.82062,1.82144,0,0
2014-11-12,13:00:00,1.82184,1.82207,1.81654,1.81805,0,0
2014-11-12,14:00:00,1.81818,1.8182,1.81526,1.81642,0,0
2014-11-12,15:00:00,1.81645,1.81894,1.81528,1.81675,0,0
2014-11-12,16:00:00,1.81674,1.81753,1.81215,1.81222,0,0
2014-11-12,17:00:00,1.8123,1.81297,1.80976,1.81272,0,0
2014-11-12,18:00:00,1.81255,1.81299,1.80988,1.8106,0,0
2014-11-12,19:00:00,1.8106,1.81119,1.8094,1.81119,0,0
2014-11-12,20:00:00,1.81116,1.81302,1.81109,1.81196,0,0
2014-11-12,21:00:00,1.81199,1.81267,1.81073,1.81077,0,0
2014-11-12,22:00:00,1.81075,1.81164,1.81022,1.81107,0,0
2014-11-12,23:00:00,1.81069,1.81138,1.80912,1.80997,0,0
2014-11-12,23:59:00,1.80997,1.81153,1.80888,1.80965,0,0
2014-11-13,01:00:00,1.80986,1.8109,1.80886,1.81062,0,0
2014-11-13,02:00:00,1.81062,1.81096,1.80921,1.81007,0,0
2014-11-13,03:00:00,1.81008,1.81032,1.80741,1.80752,0,0
2014-11-13,04:00:00,1.80752,1.81734,1.80609,1.81357,0,0
2014-11-13,05:00:00,1.81361,1.81493,1.81211,1.81328,0,0
2014-11-13,06:00:00,1.81312,1.81443,1.81194,1.8126,0,0
2014-11-13,07:00:00,1.81285,1.81372,1.81188,1.81246,0,0
2014-11-13,08:00:00,1.81259,1.8134,1.80963,1.81255,0,0
2014-11-13,09:00:00,1.81255,1.81323,1.80961,1.81057,0,0
2014-11-13,10:00:00,1.81079,1.81079,1.80432,1.80482,0,0
2014-11-13,11:00:00,1.80482,1.805,1.80201,1.80233,0,0
2014-11-13,12:00:00,1.80242,1.80246,1.79822,1.80038,0,0
2014-11-13,13:00:00,1.80018,1.80314,1.79994,1.80208,0,0
2014-11-13,14:00:00,1.80211,1.80247,1.79847,1.79961,0,0
2014-11-13,15:00:00,1.79963,1.80193,1.79941,1.80144,0,0
2014-11-13,16:00:00,1.80117,1.80161,1.79996,1.8014,0,0
2014-11-13,17:00:00,1.8014,1.80262,1.79942,1.80079,0,0
2014-11-13,18:00:00,1.80066,1.80238,1.79954,1.8004,0,0
2014-11-13,19:00:00,1.8004,1.80236,1.79976,1.80228,0,0
2014-11-13,20:00:00,1.80187,1.80302,1.80135,1.80181,0,0
2014-11-13,21:00:00,1.80172,1.80279,1.80132,1.80213,0,0
2014-11-13,22:00:00,1.80213,1.80296,1.80199,1.80258,0,0
2014-11-13,23:00:00,1.80229,1.80271,1.80157,1.80158,0,0
2014-11-13,23:59:00,1.80158,1.80361,1.80158,1.80309,0,0
2014-11-14,01:00:00,1.80303,1.80403,1.80225,1.80363,0,0
2014-11-14,02:00:00,1.80363,1.80509,1.80257,1.80402,0,0
2014-11-14,03:00:00,1.80402,1.80426,1.80143,1.80234,0,0
2014-11-14,04:00:00,1.80231,1.80362,1.80137,1.80354,0,0
2014-11-14,05:00:00,1.80346,1.80481,1.8025,1.8042,0,0
2014-11-14,06:00:00,1.8042,1.8042,1.80013,1.80291,0,0
2014-11-14,07:00:00,1.8029,1.80426,1.80254,1.804,0,0
2014-11-14,08:00:00,1.80331,1.80409,1.8024,1.80302,0,0
2014-11-14,09:00:00,1.80307,1.80491,1.80216,1.80328,0,0
2014-11-14,10:00:00,1.80316,1.80512,1.803,1.80419,0,0
2014-11-14,11:00:00,1.80419,1.80458,1.80045,1.80057,0,0
2014-11-14,12:00:00,1.80041,1.80094,1.79861,1.79934,0,0
2014-11-14,13:00:00,1.79937,1.80307,1.79934,1.80082,0,0
2014-11-14,14:00:00,1.80086,1.80274,1.80075,1.80271,0,0
2014-11-14,15:00:00,1.80272,1.80583,1.80229,1.80417,0,0
2014-11-14,16:00:00,1.80419,1.80426,1.79934,1.79997,0,0
2014-11-14,17:00:00,1.79997,1.79997,1.79203,1.79263,0,0
2014-11-14,18:00:00,1.79242,1.79462,1.79114,1.79181,0,0
2014-11-14,19:00:00,1.79139,1.79162,1.7883,1.79042,0,0
2014-11-14,20:00:00,1.79105,1.79294,1.79047,1.79261,0,0
2014-11-14,21:00:00,1.79251,1.79251,1.79057,1.79083,0,0
2014-11-14,22:00:00,1.79076,1.79123,1.78904,1.78929,0,0
2014-11-14,23:00:00,1.78937,1.78937,1.78937,1.78937,0,0
2014-11-17,01:00:00,1.78925,1.79107,1.78787,1.78991,0,0
2014-11-17,02:00:00,1.78986,1.79105,1.78837,1.78936,0,0
2014-11-17,03:00:00,1.78936,1.78964,1.78648,1.78718,0,0
2014-11-17,04:00:00,1.78741,1.78962,1.78687,1.78871,0,0
2014-11-17,05:00:00,1.789,1.79022,1.78826,1.78919,0,0
2014-11-17,06:00:00,1.78923,1.79026,1.78853,1.78949,0,0
2014-11-17,07:00:00,1.78949,1.78986,1.78832,1.78924,0,0
2014-11-17,08:00:00,1.78924,1.78991,1.78899,1.7892,0,0
2014-11-17,09:00:00,1.78925,1.79064,1.7876,1.78823,0,0
2014-11-17,10:00:00,1.78822,1.78858,1.78674,1.78849,0,0
2014-11-17,11:00:00,1.78859,1.79078,1.78616,1.79053,0,0
2014-11-17,12:00:00,1.79062,1.79169,1.79034,1.79105,0,0
2014-11-17,13:00:00,1.79105,1.79178,1.7907,1.79147,0,0
2014-11-17,14:00:00,1.7916,1.79257,1.7913,1.7916,0,0
2014-11-17,15:00:00,1.7916,1.79393,1.79075,1.79294,0,0
2014-11-17,16:00:00,1.79294,1.79737,1.79294,1.79683,0,0
2014-11-17,17:00:00,1.79654,1.79756,1.79539,1.79608,0,0
2014-11-17,18:00:00,1.79613,1.79654,1.79465,1.79498,0,0
2014-11-17,19:00:00,1.79498,1.79552,1.79384,1.79539,0,0
2014-11-17,20:00:00,1.79541,1.79606,1.79501,1.79501,0,0
2014-11-17,21:00:00,1.79501,1.79608,1.79466,1.79595,0,0
2014-11-17,22:00:00,1.79595,1.79622,1.79482,1.79582,0,0
2014-11-17,23:00:00,1.79579,1.79601,1.79485,1.79601,0,0
2014-11-17,23:59:00,1.79601,1.79727,1.79508,1.7972,0,0
2014-11-18,01:00:00,1.79732,1.79759,1.7957,1.79593,0,0
2014-11-18,02:00:00,1.79593,1.79678,1.79273,1.79333,0,0
2014-11-18,03:00:00,1.79331,1.7958,1.79326,1.79508,0,0
2014-11-18,04:00:00,1.79502,1.79502,1.793,1.79355,0,0
2014-11-18,05:00:00,1.79355,1.79494,1.7934,1.79432,0,0
2014-11-18,06:00:00,1.79438,1.79503,1.79401,1.79454,0,0
2014-11-18,07:00:00,1.79482,1.79563,1.79427,1.79491,0,0
2014-11-18,08:00:00,1.79489,1.79687,1.79486,1.79544,0,0
2014-11-18,09:00:00,1.79549,1.79556,1.79193,1.79539,0,0
2014-11-18,10:00:00,1.79539,1.79673,1.79007,1.79013,0,0
2014-11-18,11:00:00,1.7901,1.79839,1.78799,1.79757,0,0
2014-11-18,12:00:00,1.79757,1.80106,1.79671,1.79841,0,0
2014-11-18,13:00:00,1.79862,1.79862,1.79664,1.79728,0,0
2014-11-18,14:00:00,1.79728,1.79766,1.79604,1.79622,0,0
2014-11-18,15:00:00,1.79624,1.79682,1.79363,1.79367,0,0
2014-11-18,16:00:00,1.79362,1.79698,1.79335,1.7945,0,0
2014-11-18,17:00:00,1.7945,1.7948,1.79174,1.7923,0,0
2014-11-18,18:00:00,1.79171,1.79401,1.79123,1.7937,0,0
2014-11-18,19:00:00,1.79353,1.79384,1.79245,1.79266,0,0
2014-11-18,20:00:00,1.79266,1.79286,1.79076,1.79083,0,0
2014-11-18,21:00:00,1.79077,1.79181,1.79057,1.79168,0,0
2014-11-18,22:00:00,1.79102,1.79183,1.79099,1.79134,0,0
2014-11-18,23:00:00,1.79134,1.79294,1.79126,1.79283,0,0
2014-11-18,23:59:00,1.79283,1.79402,1.79202,1.79244,0,0
2014-11-19,01:00:00,1.79222,1.79495,1.7913,1.79452,0,0
2014-11-19,02:00:00,1.79439,1.79639,1.79418,1.79538,0,0
2014-11-19,03:00:00,1.79584,1.80006,1.79584,1.79712,0,0
2014-11-19,04:00:00,1.79718,1.80084,1.79697,1.80046,0,0
2014-11-19,05:00:00,1.80046,1.80253,1.79943,1.80058,0,0
2014-11-19,06:00:00,1.80069,1.80235,1.79994,1.8016,0,0
2014-11-19,07:00:00,1.80135,1.80296,1.80117,1.80234,0,0
2014-11-19,08:00:00,1.8025,1.80289,1.80015,1.80149,0,0
2014-11-19,09:00:00,1.80178,1.80507,1.8005,1.8026,0,0
2014-11-19,10:00:00,1.8026,1.80474,1.80202,1.80376,0,0
2014-11-19,11:00:00,1.80418,1.81314,1.80405,1.81287,0,0
2014-11-19,12:00:00,1.81288,1.81585,1.81258,1.81507,0,0
2014-11-19,13:00:00,1.81493,1.81642,1.81448,1.8147,0,0
2014-11-19,14:00:00,1.81465,1.81578,1.81313,1.81478,0,0
2014-11-19,15:00:00,1.81493,1.81586,1.81291,1.81359,0,0
2014-11-19,16:00:00,1.81359,1.81428,1.8127,1.8134,0,0
2014-11-19,17:00:00,1.81344,1.81711,1.81324,1.81529,0,0
2014-11-19,18:00:00,1.81611,1.81731,1.81487,1.81726,0,0
2014-11-19,19:00:00,1.81725,1.81899,1.8159,1.81892,0,0
2014-11-19,20:00:00,1.81877,1.8202,1.81829,1.81888,0,0
2014-11-19,21:00:00,1.81794,1.82252,1.81573,1.81977,0,0
2014-11-19,22:00:00,1.81959,1.82063,1.81851,1.81975,0,0
2014-11-19,23:00:00,1.81986,1.8202,1.81898,1.81966,0,0
2014-11-19,23:59:00,1.81966,1.82378,1.81929,1.82345,0,0
2014-11-20,01:00:00,1.82345,1.82356,1.8212,1.82154,0,0
2014-11-20,02:00:00,1.82158,1.82207,1.82014,1.82109,0,0
2014-11-20,03:00:00,1.82101,1.82468,1.81919,1.82024,0,0
2014-11-20,04:00:00,1.81986,1.82115,1.81908,1.82019,0,0
2014-11-20,05:00:00,1.82019,1.82294,1.81999,1.82252,0,0
2014-11-20,06:00:00,1.82254,1.82484,1.82214,1.82379,0,0
2014-11-20,07:00:00,1.82419,1.8257,1.82362,1.82377,0,0
2014-11-20,08:00:00,1.82377,1.8242,1.82223,1.82288,0,0
2014-11-20,09:00:00,1.8229,1.82604,1.82239,1.82455,0,0
2014-11-20,10:00:00,1.82463,1.82497,1.81942,1.82195,0,0
2014-11-20,11:00:00,1.82178,1.82697,1.82151,1.82333,0,0
2014-11-20,12:00:00,1.82321,1.82333,1.81843,1.81903,0,0
2014-11-20,13:00:00,1.81903,1.82176,1.81884,1.82089,0,0
2014-11-20,14:00:00,1.82092,1.82259,1.81987,1.82224,0,0
2014-11-20,15:00:00,1.82231,1.82548,1.82192,1.82365,0,0
2014-11-20,16:00:00,1.82365,1.82667,1.82281,1.82511,0,0
2014-11-20,17:00:00,1.82511,1.82587,1.82076,1.82117,0,0
2014-11-20,18:00:00,1.82117,1.82308,1.82105,1.82152,0,0
2014-11-20,19:00:00,1.82131,1.82146,1.82041,1.82053,0,0
2014-11-20,20:00:00,1.82033,1.82067,1.81769,1.81776,0,0
2014-11-20,21:00:00,1.81791,1.81856,1.81748,1.8182,0,0
2014-11-20,22:00:00,1.8182,1.81907,1.8182,1.81896,0,0
2014-11-20,23:00:00,1.81891,1.82036,1.81863,1.82006,0,0
2014-11-20,23:59:00,1.82103,1.82184,1.81943,1.82129,0,0
2014-11-21,01:00:00,1.82129,1.82129,1.81971,1.82024,0,0
2014-11-21,02:00:00,1.82024,1.82045,1.81831,1.8199,0,0
2014-11-21,03:00:00,1.81988,1.8199,1.8159,1.817,0,0
2014-11-21,04:00:00,1.8172,1.81876,1.81612,1.81841,0,0
2014-11-21,05:00:00,1.81836,1.8189,1.81737,1.81781,0,0
2014-11-21,06:00:00,1.81791,1.81809,1.81599,1.81783,0,0
2014-11-21,07:00:00,1.81817,1.8189,1.81552,1.81754,0,0
2014-11-21,08:00:00,1.8176,1.81913,1.81609,1.81775,0,0
2014-11-21,09:00:00,1.81774,1.81941,1.81617,1.81709,0,0
2014-11-21,10:00:00,1.81709,1.8181,1.81609,1.81695,0,0
2014-11-21,11:00:00,1.81702,1.81713,1.81147,1.8127,0,0
2014-11-21,12:00:00,1.8127,1.81488,1.79755,1.80375,0,0
2014-11-21,13:00:00,1.80375,1.80495,1.79861,1.80036,0,0
2014-11-21,14:00:00,1.80036,1.80402,1.79789,1.80029,0,0
2014-11-21,15:00:00,1.80029,1.80253,1.798,1.79937,0,0
2014-11-21,16:00:00,1.79937,1.80243,1.79898,1.8016,0,0
2014-11-21,17:00:00,1.8025,1.80564,1.80064,1.80564,0,0
2014-11-21,18:00:00,1.80579,1.80775,1.80486,1.80716,0,0
2014-11-21,19:00:00,1.80693,1.80727,1.8033,1.80344,0,0
2014-11-21,20:00:00,1.80344,1.80492,1.80324,1.80486,0,0
2014-11-21,21:00:00,1.80485,1.80723,1.80442,1.8067,0,0
2014-11-21,22:00:00,1.80666,1.80722,1.8055,1.8069,0,0
2014-11-21,23:00:00,1.80694,1.80694,1.80627,1.80636,0,0
2014-11-24,01:00:00,1.80561,1.80561,1.80232,1.80269,0,0
2014-11-24,02:00:00,1.80266,1.80302,1.8004,1.80152,0,0
2014-11-24,03:00:00,1.80148,1.80319,1.80086,1.80106,0,0
2014-11-24,04:00:00,1.80106,1.80226,1.79981,1.80135,0,0
2014-11-24,05:00:00,1.80139,1.80359,1.80084,1.80355,0,0
2014-11-24,06:00:00,1.80355,1.80396,1.80247,1.8035,0,0
2014-11-24,07:00:00,1.80347,1.80422,1.80277,1.80387,0,0
2014-11-24,08:00:00,1.80387,1.80494,1.80387,1.80432,0,0
2014-11-24,09:00:00,1.8044,1.80753,1.80387,1.80611,0,0
2014-11-24,10:00:00,1.80593,1.80907,1.80499,1.80897,0,0
2014-11-24,11:00:00,1.80889,1.81115,1.80775,1.80925,0,0
2014-11-24,12:00:00,1.80951,1.81126,1.8093,1.81059,0,0
2014-11-24,13:00:00,1.81053,1.81648,1.8101,1.81607,0,0
2014-11-24,14:00:00,1.81603,1.81987,1.81578,1.81872,0,0
2014-11-24,15:00:00,1.81866,1.81883,1.8166,1.81693,0,0
2014-11-24,16:00:00,1.81697,1.82061,1.81609,1.81925,0,0
2014-11-24,17:00:00,1.81925,1.82227,1.81918,1.82227,0,0
2014-11-24,18:00:00,1.82221,1.82331,1.82167,1.8226,0,0
2014-11-24,19:00:00,1.82263,1.82512,1.8226,1.82267,0,0
2014-11-24,20:00:00,1.82274,1.82392,1.82222,1.82341,0,0
2014-11-24,21:00:00,1.82341,1.8239,1.82302,1.82357,0,0
2014-11-24,22:00:00,1.82346,1.824,1.82272,1.82364,0,0
2014-11-24,23:00:00,1.82362,1.82391,1.82246,1.82271,0,0
2014-11-24,23:59:00,1.82272,1.82377,1.82241,1.82367,0,0
2014-11-25,01:00:00,1.82355,1.82707,1.82285,1.82519,0,0
2014-11-25,02:00:00,1.82528,1.82528,1.82194,1.82364,0,0
2014-11-25,03:00:00,1.82343,1.8276,1.82132,1.82511,0,0
2014-11-25,04:00:00,1.8252,1.82943,1.82326,1.82864,0,0
2014-11-25,05:00:00,1.82893,1.82925,1.82664,1.82741,0,0
2014-11-25,06:00:00,1.82744,1.82817,1.82381,1.82515,0,0
2014-11-25,07:00:00,1.82523,1.82543,1.82272,1.8237,0,0
2014-11-25,08:00:00,1.82358,1.82519,1.82357,1.82427,0,0
2014-11-25,09:00:00,1.82432,1.82988,1.82321,1.82712,0,0
2014-11-25,10:00:00,1.8271,1.83452,1.8247,1.83293,0,0
2014-11-25,11:00:00,1.8329,1.83952,1.83275,1.83666,0,0
2014-11-25,12:00:00,1.83659,1.83713,1.83382,1.83395,0,0
2014-11-25,13:00:00,1.8339,1.83669,1.83349,1.83595,0,0
2014-11-25,14:00:00,1.83568,1.83769,1.83418,1.83578,0,0
2014-11-25,15:00:00,1.83573,1.83893,1.83545,1.8379,0,0
2014-11-25,16:00:00,1.83791,1.83968,1.83656,1.83941,0,0
2014-11-25,17:00:00,1.83972,1.84314,1.83832,1.84187,0,0
2014-11-25,18:00:00,1.84199,1.84489,1.8414,1.84458,0,0
2014-11-25,19:00:00,1.84462,1.8448,1.84278,1.84297,0,0
2014-11-25,20:00:00,1.84302,1.84351,1.84132,1.8417,0,0
2014-11-25,21:00:00,1.84164,1.84394,1.84164,1.84364,0,0
2014-11-25,22:00:00,1.84361,1.84373,1.84114,1.8418,0,0
2014-11-25,23:00:00,1.84173,1.84257,1.84108,1.84154,0,0
2014-11-25,23:59:00,1.84159,1.84279,1.84083,1.84105,0,0
2014-11-26,01:00:00,1.84107,1.84155,1.83615,1.83708,0,0
2014-11-26,02:00:00,1.8371,1.84005,1.8371,1.83875,0,0
2014-11-26,03:00:00,1.83877,1.8404,1.83816,1.83942,0,0
2014-11-26,04:00:00,1.83942,1.84132,1.83898,1.83951,0,0
2014-11-26,05:00:00,1.83951,1.83977,1.83776,1.83924,0,0
2014-11-26,06:00:00,1.83921,1.84034,1.83837,1.83919,0,0
2014-11-26,07:00:00,1.83889,1.8399,1.83761,1.83889,0,0
2014-11-26,08:00:00,1.83892,1.83959,1.83675,1.8384,0,0
2014-11-26,09:00:00,1.8384,1.8387,1.8345,1.83786,0,0
2014-11-26,10:00:00,1.83789,1.84873,1.83696,1.84682,0,0
2014-11-26,11:00:00,1.84707,1.85124,1.84664,1.84872,0,0
2014-11-26,12:00:00,1.84876,1.85309,1.84861,1.85025,0,0
2014-11-26,13:00:00,1.85032,1.85272,1.85019,1.85121,0,0
2014-11-26,14:00:00,1.85132,1.85603,1.85067,1.8539,0,0
2014-11-26,15:00:00,1.85374,1.85556,1.85255,1.85477,0,0
2014-11-26,16:00:00,1.85474,1.85682,1.85372,1.854,0,0
2014-11-26,17:00:00,1.85391,1.85483,1.84968,1.84981,0,0
2014-11-26,18:00:00,1.8499,1.85117,1.849,1.85006,0,0
2014-11-26,19:00:00,1.85008,1.85112,1.84917,1.84928,0,0
2014-11-26,20:00:00,1.84916,1.84941,1.84742,1.84904,0,0
2014-11-26,21:00:00,1.84901,1.84967,1.84714,1.84714,0,0
2014-11-26,22:00:00,1.84707,1.84791,1.84699,1.8475,0,0
2014-11-26,23:00:00,1.84756,1.84824,1.84643,1.84755,0,0
2014-11-26,23:59:00,1.84765,1.84975,1.84721,1.84975,0,0
2014-11-27,01:00:00,1.84986,1.85108,1.84911,1.85076,0,0
2014-11-27,02:00:00,1.85079,1.85114,1.84441,1.84676,0,0
2014-11-27,03:00:00,1.84692,1.84766,1.84444,1.84444,0,0
2014-11-27,04:00:00,1.84441,1.84495,1.84016,1.84358,0,0
2014-11-27,05:00:00,1.84352,1.84374,1.83898,1.83945,0,0
2014-11-27,06:00:00,1.83958,1.84028,1.83618,1.8368,0,0
2014-11-27,07:00:00,1.8368,1.83957,1.83679,1.83881,0,0
2014-11-27,08:00:00,1.83902,1.84053,1.83841,1.83881,0,0
2014-11-27,09:00:00,1.8388,1.83991,1.83572,1.83666,0,0
2014-11-27,10:00:00,1.83666,1.84051,1.8363,1.83896,0,0
2014-11-27,11:00:00,1.83892,1.8392,1.83483,1.83732,0,0
2014-11-27,12:00:00,1.83715,1.84033,1.83715,1.83921,0,0
2014-11-27,13:00:00,1.83916,1.84067,1.83907,1.8394,0,0
2014-11-27,14:00:00,1.83928,1.84034,1.83784,1.83835,0,0
2014-11-27,15:00:00,1.83824,1.83917,1.8375,1.83883,0,0
2014-11-27,16:00:00,1.83889,1.84127,1.83847,1.84122,0,0
2014-11-27,17:00:00,1.84111,1.84344,1.83896,1.83927,0,0
2014-11-27,18:00:00,1.83909,1.84225,1.83861,1.84017,0,0
2014-11-27,19:00:00,1.84024,1.84072,1.83913,1.83995,0,0
2014-11-27,20:00:00,1.83998,1.84173,1.83915,1.84098,0,0
2014-11-27,21:00:00,1.84097,1.84178,1.8402,1.84155,0,0
2014-11-27,22:00:00,1.84172,1.8424,1.84073,1.84111,0,0
2014-11-27,23:00:00,1.84102,1.84189,1.84037,1.84186,0,0
2014-11-27,23:59:00,1.84181,1.84753,1.84138,1.84474,0,0
2014-11-28,01:00:00,1.84475,1.84634,1.84378,1.84493,0,0
2014-11-28,02:00:00,1.84458,1.84664,1.84425,1.84565,0,0
2014-11-28,03:00:00,1.84565,1.84803,1.84524,1.84622,0,0
2014-11-28,04:00:00,1.8462,1.84809,1.84511,1.84781,0,0
2014-11-28,05:00:00,1.84775,1.84965,1.84678,1.84948,0,0
2014-11-28,06:00:00,1.84944,1.85121,1.8486,1.85026,0,0
2014-11-28,07:00:00,1.85016,1.85076,1.84865,1.8487,0,0
2014-11-28,08:00:00,1.84859,1.84917,1.84606,1.84694,0,0
2014-11-28,09:00:00,1.84672,1.8484,1.8444,1.84718,0,0
2014-11-28,10:00:00,1.84752,1.84774,1.84428,1.84703,0,0
2014-11-28,11:00:00,1.84706,1.84742,1.84279,1.84298,0,0
2014-11-28,12:00:00,1.84279,1.84549,1.84128,1.84162,0,0
2014-11-28,13:00:00,1.84167,1.84393,1.83987,1.84284,0,0
2014-11-28,14:00:00,1.843,1.84486,1.84119,1.84297,0,0
2014-11-28,15:00:00,1.84303,1.84534,1.84163,1.8445,0,0
2014-11-28,16:00:00,1.84447,1.8455,1.84217,1.84304,0,0
2014-11-28,17:00:00,1.84303,1.84303,1.83505,1.83544,0,0
2014-11-28,18:00:00,1.83523,1.8366,1.83242,1.83518,0,0
2014-11-28,19:00:00,1.83518,1.83636,1.83466,1.8362,0,0
2014-11-28,20:00:00,1.83655,1.83819,1.83469,1.83819,0,0
2014-11-28,21:00:00,1.8382,1.839,1.83695,1.83797,0,0
2014-11-28,22:00:00,1.83802,1.83921,1.83699,1.83704,0,0
2014-11-28,23:00:00,1.8375,1.83794,1.83729,1.83741,0,0
2014-12-01,01:00:00,1.84448,1.85254,1.84354,1.85003,0,0
2014-12-01,02:00:00,1.8498,1.85152,1.8452,1.84847,0,0
2014-12-01,03:00:00,1.8481,1.85369,1.84753,1.85115,0,0
2014-12-01,04:00:00,1.85107,1.85126,1.8466,1.84702,0,0
2014-12-01,05:00:00,1.8471,1.85073,1.8471,1.84877,0,0
2014-12-01,06:00:00,1.84871,1.84885,1.84664,1.84758,0,0
2014-12-01,07:00:00,1.84773,1.85109,1.84691,1.85049,0,0
2014-12-01,08:00:00,1.85059,1.85233,1.84976,1.8521,0,0
2014-12-01,09:00:00,1.85209,1.85483,1.84872,1.84875,0,0
2014-12-01,10:00:00,1.84867,1.85217,1.84596,1.84956,0,0
2014-12-01,11:00:00,1.84966,1.85329,1.84819,1.84835,0,0
2014-12-01,12:00:00,1.84863,1.85244,1.84807,1.852,0,0
2014-12-01,13:00:00,1.85197,1.85415,1.85149,1.85209,0,0
2014-12-01,14:00:00,1.85219,1.85239,1.85022,1.85052,0,0
2014-12-01,15:00:00,1.85049,1.85281,1.84933,1.85054,0,0
2014-12-01,16:00:00,1.85049,1.8505,1.84824,1.84904,0,0
2014-12-01,17:00:00,1.84807,1.85458,1.84807,1.85149,0,0
2014-12-01,18:00:00,1.85142,1.85299,1.84729,1.84767,0,0
2014-12-01,19:00:00,1.84773,1.84935,1.84627,1.8481,0,0
2014-12-01,20:00:00,1.84818,1.84979,1.84814,1.84971,0,0
2014-12-01,21:00:00,1.84959,1.85026,1.84876,1.84945,0,0
2014-12-01,22:00:00,1.84972,1.85141,1.84972,1.85135,0,0
2014-12-01,23:00:00,1.85132,1.85354,1.85061,1.85265,0,0
2014-12-01,23:59:00,1.85259,1.85353,1.85172,1.85265,0,0
2014-12-02,01:00:00,1.85258,1.85659,1.85162,1.85584,0,0
2014-12-02,02:00:00,1.85584,1.85613,1.85119,1.85441,0,0
2014-12-02,03:00:00,1.85444,1.85626,1.8533,1.85491,0,0
2014-12-02,04:00:00,1.85491,1.85511,1.85348,1.85424,0,0
2014-12-02,05:00:00,1.85424,1.85678,1.84783,1.84878,0,0
2014-12-02,06:00:00,1.84885,1.8505,1.84569,1.84966,0,0
2014-12-02,07:00:00,1.84966,1.85007,1.84656,1.84656,0,0
2014-12-02,08:00:00,1.84673,1.84673,1.84131,1.84503,0,0
2014-12-02,09:00:00,1.84504,1.84728,1.84411,1.8472,0,0
2014-12-02,10:00:00,1.84708,1.8517,1.84672,1.85168,0,0
2014-12-02,11:00:00,1.8516,1.85391,1.8502,1.85284,0,0
2014-12-02,12:00:00,1.85288,1.85831,1.85275,1.85623,0,0
2014-12-02,13:00:00,1.8563,1.85798,1.85472,1.85619,0,0
2014-12-02,14:00:00,1.85635,1.85635,1.854,1.85564,0,0
2014-12-02,15:00:00,1.8555,1.85623,1.85187,1.8526,0,0
2014-12-02,16:00:00,1.85241,1.85478,1.85183,1.8533,0,0
2014-12-02,17:00:00,1.85325,1.85446,1.85027,1.85071,0,0
2014-12-02,18:00:00,1.85089,1.85158,1.85014,1.85115,0,0
2014-12-02,19:00:00,1.85101,1.853,1.85084,1.85193,0,0
2014-12-02,20:00:00,1.85205,1.85305,1.85146,1.85242,0,0
2014-12-02,21:00:00,1.85243,1.85243,1.8507,1.85173,0,0
2014-12-02,22:00:00,1.85157,1.85218,1.85107,1.85178,0,0
2014-12-02,23:00:00,1.85155,1.85252,1.85124,1.85193,0,0
2014-12-02,23:59:00,1.85172,1.8521,1.8496,1.85148,0,0
2014-12-03,01:00:00,1.85171,1.85171,1.84899,1.84993,0,0
2014-12-03,02:00:00,1.85,1.86358,1.84854,1.86192,0,0
2014-12-03,03:00:00,1.86187,1.86281,1.85921,1.85986,0,0
2014-12-03,04:00:00,1.8598,1.86284,1.85863,1.86279,0,0
2014-12-03,05:00:00,1.86292,1.86496,1.86247,1.86399,0,0
2014-12-03,06:00:00,1.86396,1.86417,1.85994,1.86116,0,0
2014-12-03,07:00:00,1.86116,1.86458,1.86028,1.86375,0,0
2014-12-03,08:00:00,1.86272,1.86467,1.86102,1.86102,0,0
2014-12-03,09:00:00,1.86112,1.86279,1.85909,1.86011,0,0
2014-12-03,10:00:00,1.86014,1.86182,1.8591,1.86067,0,0
2014-12-03,11:00:00,1.86061,1.8632,1.85971,1.86012,0,0
2014-12-03,12:00:00,1.86012,1.86207,1.85839,1.86028,0,0
2014-12-03,13:00:00,1.86001,1.86206,1.85912,1.8596,0,0
2014-12-03,14:00:00,1.85971,1.8607,1.85871,1.85934,0,0
2014-12-03,15:00:00,1.85951,1.86227,1.85776,1.86213,0,0
2014-12-03,16:00:00,1.86223,1.86447,1.85991,1.86424,0,0
2014-12-03,17:00:00,1.86428,1.86595,1.86229,1.86511,0,0
2014-12-03,18:00:00,1.86517,1.86624,1.86471,1.86573,0,0
2014-12-03,19:00:00,1.86576,1.86741,1.8648,1.86606,0,0
2014-12-03,20:00:00,1.86608,1.86749,1.8653,1.86707,0,0
2014-12-03,21:00:00,1.86706,1.86726,1.86513,1.86707,0,0
2014-12-03,22:00:00,1.86712,1.86806,1.86577,1.86654,0,0
2014-12-03,23:00:00,1.86652,1.86708,1.8658,1.86639,0,0
2014-12-03,23:59:00,1.86645,1.87062,1.8657,1.87029,0,0
2014-12-04,01:00:00,1.86996,1.86996,1.86831,1.86898,0,0
2014-12-04,02:00:00,1.8689,1.86976,1.86305,1.86598,0,0
2014-12-04,03:00:00,1.86606,1.86825,1.86537,1.86783,0,0
2014-12-04,04:00:00,1.86768,1.87151,1.8675,1.87049,0,0
2014-12-04,05:00:00,1.87063,1.87155,1.8691,1.86932,0,0
2014-12-04,06:00:00,1.86945,1.87143,1.86741,1.86797,0,0
2014-12-04,07:00:00,1.868,1.87146,1.86599,1.87112,0,0
2014-12-04,08:00:00,1.87112,1.8758,1.86994,1.87366,0,0
2014-12-04,09:00:00,1.87366,1.87575,1.87156,1.8734,0,0
2014-12-04,10:00:00,1.87333,1.87421,1.87123,1.87421,0,0
2014-12-04,11:00:00,1.87419,1.87514,1.87189,1.87337,0,0
2014-12-04,12:00:00,1.87344,1.87511,1.87314,1.87447,0,0
2014-12-04,13:00:00,1.87434,1.87446,1.87076,1.87274,0,0
2014-12-04,14:00:00,1.8729,1.87304,1.86826,1.86871,0,0
2014-12-04,15:00:00,1.86844,1.87344,1.8671,1.87167,0,0
2014-12-04,16:00:00,1.87164,1.87405,1.86883,1.87075,0,0
2014-12-04,17:00:00,1.87097,1.87172,1.86892,1.86922,0,0
2014-12-04,18:00:00,1.86962,1.87331,1.86734,1.8689,0,0
2014-12-04,19:00:00,1.86892,1.86933,1.86664,1.86811,0,0
2014-12-04,20:00:00,1.86816,1.87021,1.86794,1.87004,0,0
2014-12-04,21:00:00,1.86996,1.87053,1.86952,1.8701,0,0
2014-12-04,22:00:00,1.87001,1.87081,1.86941,1.86951,0,0
2014-12-04,23:00:00,1.86951,1.87053,1.86893,1.86979,0,0
2014-12-04,23:59:00,1.86972,1.87141,1.86952,1.87013,0,0
2014-12-05,01:00:00,1.87012,1.87056,1.86856,1.86949,0,0
2014-12-05,02:00:00,1.86974,1.87087,1.86525,1.8658,0,0
2014-12-05,03:00:00,1.86602,1.86823,1.86566,1.86823,0,0
2014-12-05,04:00:00,1.86815,1.8684,1.8668,1.86749,0,0
2014-12-05,05:00:00,1.86759,1.86832,1.86699,1.8673,0,0
2014-12-05,06:00:00,1.8673,1.87008,1.86708,1.868,0,0
2014-12-05,07:00:00,1.86806,1.86867,1.86573,1.86573,0,0
2014-12-05,08:00:00,1.86574,1.86865,1.86532,1.86832,0,0
2014-12-05,09:00:00,1.86824,1.86993,1.86539,1.86923,0,0
2014-12-05,10:00:00,1.86905,1.86992,1.8673,1.86953,0,0
2014-12-05,11:00:00,1.86952,1.87236,1.86936,1.87209,0,0
2014-12-05,12:00:00,1.87217,1.87402,1.87199,1.87342,0,0
2014-12-05,13:00:00,1.87333,1.87639,1.87328,1.87446,0,0
2014-12-05,14:00:00,1.87436,1.87595,1.87329,1.87329,0,0
2014-12-05,15:00:00,1.87329,1.87939,1.8713,1.87748,0,0
2014-12-05,16:00:00,1.87743,1.87778,1.87159,1.87303,0,0
2014-12-05,17:00:00,1.87273,1.87273,1.87014,1.87155,0,0
2014-12-05,18:00:00,1.87183,1.87348,1.87064,1.87286,0,0
2014-12-05,19:00:00,1.87294,1.87482,1.87281,1.8741,0,0
2014-12-05,20:00:00,1.87388,1.87463,1.87326,1.87418,0,0
2014-12-05,21:00:00,1.87429,1.87434,1.87171,1.87193,0,0
2014-12-05,22:00:00,1.87193,1.87198,1.87003,1.87043,0,0
2014-12-05,23:00:00,1.87035,1.87075,1.87035,1.87057,0,0
2014-12-08,01:00:00,1.87585,1.87643,1.87349,1.87391,0,0
2014-12-08,02:00:00,1.87395,1.87622,1.87386,1.87496,0,0
2014-12-08,03:00:00,1.87478,1.87493,1.87161,1.8726,0,0
2014-12-08,04:00:00,1.87224,1.878,1.87216,1.87532,0,0
2014-12-08,05:00:00,1.87529,1.87849,1.87425,1.87824,0,0
2014-12-08,06:00:00,1.87823,1.88026,1.87685,1.87999,0,0
2014-12-08,07:00:00,1.87996,1.88058,1.87757,1.87788,0,0
2014-12-08,08:00:00,1.87802,1.882,1.87727,1.88032,0,0
2014-12-08,09:00:00,1.88039,1.88281,1.87921,1.88038,0,0
2014-12-08,10:00:00,1.88046,1.88207,1.87931,1.88168,0,0
2014-12-08,11:00:00,1.88169,1.8817,1.87803,1.87997,0,0
2014-12-08,12:00:00,1.88019,1.88156,1.87871,1.87875,0,0
2014-12-08,13:00:00,1.87876,1.88194,1.87816,1.88164,0,0
2014-12-08,14:00:00,1.88168,1.88377,1.8805,1.88335,0,0
2014-12-08,15:00:00,1.8833,1.88546,1.88166,1.88224,0,0
2014-12-08,16:00:00,1.88225,1.88387,1.88075,1.88328,0,0
2014-12-08,17:00:00,1.88323,1.88381,1.87938,1.87957,0,0
2014-12-08,18:00:00,1.8796,1.8845,1.87933,1.88367,0,0
2014-12-08,19:00:00,1.88371,1.88645,1.88345,1.88637,0,0
2014-12-08,20:00:00,1.88635,1.88759,1.88568,1.88759,0,0
2014-12-08,21:00:00,1.88772,1.88838,1.88532,1.88773,0,0
2014-12-08,22:00:00,1.88791,1.888,1.88664,1.88724,0,0
2014-12-08,23:00:00,1.88736,1.88788,1.88674,1.88744,0,0
2014-12-08,23:59:00,1.88742,1.88807,1.88584,1.88676,0,0
2014-12-09,01:00:00,1.88665,1.8869,1.88566,1.88594,0,0
2014-12-09,02:00:00,1.88594,1.89488,1.88594,1.89199,0,0
2014-12-09,03:00:00,1.89202,1.89643,1.8912,1.8944,0,0
2014-12-09,04:00:00,1.89451,1.8965,1.89396,1.89648,0,0
2014-12-09,05:00:00,1.8965,1.90051,1.89584,1.8983,0,0
2014-12-09,06:00:00,1.89822,1.89935,1.89679,1.89804,0,0
2014-12-09,07:00:00,1.89801,1.90039,1.89746,1.89931,0,0
2014-12-09,08:00:00,1.8993,1.90007,1.89786,1.8987,0,0
2014-12-09,09:00:00,1.89858,1.9023,1.89796,1.89912,0,0
2014-12-09,10:00:00,1.89911,1.8994,1.89441,1.89481,0,0
2014-12-09,11:00:00,1.89481,1.89481,1.88815,1.88891,0,0
2014-12-09,12:00:00,1.88888,1.88932,1.88577,1.88653,0,0
2014-12-09,13:00:00,1.88662,1.89002,1.88662,1.88807,0,0
2014-12-09,14:00:00,1.8881,1.88867,1.8858,1.88641,0,0
2014-12-09,15:00:00,1.88635,1.88876,1.88561,1.88718,0,0
2014-12-09,16:00:00,1.88721,1.8885,1.8836,1.88417,0,0
2014-12-09,17:00:00,1.8842,1.88431,1.87596,1.87895,0,0
2014-12-09,18:00:00,1.8789,1.88395,1.87877,1.88218,0,0
2014-12-09,19:00:00,1.88217,1.88607,1.88191,1.886,0,0
2014-12-09,20:00:00,1.88615,1.88622,1.88495,1.88607,0,0
2014-12-09,21:00:00,1.88604,1.88664,1.8844,1.88661,0,0
2014-12-09,22:00:00,1.88663,1.88946,1.88607,1.88839,0,0
2014-12-09,23:00:00,1.88834,1.89065,1.88802,1.88945,0,0
2014-12-09,23:59:00,1.88944,1.89061,1.88913,1.89049,0,0
2014-12-10,01:00:00,1.8906,1.89143,1.88802,1.89041,0,0
2014-12-10,02:00:00,1.8904,1.89182,1.8879,1.88933,0,0
2014-12-10,03:00:00,1.88933,1.89538,1.88894,1.89461,0,0
2014-12-10,04:00:00,1.89442,1.89514,1.89158,1.89233,0,0
2014-12-10,05:00:00,1.89219,1.89253,1.8888,1.88958,0,0
2014-12-10,06:00:00,1.88958,1.89012,1.88416,1.88459,0,0
2014-12-10,07:00:00,1.88462,1.88718,1.88183,1.88425,0,0
2014-12-10,08:00:00,1.88421,1.88611,1.88288,1.88521,0,0
2014-12-10,09:00:00,1.88541,1.88783,1.88489,1.88532,0,0
2014-12-10,10:00:00,1.88546,1.88775,1.8844,1.88554,0,0
2014-12-10,11:00:00,1.88558,1.88633,1.88185,1.8836,0,0
2014-12-10,12:00:00,1.88357,1.8846,1.88005,1.88021,0,0
2014-12-10,13:00:00,1.88036,1.88515,1.87936,1.88465,0,0
2014-12-10,14:00:00,1.88454,1.88454,1.8812,1.88163,0,0
2014-12-10,15:00:00,1.88163,1.88533,1.88014,1.88503,0,0
2014-12-10,16:00:00,1.88511,1.88762,1.88504,1.88615,0,0
2014-12-10,17:00:00,1.88615,1.89088,1.88511,1.88935,0,0
2014-12-10,18:00:00,1.88928,1.8898,1.88769,1.88938,0,0
2014-12-10,19:00:00,1.88927,1.89343,1.8892,1.89282,0,0
2014-12-10,20:00:00,1.89301,1.89507,1.89301,1.8935,0,0
2014-12-10,21:00:00,1.89353,1.89504,1.89241,1.89388,0,0
2014-12-10,22:00:00,1.89384,1.89569,1.88614,1.88758,0,0
2014-12-10,23:00:00,1.88755,1.89024,1.88696,1.88931,0,0
2014-12-10,23:59:00,1.88959,1.89057,1.8876,1.88968,0,0
2014-12-11,01:00:00,1.88969,1.89071,1.88716,1.89044,0,0
2014-12-11,02:00:00,1.89038,1.89135,1.88125,1.88229,0,0
2014-12-11,03:00:00,1.88202,1.8859,1.88076,1.88456,0,0
2014-12-11,04:00:00,1.88434,1.88586,1.88309,1.88493,0,0
2014-12-11,05:00:00,1.88473,1.88723,1.88444,1.88582,0,0
2014-12-11,06:00:00,1.88587,1.88793,1.88463,1.88793,0,0
2014-12-11,07:00:00,1.88792,1.888,1.88631,1.88631,0,0
2014-12-11,08:00:00,1.88631,1.88814,1.88573,1.88584,0,0
2014-12-11,09:00:00,1.88586,1.88883,1.88478,1.88688,0,0
2014-12-11,10:00:00,1.88678,1.8903,1.88645,1.88774,0,0
2014-12-11,11:00:00,1.88752,1.90092,1.88739,1.89816,0,0
2014-12-11,12:00:00,1.8981,1.89819,1.89105,1.89138,0,0
2014-12-11,13:00:00,1.89122,1.89365,1.88985,1.89241,0,0
2014-12-11,14:00:00,1.89265,1.89563,1.89209,1.89499,0,0
2014-12-11,15:00:00,1.89505,1.90757,1.89397,1.89729,0,0
2014-12-11,16:00:00,1.8969,1.89814,1.89516,1.8958,0,0
2014-12-11,17:00:00,1.89588,1.90235,1.89555,1.90235,0,0
2014-12-11,18:00:00,1.90208,1.90507,1.90111,1.90138,0,0
2014-12-11,19:00:00,1.90137,1.90195,1.89876,1.89929,0,0
2014-12-11,20:00:00,1.89932,1.90235,1.89895,1.90199,0,0
2014-12-11,21:00:00,1.90199,1.90396,1.90163,1.9025,0,0
2014-12-11,22:00:00,1.9023,1.9037,1.90194,1.90298,0,0
2014-12-11,23:00:00,1.90296,1.90334,1.90034,1.90195,0,0
2014-12-11,23:59:00,1.90262,1.90355,1.90106,1.9032,0,0
2014-12-12,01:00:00,1.90308,1.90682,1.90307,1.90647,0,0
2014-12-12,02:00:00,1.90655,1.90695,1.90255,1.90516,0,0
2014-12-12,03:00:00,1.905,1.90755,1.90383,1.90613,0,0
2014-12-12,04:00:00,1.90618,1.90618,1.90245,1.90287,0,0
2014-12-12,05:00:00,1.90287,1.90424,1.90198,1.90251,0,0
2014-12-12,06:00:00,1.9026,1.90295,1.89942,1.90045,0,0
2014-12-12,07:00:00,1.90057,1.9014,1.8993,1.90061,0,0
2014-12-12,08:00:00,1.90058,1.90261,1.90024,1.90096,0,0
2014-12-12,09:00:00,1.90099,1.90326,1.8995,1.89983,0,0
2014-12-12,10:00:00,1.89987,1.90158,1.89495,1.89551,0,0
2014-12-12,11:00:00,1.89591,1.89873,1.89395,1.89848,0,0
2014-12-12,12:00:00,1.89856,1.89946,1.89708,1.89921,0,0
2014-12-12,13:00:00,1.89923,1.90042,1.898,1.90024,0,0
2014-12-12,14:00:00,1.90036,1.90294,1.89824,1.89884,0,0
2014-12-12,15:00:00,1.89887,1.90439,1.89843,1.90417,0,0
2014-12-12,16:00:00,1.90417,1.90749,1.9039,1.90653,0,0
2014-12-12,17:00:00,1.90657,1.91064,1.90336,1.90336,0,0
2014-12-12,18:00:00,1.90381,1.90446,1.8995,1.90254,0,0
2014-12-12,19:00:00,1.90251,1.904,1.9016,1.9037,0,0
2014-12-12,20:00:00,1.90371,1.9048,1.90323,1.90413,0,0
2014-12-12,21:00:00,1.90416,1.90484,1.90353,1.90453,0,0
2014-12-12,22:00:00,1.90438,1.90525,1.90371,1.90464,0,0
2014-12-12,23:00:00,1.90478,1.90482,1.90469,1.90477,0,0
2014-12-15,01:00:00,1.90632,1.9172,1.90537,1.91548,0,0
2014-12-15,02:00:00,1.91548,1.91548,1.91134,1.91473,0,0
2014-12-15,03:00:00,1.91472,1.91534,1.91073,1.91136,0,0
2014-12-15,04:00:00,1.91128,1.91306,1.90952,1.91306,0,0
2014-12-15,05:00:00,1.91282,1.91431,1.91049,1.91052,0,0
2014-12-15,06:00:00,1.91046,1.9116,1.90629,1.90831,0,0
2014-12-15,07:00:00,1.90809,1.90837,1.9056,1.90571,0,0
2014-12-15,08:00:00,1.90568,1.90821,1.9052,1.90729,0,0
2014-12-15,09:00:00,1.90732,1.91077,1.90702,1.90901,0,0
2014-12-15,10:00:00,1.90898,1.90946,1.90407,1.90546,0,0
2014-12-15,11:00:00,1.90553,1.90741,1.89997,1.90052,0,0
2014-12-15,12:00:00,1.90053,1.90128,1.89718,1.90025,0,0
2014-12-15,13:00:00,1.90019,1.90518,1.89926,1.90443,0,0
2014-12-15,14:00:00,1.90442,1.90792,1.90432,1.90706,0,0
2014-12-15,15:00:00,1.90708,1.90741,1.90463,1.906,0,0
2014-12-15,16:00:00,1.90606,1.90972,1.90537,1.9085,0,0
2014-12-15,17:00:00,1.90847,1.90848,1.90062,1.90229,0,0
2014-12-15,18:00:00,1.9021,1.90438,1.89938,1.90279,0,0
2014-12-15,19:00:00,1.903,1.90601,1.90156,1.90496,0,0
2014-12-15,20:00:00,1.90486,1.90542,1.90327,1.90417,0,0
2014-12-15,21:00:00,1.90417,1.90437,1.90135,1.903,0,0
2014-12-15,22:00:00,1.903,1.90485,1.90224,1.9045,0,0
2014-12-15,23:00:00,1.90422,1.90485,1.9027,1.90475,0,0
2014-12-15,23:59:00,1.90415,1.90617,1.90317,1.90576,0,0
2014-12-16,01:00:00,1.90547,1.90589,1.90425,1.90481,0,0
2014-12-16,02:00:00,1.90477,1.90523,1.90211,1.90211,0,0
2014-12-16,03:00:00,1.9022,1.90662,1.9013,1.90278,0,0
2014-12-16,04:00:00,1.90262,1.90367,1.90127,1.90314,0,0
2014-12-16,05:00:00,1.90317,1.90499,1.90046,1.90046,0,0
2014-12-16,06:00:00,1.90079,1.90434,1.90079,1.90362,0,0
2014-12-16,07:00:00,1.90338,1.90397,1.90205,1.90281,0,0
2014-12-16,08:00:00,1.90267,1.90456,1.9016,1.90328,0,0
2014-12-16,09:00:00,1.90321,1.90432,1.90023,1.90185,0,0
2014-12-16,10:00:00,1.90175,1.90423,1.89792,1.89837,0,0
2014-12-16,11:00:00,1.89848,1.90359,1.89473,1.90332,0,0
2014-12-16,12:00:00,1.90363,1.90456,1.89924,1.90456,0,0
2014-12-16,13:00:00,1.90466,1.91028,1.90434,1.90945,0,0
2014-12-16,14:00:00,1.90959,1.91468,1.90667,1.90927,0,0
2014-12-16,15:00:00,1.90927,1.91335,1.90726,1.91325,0,0
2014-12-16,16:00:00,1.9134,1.91563,1.91207,1.9155,0,0
2014-12-16,17:00:00,1.91559,1.91822,1.91405,1.91473,0,0
2014-12-16,18:00:00,1.91477,1.91556,1.91318,1.91449,0,0
2014-12-16,19:00:00,1.9145,1.91768,1.91408,1.91768,0,0
2014-12-16,20:00:00,1.91755,1.91755,1.91535,1.91622,0,0
2014-12-16,21:00:00,1.9163,1.91687,1.91452,1.91565,0,0
2014-12-16,22:00:00,1.91583,1.91686,1.91478,1.91482,0,0
2014-12-16,23:00:00,1.91485,1.91715,1.91418,1.91647,0,0
2014-12-16,23:59:00,1.91666,1.91722,1.91535,1.91648,0,0
2014-12-17,01:00:00,1.91639,1.91647,1.91462,1.91471,0,0
2014-12-17,02:00:00,1.91471,1.91593,1.91427,1.9146,0,0
2014-12-17,03:00:00,1.91457,1.91602,1.91182,1.91532,0,0
2014-12-17,04:00:00,1.91535,1.92368,1.91485,1.92213,0,0
2014-12-17,05:00:00,1.92218,1.92818,1.92218,1.92789,0,0
2014-12-17,06:00:00,1.92784,1.92987,1.92747,1.92773,0,0
2014-12-17,07:00:00,1.92751,1.93051,1.92726,1.92971,0,0
2014-12-17,08:00:00,1.92971,1.93086,1.92758,1.93026,0,0
2014-12-17,09:00:00,1.93031,1.93094,1.9255,1.9262,0,0
2014-12-17,10:00:00,1.92638,1.92783,1.91885,1.92019,0,0
2014-12-17,11:00:00,1.92013,1.92442,1.91866,1.92195,0,0
2014-12-17,12:00:00,1.92222,1.92248,1.91924,1.922,0,0
2014-12-17,13:00:00,1.92198,1.92338,1.92092,1.92132,0,0
2014-12-17,14:00:00,1.9215,1.92159,1.91895,1.9195,0,0
2014-12-17,15:00:00,1.91949,1.91966,1.91579,1.91812,0,0
2014-12-17,16:00:00,1.91826,1.92097,1.91758,1.91878,0,0
2014-12-17,17:00:00,1.91902,1.91949,1.91386,1.91594,0,0
2014-12-17,18:00:00,1.91579,1.91853,1.91426,1.91604,0,0
2014-12-17,19:00:00,1.91621,1.91743,1.91215,1.91357,0,0
2014-12-17,20:00:00,1.91384,1.91534,1.91204,1.91211,0,0
2014-12-17,21:00:00,1.91197,1.92162,1.9045,1.9181,0,0
2014-12-17,22:00:00,1.91779,1.91862,1.91318,1.91736,0,0
2014-12-17,23:00:00,1.91782,1.91989,1.91479,1.9177,0,0
2014-12-17,23:59:00,1.91745,1.91905,1.91447,1.91483,0,0
2014-12-18,01:00:00,1.91486,1.9185,1.91486,1.91659,0,0
2014-12-18,02:00:00,1.9167,1.9188,1.91587,1.91841,0,0
2014-12-18,03:00:00,1.91857,1.91965,1.91584,1.9168,0,0
2014-12-18,04:00:00,1.9166,1.91706,1.91266,1.91537,0,0
2014-12-18,05:00:00,1.91537,1.91558,1.91066,1.91438,0,0
2014-12-18,06:00:00,1.91436,1.91701,1.91383,1.91563,0,0
2014-12-18,07:00:00,1.91563,1.91829,1.91558,1.91662,0,0
2014-12-18,08:00:00,1.91662,1.91824,1.91583,1.91594,0,0
2014-12-18,09:00:00,1.91569,1.91687,1.90381,1.90666,0,0
2014-12-18,10:00:00,1.9066,1.9107,1.90188,1.90367,0,0
2014-12-18,11:00:00,1.90361,1.91437,1.90277,1.9111,0,0
2014-12-18,12:00:00,1.91094,1.91331,1.9087,1.91331,0,0
2014-12-18,13:00:00,1.9134,1.91353,1.90976,1.9131,0,0
2014-12-18,14:00:00,1.91276,1.91317,1.90851,1.9105,0,0
2014-12-18,15:00:00,1.91035,1.91078,1.90514,1.90768,0,0
2014-12-18,16:00:00,1.9077,1.91352,1.90728,1.91265,0,0
2014-12-18,17:00:00,1.91274,1.91793,1.9126,1.91712,0,0
2014-12-18,18:00:00,1.91667,1.92069,1.91613,1.91743,0,0
2014-12-18,19:00:00,1.91751,1.92081,1.91704,1.92081,0,0
2014-12-18,20:00:00,1.92081,1.92255,1.92069,1.9215,0,0
2014-12-18,21:00:00,1.92155,1.92187,1.92023,1.92133,0,0
2014-12-18,22:00:00,1.9211,1.92179,1.91826,1.91846,0,0
2014-12-18,23:00:00,1.91846,1.9211,1.9173,1.9193,0,0
2014-12-18,23:59:00,1.91958,1.9208,1.91605,1.91736,0,0
2014-12-19,01:00:00,1.91737,1.91957,1.91695,1.91827,0,0
2014-12-19,02:00:00,1.91818,1.92024,1.91685,1.91908,0,0
2014-12-19,03:00:00,1.91922,1.9195,1.91323,1.91323,0,0
2014-12-19,04:00:00,1.91323,1.91809,1.91298,1.91757,0,0
2014-12-19,05:00:00,1.9176,1.91763,1.9145,1.91544,0,0
2014-12-19,06:00:00,1.91544,1.91572,1.91261,1.91277,0,0
2014-12-19,07:00:00,1.91289,1.91345,1.91115,1.912,0,0
2014-12-19,08:00:00,1.91195,1.91582,1.91087,1.91538,0,0
2014-12-19,09:00:00,1.91537,1.91846,1.91532,1.91813,0,0
2014-12-19,10:00:00,1.91828,1.92225,1.91675,1.9203,0,0
2014-12-19,11:00:00,1.92039,1.92311,1.91861,1.9196,0,0
2014-12-19,12:00:00,1.91963,1.92091,1.91684,1.91814,0,0
2014-12-19,13:00:00,1.91815,1.91829,1.91103,1.91112,0,0
2014-12-19,14:00:00,1.91115,1.91619,1.9103,1.91529,0,0
2014-12-19,15:00:00,1.91522,1.9175,1.9128,1.91338,0,0
2014-12-19,16:00:00,1.91364,1.91843,1.91354,1.91702,0,0
2014-12-19,17:00:00,1.91706,1.91906,1.91639,1.91897,0,0
2014-12-19,18:00:00,1.91926,1.92259,1.91898,1.92013,0,0
2014-12-19,19:00:00,1.92009,1.92236,1.91955,1.92197,0,0
2014-12-19,20:00:00,1.92197,1.92255,1.91977,1.92185,0,0
2014-12-19,21:00:00,1.92199,1.92225,1.91928,1.92012,0,0
2014-12-19,22:00:00,1.92007,1.92158,1.91879,1.92026,0,0
2014-12-19,23:00:00,1.92018,1.92018,1.91948,1.9196,0,0
2014-12-22,01:00:00,1.9202,1.9202,1.9174,1.9181,0,0
2014-12-22,02:00:00,1.9181,1.91902,1.91781,1.91902,0,0
2014-12-22,03:00:00,1.91902,1.92009,1.91855,1.91855,0,0
2014-12-22,04:00:00,1.91864,1.92136,1.91827,1.92043,0,0
2014-12-22,05:00:00,1.92043,1.92052,1.91866,1.91945,0,0
2014-12-22,06:00:00,1.91945,1.91948,1.91706,1.91739,0,0
2014-12-22,07:00:00,1.91736,1.91829,1.91494,1.91508,0,0
2014-12-22,08:00:00,1.91509,1.91754,1.91509,1.91667,0,0
2014-12-22,09:00:00,1.91669,1.91945,1.91286,1.91837,0,0
2014-12-22,10:00:00,1.91861,1.92047,1.91794,1.91903,0,0
2014-12-22,11:00:00,1.91903,1.92034,1.9162,1.91628,0,0
2014-12-22,12:00:00,1.91628,1.91779,1.91553,1.91654,0,0
2014-12-22,13:00:00,1.91649,1.91672,1.91429,1.91497,0,0
2014-12-22,14:00:00,1.91512,1.91912,1.91506,1.91876,0,0
2014-12-22,15:00:00,1.91886,1.91973,1.91673,1.9197,0,0
2014-12-22,16:00:00,1.9197,1.91991,1.91693,1.91935,0,0
2014-12-22,17:00:00,1.91947,1.91998,1.91618,1.91971,0,0
2014-12-22,18:00:00,1.91884,1.91997,1.91803,1.91861,0,0
2014-12-22,19:00:00,1.91861,1.91957,1.91638,1.91667,0,0
2014-12-22,20:00:00,1.91674,1.91837,1.91674,1.91802,0,0
2014-12-22,21:00:00,1.91802,1.91845,1.91655,1.91659,0,0
2014-12-22,22:00:00,1.91659,1.91732,1.91497,1.9157,0,0
2014-12-22,23:00:00,1.91617,1.91805,1.9161,1.9168,0,0
2014-12-22,23:59:00,1.91719,1.91891,1.91661,1.91872,0,0
2014-12-23,01:00:00,1.91861,1.9197,1.91772,1.91861,0,0
2014-12-23,02:00:00,1.91882,1.91919,1.91737,1.91881,0,0
2014-12-23,03:00:00,1.91854,1.91939,1.9166,1.91684,0,0
2014-12-23,04:00:00,1.91688,1.91855,1.91663,1.91845,0,0
2014-12-23,05:00:00,1.91848,1.91998,1.91823,1.91958,0,0
2014-12-23,06:00:00,1.91959,1.92112,1.91876,1.92056,0,0
2014-12-23,07:00:00,1.92058,1.92441,1.91971,1.92223,0,0
2014-12-23,08:00:00,1.92262,1.92572,1.92253,1.92339,0,0
2014-12-23,09:00:00,1.92339,1.92339,1.92008,1.92052,0,0
2014-12-23,10:00:00,1.92037,1.92115,1.91938,1.9203,0,0
2014-12-23,11:00:00,1.92033,1.92143,1.91354,1.91712,0,0
2014-12-23,12:00:00,1.91712,1.91712,1.91356,1.91421,0,0
2014-12-23,13:00:00,1.91414,1.91415,1.91044,1.91157,0,0
2014-12-23,14:00:00,1.91157,1.91277,1.90801,1.90941,0,0
2014-12-23,15:00:00,1.90903,1.91377,1.909,1.90968,0,0
2014-12-23,16:00:00,1.90968,1.91473,1.90943,1.91306,0,0
2014-12-23,17:00:00,1.91284,1.91624,1.91145,1.91624,0,0
2014-12-23,18:00:00,1.91629,1.91715,1.91234,1.9163,0,0
2014-12-23,19:00:00,1.9163,1.91679,1.91458,1.91458,0,0
2014-12-23,20:00:00,1.91477,1.91629,1.91454,1.9159,0,0
2014-12-23,21:00:00,1.9159,1.9171,1.91533,1.91685,0,0
2014-12-23,22:00:00,1.91656,1.91729,1.91522,1.91557,0,0
2014-12-23,23:00:00,1.91482,1.91602,1.91427,1.9153,0,0
2014-12-23,23:59:00,1.91529,1.91686,1.91372,1.91456,0,0
2014-12-24,01:00:00,1.91353,1.91458,1.9124,1.91401,0,0
2014-12-24,02:00:00,1.91401,1.9151,1.91191,1.91191,0,0
2014-12-24,03:00:00,1.9119,1.91405,1.9119,1.91215,0,0
2014-12-24,04:00:00,1.91215,1.91383,1.91011,1.91253,0,0
2014-12-24,05:00:00,1.91233,1.91342,1.91172,1.91229,0,0
2014-12-24,06:00:00,1.91229,1.91354,1.91187,1.9125,0,0
2014-12-24,07:00:00,1.9125,1.91326,1.91146,1.91146,0,0
2014-12-24,08:00:00,1.91235,1.91477,1.91185,1.91411,0,0
2014-12-24,09:00:00,1.91411,1.91518,1.91228,1.91439,0,0
2014-12-24,10:00:00,1.91496,1.91732,1.91463,1.91687,0,0
2014-12-24,11:00:00,1.91679,1.91725,1.91429,1.9164,0,0
2014-12-24,12:00:00,1.91624,1.91844,1.91525,1.91667,0,0
2014-12-24,13:00:00,1.91667,1.91731,1.91554,1.91651,0,0
2014-12-24,14:00:00,1.91642,1.91729,1.91448,1.91454,0,0
2014-12-24,15:00:00,1.91454,1.9169,1.91332,1.91464,0,0
2014-12-24,16:00:00,1.91475,1.91757,1.91443,1.91588,0,0
2014-12-24,17:00:00,1.9158,1.9182,1.91493,1.9182,0,0
2014-12-24,18:00:00,1.9182,1.91848,1.9169,1.91766,0,0
2014-12-24,19:00:00,1.91763,1.91843,1.91627,1.91766,0,0
2014-12-24,20:00:00,1.91781,1.91868,1.91643,1.91674,0,0
2014-12-24,21:00:00,1.91674,1.91857,1.91617,1.91857,0,0
2014-12-24,22:00:00,1.91822,1.91991,1.91807,1.91809,0,0
2014-12-24,23:00:00,1.91809,1.91949,1.91808,1.91849,0,0
2014-12-24,23:59:00,1.91784,1.91939,1.91729,1.91805,0,0
2014-12-26,01:00:00,1.91799,1.9196,1.91702,1.9185,0,0
2014-12-26,02:00:00,1.9185,1.91898,1.91625,1.9175,0,0
2014-12-26,03:00:00,1.91713,1.91766,1.91473,1.91687,0,0
2014-12-26,04:00:00,1.91647,1.91692,1.91507,1.91514,0,0
2014-12-26,05:00:00,1.91511,1.91559,1.91476,1.91518,0,0
2014-12-26,06:00:00,1.91509,1.91597,1.91425,1.91463,0,0
2014-12-26,07:00:00,1.91446,1.91489,1.9139,1.91408,0,0
2014-12-26,08:00:00,1.91411,1.91555,1.91411,1.91479,0,0
2014-12-26,09:00:00,1.91479,1.91579,1.91443,1.91551,0,0
2014-12-26,10:00:00,1.91546,1.9158,1.91426,1.91472,0,0
2014-12-26,11:00:00,1.91458,1.91502,1.91401,1.91465,0,0
2014-12-26,12:00:00,1.9146,1.91493,1.9132,1.91325,0,0
2014-12-26,13:00:00,1.91352,1.91481,1.91332,1.91388,0,0
2014-12-26,14:00:00,1.914,1.91467,1.91284,1.91366,0,0
2014-12-26,15:00:00,1.91396,1.9145,1.91176,1.91395,0,0
2014-12-26,16:00:00,1.91396,1.91556,1.91369,1.91528,0,0
2014-12-26,17:00:00,1.91528,1.91864,1.91463,1.91796,0,0
2014-12-26,18:00:00,1.91796,1.91875,1.91652,1.91733,0,0
2014-12-26,19:00:00,1.91727,1.91735,1.91573,1.91645,0,0
2014-12-26,20:00:00,1.91788,1.91844,1.91663,1.91725,0,0
2014-12-26,21:00:00,1.91725,1.91745,1.91648,1.91697,0,0
2014-12-26,22:00:00,1.91701,1.91738,1.91549,1.91555,0,0
2014-12-26,23:00:00,1.91555,1.91555,1.91555,1.91555,0,0
2014-12-29,01:00:00,1.9158,1.91747,1.91561,1.91685,0,0
2014-12-29,02:00:00,1.91686,1.9173,1.91584,1.91647,0,0
2014-12-29,03:00:00,1.91644,1.91865,1.916,1.91652,0,0
2014-12-29,04:00:00,1.91651,1.91734,1.91429,1.91479,0,0
2014-12-29,05:00:00,1.9147,1.91571,1.91381,1.9153,0,0
2014-12-29,06:00:00,1.9153,1.91565,1.91434,1.91487,0,0
2014-12-29,07:00:00,1.91493,1.91573,1.91286,1.91512,0,0
2014-12-29,08:00:00,1.91516,1.91535,1.91406,1.91471,0,0
2014-12-29,09:00:00,1.91477,1.91517,1.91277,1.91333,0,0
2014-12-29,10:00:00,1.91333,1.9141,1.91055,1.9118,0,0
2014-12-29,11:00:00,1.91177,1.91223,1.90814,1.90853,0,0
2014-12-29,12:00:00,1.90769,1.91012,1.90702,1.90807,0,0
2014-12-29,13:00:00,1.90783,1.90822,1.90528,1.90715,0,0
2014-12-29,14:00:00,1.90713,1.90902,1.90663,1.90902,0,0
2014-12-29,15:00:00,1.90899,1.90971,1.90726,1.90847,0,0
2014-12-29,16:00:00,1.90842,1.90962,1.90828,1.90867,0,0
2014-12-29,17:00:00,1.90871,1.90882,1.90576,1.90582,0,0
2014-12-29,18:00:00,1.90577,1.90752,1.9038,1.90508,0,0
2014-12-29,19:00:00,1.90583,1.90626,1.90494,1.90584,0,0
2014-12-29,20:00:00,1.90587,1.90822,1.9057,1.90817,0,0
2014-12-29,21:00:00,1.90817,1.9096,1.90768,1.90916,0,0
2014-12-29,22:00:00,1.90916,1.90922,1.90668,1.90668,0,0
2014-12-29,23:00:00,1.90668,1.90815,1.90661,1.90767,0,0
2014-12-29,23:59:00,1.90767,1.90855,1.90686,1.90739,0,0
2014-12-30,01:00:00,1.90772,1.90787,1.90638,1.907,0,0
2014-12-30,02:00:00,1.907,1.90735,1.90543,1.90714,0,0
2014-12-30,03:00:00,1.90715,1.90969,1.90715,1.90959,0,0
2014-12-30,04:00:00,1.90948,1.90958,1.90796,1.90941,0,0
2014-12-30,05:00:00,1.90926,1.90988,1.90841,1.90985,0,0
2014-12-30,06:00:00,1.90978,1.90981,1.90801,1.90913,0,0
2014-12-30,07:00:00,1.90907,1.90955,1.90709,1.90749,0,0
2014-12-30,08:00:00,1.90756,1.90926,1.90674,1.90753,0,0
2014-12-30,09:00:00,1.9073,1.90807,1.90287,1.90488,0,0
2014-12-30,10:00:00,1.90498,1.90609,1.90122,1.9039,0,0
2014-12-30,11:00:00,1.90369,1.90441,1.89956,1.90167,0,0
2014-12-30,12:00:00,1.90167,1.90251,1.9002,1.90143,0,0
2014-12-30,13:00:00,1.90137,1.90402,1.90088,1.90297,0,0
2014-12-30,14:00:00,1.903,1.9043,1.90128,1.90142,0,0
2014-12-30,15:00:00,1.90146,1.90191,1.89859,1.89867,0,0
2014-12-30,16:00:00,1.89874,1.89988,1.89824,1.89878,0,0
2014-12-30,17:00:00,1.89915,1.89998,1.89735,1.89821,0,0
2014-12-30,18:00:00,1.89821,1.89952,1.89746,1.8995,0,0
2014-12-30,19:00:00,1.89939,1.90214,1.8984,1.90196,0,0
2014-12-30,20:00:00,1.90204,1.9024,1.90116,1.90201,0,0
2014-12-30,21:00:00,1.90201,1.90232,1.90107,1.90232,0,0
2014-12-30,22:00:00,1.90208,1.90214,1.90104,1.90157,0,0
2014-12-30,23:00:00,1.90157,1.9023,1.90107,1.90148,0,0
2014-12-30,23:59:00,1.90154,1.90304,1.90054,1.90197,0,0
2014-12-31,01:00:00,1.90201,1.90283,1.90144,1.90254,0,0
2014-12-31,02:00:00,1.90179,1.90357,1.90169,1.90238,0,0
2014-12-31,03:00:00,1.90239,1.90275,1.89587,1.89621,0,0
2014-12-31,04:00:00,1.89634,1.89724,1.89515,1.89618,0,0
2014-12-31,05:00:00,1.89616,1.89811,1.89616,1.8977,0,0
2014-12-31,06:00:00,1.89752,1.89841,1.8968,1.89744,0,0
2014-12-31,07:00:00,1.89784,1.9016,1.89784,1.89946,0,0
2014-12-31,08:00:00,1.89946,1.90159,1.89937,1.90145,0,0
2014-12-31,09:00:00,1.90081,1.90165,1.90031,1.90076,0,0
2014-12-31,10:00:00,1.90111,1.9018,1.89928,1.90023,0,0
2014-12-31,11:00:00,1.90067,1.90198,1.89987,1.90152,0,0
2014-12-31,12:00:00,1.90152,1.90165,1.89913,1.90073,0,0
2014-12-31,13:00:00,1.90158,1.90412,1.90075,1.90218,0,0
2014-12-31,14:00:00,1.90218,1.90366,1.90136,1.90263,0,0
2014-12-31,15:00:00,1.90249,1.90415,1.90225,1.90392,0,0
2014-12-31,16:00:00,1.90408,1.90653,1.90374,1.90385,0,0
2014-12-31,17:00:00,1.90382,1.9105,1.90337,1.90671,0,0
2014-12-31,18:00:00,1.90315,1.90644,1.90315,1.90623,0,0
2014-12-31,19:00:00,1.90623,1.90757,1.90468,1.90744,0,0
2014-12-31,20:00:00,1.90834,1.90847,1.9066,1.90838,0,0
2014-12-31,21:00:00,1.90838,1.90926,1.90736,1.90794,0,0
2014-12-31,22:00:00,1.90682,1.90962,1.90653,1.90911,0,0
2014-12-31,23:00:00,1.90918,1.90949,1.90722,1.90832,0,0
2014-12-31,23:59:00,1.90872,1.90954,1.90656,1.90903,0,0
2015-01-02,01:00:00,1.90714,1.90734,1.90372,1.90466,0,0
2015-01-02,02:00:00,1.90463,1.9057,1.90335,1.90556,0,0
2015-01-02,03:00:00,1.90548,1.9122,1.90548,1.91194,0,0
2015-01-02,04:00:00,1.91197,1.91292,1.91079,1.91148,0,0
2015-01-02,05:00:00,1.91148,1.91385,1.91072,1.91281,0,0
2015-01-02,06:00:00,1.91281,1.91348,1.91195,1.91259,0,0
2015-01-02,07:00:00,1.91259,1.91266,1.91025,1.91087,0,0
2015-01-02,08:00:00,1.91087,1.91087,1.90839,1.90924,0,0
2015-01-02,09:00:00,1.90919,1.91239,1.90902,1.90926,0,0
2015-01-02,10:00:00,1.90926,1.90984,1.9055,1.9074,0,0
2015-01-02,11:00:00,1.9074,1.90803,1.90066,1.90112,0,0
2015-01-02,12:00:00,1.90104,1.90135,1.8976,1.89921,0,0
2015-01-02,13:00:00,1.89953,1.9021,1.8993,1.90174,0,0
2015-01-02,14:00:00,1.90142,1.90235,1.89982,1.90178,0,0
2015-01-02,15:00:00,1.90172,1.90315,1.90063,1.90136,0,0
2015-01-02,16:00:00,1.90132,1.90157,1.898,1.89899,0,0
2015-01-02,17:00:00,1.89824,1.89864,1.89472,1.89537,0,0
2015-01-02,18:00:00,1.89537,1.89537,1.89144,1.89241,0,0
2015-01-02,19:00:00,1.89243,1.89373,1.89196,1.8934,0,0
2015-01-02,20:00:00,1.89316,1.89402,1.89273,1.89364,0,0
2015-01-02,21:00:00,1.89345,1.89363,1.89032,1.89037,0,0
2015-01-02,22:00:00,1.89039,1.89484,1.88993,1.89379,0,0
2015-01-02,23:00:00,1.89379,1.89379,1.89361,1.89361,0,0
2015-01-05,01:00:00,1.89259,1.89654,1.89099,1.89454,0,0
2015-01-05,02:00:00,1.89456,1.89456,1.88913,1.89165,0,0
2015-01-05,03:00:00,1.89171,1.89419,1.88933,1.89333,0,0
2015-01-05,04:00:00,1.89322,1.89444,1.89053,1.89438,0,0
2015-01-05,05:00:00,1.89451,1.89783,1.89437,1.89649,0,0
2015-01-05,06:00:00,1.89699,1.89776,1.89562,1.89647,0,0
2015-01-05,07:00:00,1.89647,1.90115,1.89617,1.89914,0,0
2015-01-05,08:00:00,1.89938,1.90008,1.89788,1.89907,0,0
2015-01-05,09:00:00,1.89923,1.90044,1.89607,1.89967,0,0
2015-01-05,10:00:00,1.89997,1.90084,1.8949,1.8949,0,0
2015-01-05,11:00:00,1.89497,1.89569,1.89251,1.89259,0,0
2015-01-05,12:00:00,1.89273,1.89453,1.89089,1.89292,0,0
2015-01-05,13:00:00,1.89283,1.89415,1.89075,1.89236,0,0
2015-01-05,14:00:00,1.89201,1.89208,1.88558,1.88626,0,0
2015-01-05,15:00:00,1.88626,1.88647,1.88211,1.88287,0,0
2015-01-05,16:00:00,1.88302,1.88369,1.88131,1.88244,0,0
2015-01-05,17:00:00,1.88244,1.88579,1.88152,1.88214,0,0
2015-01-05,18:00:00,1.88218,1.88254,1.87978,1.88203,0,0
2015-01-05,19:00:00,1.88203,1.88395,1.88141,1.88181,0,0
2015-01-05,20:00:00,1.88205,1.88509,1.88199,1.88448,0,0
2015-01-05,21:00:00,1.88448,1.88556,1.88354,1.88484,0,0
2015-01-05,22:00:00,1.88484,1.88727,1.88441,1.8857,0,0
2015-01-05,23:00:00,1.88592,1.88673,1.88518,1.88644,0,0
2015-01-05,23:59:00,1.88644,1.88739,1.8854,1.88662,0,0
2015-01-06,01:00:00,1.8866,1.8866,1.88308,1.88416,0,0
2015-01-06,02:00:00,1.88416,1.88686,1.87921,1.87921,0,0
2015-01-06,03:00:00,1.87931,1.8821,1.8793,1.8803,0,0
2015-01-06,04:00:00,1.88033,1.8804,1.87438,1.87582,0,0
2015-01-06,05:00:00,1.87582,1.87703,1.87515,1.87576,0,0
2015-01-06,06:00:00,1.87583,1.87824,1.87541,1.87781,0,0
2015-01-06,07:00:00,1.87781,1.87781,1.87394,1.87432,0,0
2015-01-06,08:00:00,1.87434,1.87451,1.87201,1.87282,0,0
2015-01-06,09:00:00,1.87282,1.87597,1.87282,1.87433,0,0
2015-01-06,10:00:00,1.87425,1.87536,1.87289,1.87431,0,0
2015-01-06,11:00:00,1.87431,1.87431,1.86721,1.86976,0,0
2015-01-06,12:00:00,1.8696,1.86965,1.86733,1.86783,0,0
2015-01-06,13:00:00,1.86803,1.87012,1.86522,1.86936,0,0
2015-01-06,14:00:00,1.86936,1.871,1.86758,1.86788,0,0
2015-01-06,15:00:00,1.86788,1.86856,1.86519,1.86815,0,0
2015-01-06,16:00:00,1.8682,1.87123,1.86663,1.8672,0,0
2015-01-06,17:00:00,1.8672,1.87081,1.86582,1.86971,0,0
2015-01-06,18:00:00,1.86965,1.87182,1.86809,1.86946,0,0
2015-01-06,19:00:00,1.86946,1.87325,1.86945,1.87174,0,0
2015-01-06,20:00:00,1.87141,1.87226,1.87036,1.87136,0,0
2015-01-06,21:00:00,1.87135,1.87151,1.86886,1.87039,0,0
2015-01-06,22:00:00,1.87001,1.87234,1.86915,1.87147,0,0
2015-01-06,23:00:00,1.87151,1.87427,1.87112,1.87427,0,0
2015-01-06,23:59:00,1.87429,1.87654,1.87055,1.87545,0,0
2015-01-07,01:00:00,1.87492,1.87525,1.87295,1.87373,0,0
2015-01-07,02:00:00,1.8737,1.87802,1.87355,1.87702,0,0
2015-01-07,03:00:00,1.8771,1.87792,1.87504,1.87557,0,0
2015-01-07,04:00:00,1.87546,1.87671,1.87432,1.8765,0,0
2015-01-07,05:00:00,1.87642,1.877,1.87407,1.87466,0,0
2015-01-07,06:00:00,1.87551,1.87614,1.87453,1.87517,0,0
2015-01-07,07:00:00,1.87515,1.87674,1.87381,1.87565,0,0
2015-01-07,08:00:00,1.87561,1.87798,1.87523,1.87647,0,0
2015-01-07,09:00:00,1.87659,1.87735,1.87522,1.87617,0,0
2015-01-07,10:00:00,1.87617,1.87812,1.87354,1.87513,0,0
2015-01-07,11:00:00,1.87513,1.87546,1.87185,1.87546,0,0
2015-01-07,12:00:00,1.87548,1.87675,1.87357,1.87627,0,0
2015-01-07,13:00:00,1.87569,1.87569,1.87257,1.87366,0,0
2015-01-07,14:00:00,1.87366,1.87468,1.87236,1.87407,0,0
2015-01-07,15:00:00,1.87383,1.87598,1.87315,1.87509,0,0
2015-01-07,16:00:00,1.87532,1.87606,1.87342,1.87517,0,0
2015-01-07,17:00:00,1.87475,1.87645,1.87318,1.87318,0,0
2015-01-07,18:00:00,1.87364,1.8746,1.87225,1.87268,0,0
2015-01-07,19:00:00,1.87268,1.87384,1.87151,1.87384,0,0
2015-01-07,20:00:00,1.87384,1.8744,1.87288,1.87358,0,0
2015-01-07,21:00:00,1.87365,1.87613,1.86985,1.87088,0,0
2015-01-07,22:00:00,1.87144,1.87318,1.87119,1.87216,0,0
2015-01-07,23:00:00,1.87204,1.87262,1.86982,1.87052,0,0
2015-01-07,23:59:00,1.87052,1.87227,1.86987,1.87054,0,0
2015-01-08,01:00:00,1.87069,1.87183,1.86936,1.87069,0,0
2015-01-08,02:00:00,1.86966,1.87013,1.86469,1.86736,0,0
2015-01-08,03:00:00,1.86608,1.86612,1.86391,1.86527,0,0
2015-01-08,04:00:00,1.8653,1.86596,1.86429,1.86517,0,0
2015-01-08,05:00:00,1.86516,1.86559,1.86014,1.86083,0,0
2015-01-08,06:00:00,1.86083,1.86182,1.85991,1.86027,0,0
2015-01-08,07:00:00,1.86046,1.86148,1.85964,1.85983,0,0
2015-01-08,08:00:00,1.85972,1.86195,1.85972,1.86161,0,0
2015-01-08,09:00:00,1.86168,1.86278,1.85893,1.85933,0,0
2015-01-08,10:00:00,1.85977,1.85977,1.85333,1.85351,0,0
2015-01-08,11:00:00,1.85394,1.85549,1.85295,1.85544,0,0
2015-01-08,12:00:00,1.85608,1.86071,1.85567,1.85851,0,0
2015-01-08,13:00:00,1.85847,1.85929,1.85625,1.85743,0,0
2015-01-08,14:00:00,1.85701,1.85904,1.85647,1.85884,0,0
2015-01-08,15:00:00,1.85883,1.86094,1.85751,1.8597,0,0
2015-01-08,16:00:00,1.85939,1.86141,1.85827,1.85924,0,0
2015-01-08,17:00:00,1.85929,1.86001,1.85736,1.85977,0,0
2015-01-08,18:00:00,1.85997,1.86097,1.85881,1.85962,0,0
2015-01-08,19:00:00,1.86023,1.86035,1.85853,1.85979,0,0
2015-01-08,20:00:00,1.85963,1.86098,1.85895,1.86034,0,0
2015-01-08,21:00:00,1.86022,1.86197,1.86001,1.86014,0,0
2015-01-08,22:00:00,1.86019,1.86024,1.85866,1.85889,0,0
2015-01-08,23:00:00,1.85885,1.85938,1.8573,1.8574,0,0
2015-01-08,23:59:00,1.8574,1.85979,1.85674,1.85885,0,0
2015-01-09,01:00:00,1.85885,1.86035,1.85839,1.85954,0,0
2015-01-09,02:00:00,1.85954,1.86077,1.85668,1.85712,0,0
2015-01-09,03:00:00,1.85712,1.85712,1.85508,1.85618,0,0
2015-01-09,04:00:00,1.85556,1.85608,1.85319,1.85361,0,0
2015-01-09,05:00:00,1.85396,1.85523,1.85297,1.85432,0,0
2015-01-09,06:00:00,1.85432,1.85476,1.85322,1.85439,0,0
2015-01-09,07:00:00,1.85449,1.85575,1.85409,1.85484,0,0
2015-01-09,08:00:00,1.85484,1.8572,1.8546,1.85587,0,0
2015-01-09,09:00:00,1.85593,1.85871,1.85527,1.85855,0,0
2015-01-09,10:00:00,1.85848,1.86183,1.85837,1.86163,0,0
2015-01-09,11:00:00,1.86163,1.86509,1.86163,1.86322,0,0
2015-01-09,12:00:00,1.86339,1.86361,1.86011,1.86219,0,0
2015-01-09,13:00:00,1.86219,1.8624,1.8603,1.8604,0,0
2015-01-09,14:00:00,1.86048,1.86116,1.85817,1.85817,0,0
2015-01-09,15:00:00,1.85836,1.86112,1.85367,1.8545,0,0
2015-01-09,16:00:00,1.85449,1.85516,1.84766,1.85003,0,0
2015-01-09,17:00:00,1.85003,1.85137,1.84908,1.85006,0,0
2015-01-09,18:00:00,1.84998,1.85064,1.84799,1.84981,0,0
2015-01-09,19:00:00,1.84979,1.8504,1.84805,1.84872,0,0
2015-01-09,20:00:00,1.84872,1.85001,1.84833,1.84923,0,0
2015-01-09,21:00:00,1.84934,1.84999,1.84818,1.84944,0,0
2015-01-09,22:00:00,1.84944,1.84975,1.84765,1.84821,0,0
2015-01-09,23:00:00,1.84824,1.84824,1.84824,1.84824,0,0
