Date,Time,Open,High,Low,Close,Volume,OpenInt
2014-10-13,01:00:00,1.79935,1.80178,1.79906,1.80121,0,0
2014-10-13,02:00:00,1.80121,1.80135,1.79946,1.80015,0,0
2014-10-13,03:00:00,1.8001,1.80185,1.79993,1.8013,0,0
2014-10-13,04:00:00,1.8013,1.80526,1.80044,1.80525,0,0
2014-10-13,05:00:00,1.80519,1.8055,1.80306,1.80515,0,0
2014-10-13,06:00:00,1.80526,1.80542,1.80399,1.8044,0,0
2014-10-13,07:00:00,1.80446,1.80523,1.80403,1.80438,0,0
2014-10-13,08:00:00,1.80438,1.80509,1.80405,1.80449,0,0
2014-10-13,09:00:00,1.80451,1.80573,1.80313,1.80342,0,0
2014-10-13,10:00:00,1.80371,1.80411,1.8022,1.80327,0,0
2014-10-13,11:00:00,1.8032,1.80432,1.801,1.80167,0,0
2014-10-13,12:00:00,1.80142,1.80278,1.80129,1.80239,0,0
2014-10-13,13:00:00,1.80239,1.80429,1.80197,1.80303,0,0
2014-10-13,14:00:00,1.80303,1.80408,1.80262,1.80363,0,0
2014-10-13,15:00:00,1.80365,1.80475,1.80273,1.80283,0,0
2014-10-13,16:00:00,1.80258,1.80298,1.80043,1.80096,0,0
2014-10-13,17:00:00,1.80089,1.80231,1.79918,1.80027,0,0
2014-10-13,18:00:00,1.80016,1.8005,1.79684,1.7984,0,0
2014-10-13,19:00:00,1.7984,1.79991,1.7978,1.79946,0,0
2014-10-13,20:00:00,1.7994,1.80002,1.79744,1.7979,0,0
2014-10-13,21:00:00,1.79793,1.79955,1.79785,1.79933,0,0
2014-10-13,22:00:00,1.79923,1.80052,1.79887,1.80043,0,0
2014-10-13,23:00:00,1.8004,1.80275,1.79994,1.80104,0,0
2014-10-13,23:59:00,1.80102,1.80184,1.79832,1.79865,0,0
2014-10-14,01:00:00,1.79865,1.79924,1.79824,1.79914,0,0
2014-10-14,02:00:00,1.79908,1.80017,1.79898,1.80014,0,0
2014-10-14,03:00:00,1.80014,1.8014,1.79986,1.80067,0,0
2014-10-14,04:00:00,1.80067,1.80093,1.79969,1.79981,0,0
2014-10-14,05:00:00,1.79981,1.80009,1.79879,1.79946,0,0
2014-10-14,06:00:00,1.79943,1.80063,1.79932,1.80061,0,0
2014-10-14,07:00:00,1.8006,1.80123,1.8004,1.80094,0,0
2014-10-14,08:00:00,1.80094,1.80164,1.80073,1.80159,0,0
2014-10-14,09:00:00,1.80149,1.80231,1.80011,1.8021,0,0
2014-10-14,10:00:00,1.80215,1.80341,1.80132,1.80311,0,0
2014-10-14,11:00:00,1.80314,1.80387,1.79409,1.79502,0,0
2014-10-14,12:00:00,1.79503,1.79655,1.79366,1.79441,0,0
2014-10-14,13:00:00,1.79441,1.79601,1.79385,1.79393,0,0
2014-10-14,14:00:00,1.7937,1.79459,1.78992,1.79064,0,0
2014-10-14,15:00:00,1.79078,1.7912,1.78781,1.78782,0,0
2014-10-14,16:00:00,1.78787,1.78919,1.78673,1.78779,0,0
2014-10-14,17:00:00,1.78775,1.79013,1.78653,1.7878,0,0
2014-10-14,18:00:00,1.78778,1.79034,1.78764,1.78968,0,0
2014-10-14,19:00:00,1.78961,1.79194,1.7886,1.7914,0,0
2014-10-14,20:00:00,1.79137,1.79424,1.79137,1.79406,0,0
2014-10-14,21:00:00,1.79412,1.79642,1.79291,1.79592,0,0
2014-10-14,22:00:00,1.79586,1.799,1.79569,1.79789,0,0
2014-10-14,23:00:00,1.79791,1.79839,1.79613,1.79636,0,0
2014-10-14,23:59:00,1.79633,1.79644,1.7953,1.79612,0,0
2014-10-15,01:00:00,1.79612,1.79612,1.79521,1.79591,0,0
2014-10-15,02:00:00,1.79591,1.79824,1.79556,1.79795,0,0
2014-10-15,03:00:00,1.79792,1.7995,1.79792,1.79911,0,0
2014-10-15,04:00:00,1.79902,1.80153,1.79831,1.8002,0,0
2014-10-15,05:00:00,1.80015,1.8018,1.79952,1.80164,0,0
2014-10-15,06:00:00,1.80155,1.80194,1.80058,1.8018,0,0
2014-10-15,07:00:00,1.80184,1.80231,1.80128,1.80189,0,0
2014-10-15,08:00:00,1.80189,1.80225,1.80105,1.8017,0,0
2014-10-15,09:00:00,1.80167,1.80386,1.80114,1.80368,0,0
2014-10-15,10:00:00,1.80361,1.80525,1.80247,1.80422,0,0
2014-10-15,11:00:00,1.80422,1.81029,1.80416,1.80776,0,0
2014-10-15,12:00:00,1.8078,1.81045,1.8078,1.80937,0,0
2014-10-15,13:00:00,1.80945,1.81043,1.80842,1.80915,0,0
2014-10-15,14:00:00,1.80918,1.81263,1.80867,1.81075,0,0
2014-10-15,15:00:00,1.8108,1.81268,1.80781,1.81213,0,0
2014-10-15,16:00:00,1.81217,1.81271,1.80016,1.80016,0,0
2014-10-15,17:00:00,1.79973,1.80872,1.79868,1.80542,0,0
2014-10-15,18:00:00,1.80546,1.80568,1.80136,1.80163,0,0
2014-10-15,19:00:00,1.8016,1.8035,1.79742,1.79847,0,0
2014-10-15,20:00:00,1.7984,1.80016,1.79583,1.79966,0,0
2014-10-15,21:00:00,1.79955,1.80083,1.79693,1.7975,0,0
2014-10-15,22:00:00,1.79764,1.79999,1.79573,1.79816,0,0
2014-10-15,23:00:00,1.79824,1.80292,1.79707,1.80274,0,0
2014-10-15,23:59:00,1.80243,1.80266,1.79945,1.80232,0,0
2014-10-16,01:00:00,1.80229,1.804,1.80117,1.80241,0,0
2014-10-16,02:00:00,1.80244,1.80274,1.80073,1.80101,0,0
2014-10-16,03:00:00,1.80101,1.80132,1.79901,1.79949,0,0
2014-10-16,04:00:00,1.79952,1.80136,1.79924,1.80004,0,0
2014-10-16,05:00:00,1.80001,1.80112,1.79914,1.80054,0,0
2014-10-16,06:00:00,1.80051,1.80127,1.79994,1.80021,0,0
2014-10-16,07:00:00,1.80016,1.80038,1.79926,1.80021,0,0
2014-10-16,08:00:00,1.80016,1.80063,1.79896,1.79951,0,0
2014-10-16,09:00:00,1.79954,1.80387,1.79742,1.80295,0,0
2014-10-16,10:00:00,1.80303,1.80345,1.80051,1.80244,0,0
2014-10-16,11:00:00,1.80241,1.80888,1.80213,1.80858,0,0
2014-10-16,12:00:00,1.80843,1.81074,1.80697,1.80934,0,0
2014-10-16,13:00:00,1.80968,1.81587,1.80903,1.81179,0,0
2014-10-16,14:00:00,1.8117,1.81473,1.81118,1.81118,0,0
2014-10-16,15:00:00,1.81121,1.81664,1.81098,1.81312,0,0
2014-10-16,16:00:00,1.81321,1.81542,1.80831,1.80839,0,0
2014-10-16,17:00:00,1.80842,1.81053,1.80611,1.80655,0,0
2014-10-16,18:00:00,1.80636,1.80971,1.80574,1.80945,0,0
2014-10-16,19:00:00,1.80949,1.80985,1.8071,1.808,0,0
2014-10-16,20:00:00,1.80793,1.80927,1.80502,1.80884,0,0
2014-10-16,21:00:00,1.80896,1.80901,1.80541,1.80685,0,0
2014-10-16,22:00:00,1.80687,1.81001,1.80687,1.81001,0,0
2014-10-16,23:00:00,1.8098,1.81121,1.80885,1.81074,0,0
2014-10-16,23:59:00,1.81071,1.81082,1.80917,1.81022,0,0
2014-10-17,01:00:00,1.80982,1.81146,1.80973,1.81078,0,0
2014-10-17,02:00:00,1.81084,1.81358,1.81074,1.81219,0,0
2014-10-17,03:00:00,1.81225,1.81254,1.80796,1.80857,0,0
2014-10-17,04:00:00,1.80857,1.80899,1.80716,1.80846,0,0
2014-10-17,05:00:00,1.80849,1.81056,1.80814,1.8094,0,0
2014-10-17,06:00:00,1.80967,1.8106,1.80915,1.81045,0,0
2014-10-17,07:00:00,1.81042,1.81063,1.80887,1.80992,0,0
2014-10-17,08:00:00,1.80997,1.81029,1.80878,1.80962,0,0
2014-10-17,09:00:00,1.80964,1.81098,1.80512,1.80525,0,0
2014-10-17,10:00:00,1.80526,1.80643,1.80223,1.80628,0,0
2014-10-17,11:00:00,1.80611,1.80982,1.80494,1.80978,0,0
2014-10-17,12:00:00,1.80951,1.81068,1.80723,1.80797,0,0
2014-10-17,13:00:00,1.80797,1.80933,1.80611,1.80916,0,0
2014-10-17,14:00:00,1.8093,1.8112,1.80777,1.80892,0,0
2014-10-17,15:00:00,1.80892,1.81233,1.80512,1.80866,0,0
2014-10-17,16:00:00,1.80861,1.8096,1.80627,1.80661,0,0
2014-10-17,17:00:00,1.80659,1.80979,1.80359,1.8093,0,0
2014-10-17,18:00:00,1.80927,1.81028,1.80684,1.80891,0,0
2014-10-17,19:00:00,1.80894,1.81126,1.8086,1.81053,0,0
2014-10-17,20:00:00,1.81072,1.81354,1.81044,1.81352,0,0
2014-10-17,21:00:00,1.81345,1.81616,1.81326,1.81525,0,0
2014-10-17,22:00:00,1.81521,1.81573,1.81368,1.81411,0,0
2014-10-17,23:00:00,1.81412,1.81412,1.81412,1.81412,0,0
2014-10-20,01:00:00,1.81534,1.8166,1.81456,1.81588,0,0
2014-10-20,02:00:00,1.81587,1.81676,1.81538,1.81638,0,0
2014-10-20,03:00:00,1.81641,1.81654,1.81446,1.81474,0,0
2014-10-20,04:00:00,1.81469,1.81481,1.81317,1.81336,0,0
2014-10-20,05:00:00,1.81327,1.81521,1.81323,1.81461,0,0
2014-10-20,06:00:00,1.8146,1.81472,1.81335,1.81464,0,0
2014-10-20,07:00:00,1.81464,1.81586,1.81425,1.81539,0,0
2014-10-20,08:00:00,1.81536,1.81614,1.81486,1.81526,0,0
2014-10-20,09:00:00,1.81534,1.81547,1.81226,1.81265,0,0
2014-10-20,10:00:00,1.81265,1.81408,1.8124,1.81359,0,0
2014-10-20,11:00:00,1.81355,1.8171,1.81321,1.81688,0,0
2014-10-20,12:00:00,1.8169,1.81764,1.81614,1.81656,0,0
2014-10-20,13:00:00,1.81669,1.81784,1.8153,1.81564,0,0
2014-10-20,14:00:00,1.81554,1.81778,1.81533,1.81688,0,0
2014-10-20,15:00:00,1.8167,1.81877,1.81579,1.81764,0,0
2014-10-20,16:00:00,1.81776,1.82001,1.81726,1.81939,0,0
2014-10-20,17:00:00,1.81942,1.82,1.81731,1.81807,0,0
2014-10-20,18:00:00,1.81805,1.81989,1.818,1.81949,0,0
2014-10-20,19:00:00,1.81938,1.82198,1.8189,1.82043,0,0
2014-10-20,20:00:00,1.82044,1.82557,1.82041,1.82395,0,0
2014-10-20,21:00:00,1.82404,1.82457,1.82288,1.82422,0,0
2014-10-20,22:00:00,1.82419,1.82514,1.82381,1.82453,0,0
2014-10-20,23:00:00,1.8244,1.82486,1.82337,1.82369,0,0
2014-10-20,23:59:00,1.8234,1.82444,1.82329,1.82396,0,0
2014-10-21,01:00:00,1.82393,1.82437,1.82305,1.82389,0,0
2014-10-21,02:00:00,1.82378,1.82462,1.82352,1.82447,0,0
2014-10-21,03:00:00,1.8245,1.82535,1.82372,1.82405,0,0
2014-10-21,04:00:00,1.82402,1.82444,1.82334,1.82404,0,0
2014-10-21,05:00:00,1.82406,1.82456,1.82308,1.82323,0,0
2014-10-21,06:00:00,1.8232,1.82451,1.8232,1.82367,0,0
2014-10-21,07:00:00,1.82364,1.82389,1.82162,1.82225,0,0
2014-10-21,08:00:00,1.82245,1.82319,1.82186,1.82251,0,0
2014-10-21,09:00:00,1.82251,1.82268,1.81944,1.81993,0,0
2014-10-21,10:00:00,1.81991,1.8207,1.81759,1.81773,0,0
2014-10-21,11:00:00,1.81762,1.82005,1.81702,1.81939,0,0
2014-10-21,12:00:00,1.81927,1.82022,1.81644,1.81648,0,0
2014-10-21,13:00:00,1.81654,1.81815,1.81607,1.81758,0,0
2014-10-21,14:00:00,1.81755,1.81841,1.81649,1.81759,0,0
2014-10-21,15:00:00,1.81752,1.8178,1.81266,1.81266,0,0
2014-10-21,16:00:00,1.81268,1.81413,1.81043,1.81363,0,0
2014-10-21,17:00:00,1.81375,1.8149,1.8107,1.81082,0,0
2014-10-21,18:00:00,1.81072,1.81166,1.80828,1.80978,0,0
2014-10-21,19:00:00,1.80967,1.81027,1.8073,1.80942,0,0
2014-10-21,20:00:00,1.80945,1.81053,1.80905,1.81012,0,0
2014-10-21,21:00:00,1.81007,1.81133,1.80927,1.80975,0,0
2014-10-21,22:00:00,1.80988,1.80988,1.80842,1.80898,0,0
2014-10-21,23:00:00,1.80902,1.80951,1.80753,1.80775,0,0
2014-10-21,23:59:00,1.80759,1.80962,1.80681,1.80913,0,0
2014-10-22,01:00:00,1.80899,1.8092,1.808,1.80872,0,0
2014-10-22,02:00:00,1.80882,1.80937,1.80856,1.80913,0,0
2014-10-22,03:00:00,1.80896,1.80936,1.80747,1.8082,0,0
2014-10-22,04:00:00,1.8082,1.80925,1.80782,1.80925,0,0
2014-10-22,05:00:00,1.80921,1.80925,1.80818,1.8084,0,0
2014-10-22,06:00:00,1.80837,1.8094,1.80828,1.80891,0,0
2014-10-22,07:00:00,1.80891,1.80935,1.80823,1.80916,0,0
2014-10-22,08:00:00,1.80916,1.80964,1.80843,1.80881,0,0
2014-10-22,09:00:00,1.80881,1.80982,1.80699,1.80736,0,0
2014-10-22,10:00:00,1.80724,1.80734,1.80417,1.80602,0,0
2014-10-22,11:00:00,1.80608,1.80628,1.79906,1.80015,0,0
2014-10-22,12:00:00,1.79993,1.80267,1.79878,1.80243,0,0
2014-10-22,13:00:00,1.80238,1.80444,1.80169,1.80369,0,0
2014-10-22,14:00:00,1.80365,1.8039,1.80121,1.80161,0,0
2014-10-22,15:00:00,1.80161,1.80837,1.80052,1.80833,0,0
2014-10-22,16:00:00,1.80818,1.8105,1.80716,1.80962,0,0
2014-10-22,17:00:00,1.81031,1.81031,1.79374,1.79892,0,0
2014-10-22,18:00:00,1.79894,1.80337,1.79809,1.8025,0,0
2014-10-22,19:00:00,1.80236,1.80345,1.80055,1.80149,0,0
2014-10-22,20:00:00,1.80149,1.80259,1.8004,1.80134,0,0
2014-10-22,21:00:00,1.80137,1.80409,1.80135,1.80325,0,0
2014-10-22,22:00:00,1.80306,1.80464,1.80297,1.8042,0,0
2014-10-22,23:00:00,1.80429,1.80471,1.80227,1.80233,0,0
2014-10-22,23:59:00,1.80275,1.80337,1.80149,1.80319,0,0
2014-10-23,01:00:00,1.80304,1.80377,1.80227,1.80298,0,0
2014-10-23,02:00:00,1.80298,1.80538,1.80265,1.80508,0,0
2014-10-23,03:00:00,1.80505,1.80676,1.80481,1.80588,0,0
2014-10-23,04:00:00,1.80594,1.80626,1.8041,1.80523,0,0
2014-10-23,05:00:00,1.80529,1.80643,1.80462,1.80616,0,0
2014-10-23,06:00:00,1.80615,1.80632,1.80533,1.80617,0,0
2014-10-23,07:00:00,1.80617,1.80699,1.80586,1.80623,0,0
2014-10-23,08:00:00,1.80647,1.80687,1.80584,1.80643,0,0
2014-10-23,09:00:00,1.80637,1.80724,1.80537,1.8062,0,0
2014-10-23,10:00:00,1.80603,1.80614,1.80214,1.80277,0,0
2014-10-23,11:00:00,1.80272,1.80471,1.79905,1.80101,0,0
2014-10-23,12:00:00,1.80101,1.80166,1.7975,1.79949,0,0
2014-10-23,13:00:00,1.79931,1.80143,1.79906,1.8001,0,0
2014-10-23,14:00:00,1.80004,1.80111,1.79749,1.7975,0,0
2014-10-23,15:00:00,1.79742,1.80191,1.79562,1.80144,0,0
2014-10-23,16:00:00,1.80145,1.80373,1.79936,1.8002,0,0
2014-10-23,17:00:00,1.80035,1.80321,1.79905,1.80321,0,0
2014-10-23,18:00:00,1.803,1.80356,1.80119,1.80174,0,0
2014-10-23,19:00:00,1.80163,1.80204,1.80075,1.80099,0,0
2014-10-23,20:00:00,1.80091,1.8019,1.80054,1.80148,0,0
2014-10-23,21:00:00,1.80151,1.80165,1.80003,1.80059,0,0
2014-10-23,22:00:00,1.80049,1.80114,1.79863,1.79962,0,0
2014-10-23,23:00:00,1.79946,1.8007,1.79905,1.80007,0,0
2014-10-23,23:59:00,1.79967,1.80081,1.79907,1.7998,0,0
2014-10-24,01:00:00,1.79988,1.80052,1.79902,1.79971,0,0
2014-10-24,02:00:00,1.79971,1.79999,1.79844,1.79854,0,0
2014-10-24,03:00:00,1.79867,1.80077,1.79822,1.80046,0,0
2014-10-24,04:00:00,1.80054,1.80102,1.79917,1.79937,0,0
2014-10-24,05:00:00,1.79937,1.79942,1.79849,1.79856,0,0
2014-10-24,06:00:00,1.79854,1.79862,1.7977,1.79827,0,0
2014-10-24,07:00:00,1.79832,1.79992,1.79826,1.79992,0,0
2014-10-24,08:00:00,1.79991,1.79993,1.79844,1.79902,0,0
2014-10-24,09:00:00,1.79899,1.79986,1.79794,1.79943,0,0
2014-10-24,10:00:00,1.79923,1.80095,1.79745,1.79765,0,0
2014-10-24,11:00:00,1.79765,1.8026,1.79656,1.80154,0,0
2014-10-24,12:00:00,1.80115,1.80137,1.79786,1.79901,0,0
2014-10-24,13:00:00,1.79898,1.80062,1.79822,1.79837,0,0
2014-10-24,14:00:00,1.79833,1.80052,1.79758,1.7989,0,0
2014-10-24,15:00:00,1.79884,1.80084,1.79814,1.79954,0,0
2014-10-24,16:00:00,1.79971,1.80223,1.79721,1.80152,0,0
2014-10-24,17:00:00,1.80156,1.80596,1.80142,1.80502,0,0
2014-10-24,18:00:00,1.80511,1.80541,1.8026,1.80441,0,0
2014-10-24,19:00:00,1.80452,1.8067,1.8045,1.80552,0,0
2014-10-24,20:00:00,1.80524,1.80702,1.80524,1.80579,0,0
2014-10-24,21:00:00,1.80576,1.80695,1.80519,1.8052,0,0
2014-10-24,22:00:00,1.80521,1.80691,1.80474,1.80672,0,0
2014-10-24,23:00:00,1.8067,1.8067,1.80668,1.80668,0,0
2014-10-27,01:00:00,1.80875,1.80928,1.80752,1.80802,0,0
2014-10-27,02:00:00,1.80802,1.8081,1.80719,1.80744,0,0
2014-10-27,03:00:00,1.80743,1.80767,1.8063,1.80695,0,0
2014-10-27,04:00:00,1.80699,1.80718,1.80546,1.80604,0,0
2014-10-27,05:00:00,1.80593,1.80737,1.80558,1.8068,0,0
2014-10-27,06:00:00,1.80685,1.80744,1.80627,1.8066,0,0
2014-10-27,07:00:00,1.80661,1.80684,1.8062,1.80637,0,0
2014-10-27,08:00:00,1.80643,1.80709,1.80545,1.80701,0,0
2014-10-27,09:00:00,1.80698,1.8084,1.8063,1.80819,0,0
2014-10-27,10:00:00,1.80818,1.80842,1.80703,1.80836,0,0
2014-10-27,11:00:00,1.80848,1.80943,1.80762,1.80775,0,0
2014-10-27,12:00:00,1.80761,1.80969,1.80694,1.80969,0,0
2014-10-27,13:00:00,1.80979,1.81074,1.80891,1.80894,0,0
2014-10-27,14:00:00,1.80894,1.81227,1.80887,1.81146,0,0
2014-10-27,15:00:00,1.81149,1.81294,1.81078,1.81201,0,0
2014-10-27,16:00:00,1.81209,1.8134,1.81109,1.81116,0,0
2014-10-27,17:00:00,1.81136,1.8144,1.8112,1.8142,0,0
2014-10-27,18:00:00,1.81429,1.81452,1.81181,1.81181,0,0
2014-10-27,19:00:00,1.81184,1.81349,1.81125,1.8127,0,0
2014-10-27,20:00:00,1.8126,1.81341,1.81209,1.81209,0,0
2014-10-27,21:00:00,1.81218,1.81248,1.81159,1.81193,0,0
2014-10-27,22:00:00,1.81207,1.81297,1.81184,1.81282,0,0
2014-10-27,23:00:00,1.81266,1.81341,1.81235,1.81312,0,0
2014-10-27,23:59:00,1.81303,1.81322,1.81257,1.81273,0,0
2014-10-28,01:00:00,1.81273,1.81388,1.81273,1.81358,0,0
2014-10-28,02:00:00,1.81361,1.81384,1.81195,1.81199,0,0
2014-10-28,03:00:00,1.81219,1.8134,1.81219,1.81321,0,0
2014-10-28,04:00:00,1.81323,1.814,1.81304,1.81375,0,0
2014-10-28,05:00:00,1.81374,1.81378,1.81286,1.81299,0,0
2014-10-28,06:00:00,1.81294,1.81327,1.81276,1.81307,0,0
2014-10-28,07:00:00,1.81307,1.8135,1.81273,1.81274,0,0
2014-10-28,08:00:00,1.81253,1.81271,1.81041,1.81067,0,0
2014-10-28,09:00:00,1.81064,1.81112,1.8095,1.81097,0,0
2014-10-28,10:00:00,1.81097,1.81133,1.8086,1.80881,0,0
2014-10-28,11:00:00,1.80879,1.80902,1.80737,1.80875,0,0
2014-10-28,12:00:00,1.80875,1.80899,1.80674,1.80834,0,0
2014-10-28,13:00:00,1.80837,1.80929,1.80738,1.80847,0,0
2014-10-28,14:00:00,1.8084,1.81374,1.80837,1.81273,0,0
2014-10-28,15:00:00,1.81261,1.81344,1.80931,1.81072,0,0
2014-10-28,16:00:00,1.81097,1.81126,1.80501,1.80624,0,0
2014-10-28,17:00:00,1.80591,1.8066,1.80492,1.80584,0,0
2014-10-28,18:00:00,1.80569,1.8086,1.80562,1.80827,0,0
2014-10-28,19:00:00,1.80827,1.80845,1.80586,1.8062,0,0
2014-10-28,20:00:00,1.8062,1.80659,1.8043,1.80458,0,0
2014-10-28,21:00:00,1.80461,1.80481,1.80195,1.80255,0,0
2014-10-28,22:00:00,1.80249,1.80262,1.80099,1.80113,0,0
2014-10-28,23:00:00,1.80084,1.80227,1.80084,1.8015,0,0
2014-10-28,23:59:00,1.80153,1.80234,1.80131,1.80203,0,0
2014-10-29,01:00:00,1.802,1.80285,1.80162,1.80265,0,0
2014-10-29,02:00:00,1.80268,1.80285,1.80168,1.80202,0,0
2014-10-29,03:00:00,1.80231,1.80231,1.80077,1.80136,0,0
2014-10-29,04:00:00,1.80138,1.8015,1.80074,1.80076,0,0
2014-10-29,05:00:00,1.80076,1.80154,1.80071,1.8014,0,0
2014-10-29,06:00:00,1.8014,1.80177,1.80103,1.80117,0,0
2014-10-29,07:00:00,1.80117,1.80245,1.80099,1.80228,0,0
2014-10-29,08:00:00,1.80223,1.80223,1.80096,1.80096,0,0
2014-10-29,09:00:00,1.80096,1.80251,1.80022,1.80135,0,0
2014-10-29,10:00:00,1.80125,1.80163,1.79927,1.79963,0,0
2014-10-29,11:00:00,1.79957,1.80111,1.79882,1.79994,0,0
2014-10-29,12:00:00,1.8,1.80009,1.79791,1.7991,0,0
2014-10-29,13:00:00,1.79906,1.79926,1.79563,1.79576,0,0
2014-10-29,14:00:00,1.79569,1.79755,1.79512,1.7956,0,0
2014-10-29,15:00:00,1.79546,1.79575,1.79239,1.79509,0,0
2014-10-29,16:00:00,1.7947,1.79946,1.79445,1.79915,0,0
2014-10-29,17:00:00,1.79924,1.8001,1.79754,1.7979,0,0
2014-10-29,18:00:00,1.79815,1.79893,1.7962,1.79732,0,0
2014-10-29,19:00:00,1.79734,1.79773,1.79267,1.79267,0,0
2014-10-29,20:00:00,1.7923,1.79703,1.79184,1.79381,0,0
2014-10-29,21:00:00,1.79387,1.79478,1.7912,1.79121,0,0
2014-10-29,22:00:00,1.79121,1.79373,1.7901,1.79045,0,0
2014-10-29,23:00:00,1.79004,1.7913,1.78939,1.79078,0,0
2014-10-29,23:59:00,1.7909,1.79146,1.79045,1.7907,0,0
2014-10-30,01:00:00,1.79061,1.79172,1.79032,1.79083,0,0
2014-10-30,02:00:00,1.79081,1.7912,1.78673,1.78673,0,0
2014-10-30,03:00:00,1.78673,1.7882,1.78664,1.78736,0,0
2014-10-30,04:00:00,1.78733,1.78898,1.78733,1.78893,0,0
2014-10-30,05:00:00,1.78898,1.78954,1.78852,1.78944,0,0
2014-10-30,06:00:00,1.78944,1.79,1.78901,1.78994,0,0
2014-10-30,07:00:00,1.78998,1.79052,1.78926,1.78959,0,0
2014-10-30,08:00:00,1.78965,1.79131,1.78926,1.79065,0,0
2014-10-30,09:00:00,1.79062,1.79167,1.78966,1.79097,0,0
2014-10-30,10:00:00,1.79101,1.79173,1.78931,1.78941,0,0
2014-10-30,11:00:00,1.78948,1.79195,1.78883,1.79052,0,0
2014-10-30,12:00:00,1.79073,1.79184,1.7901,1.79176,0,0
2014-10-30,13:00:00,1.79176,1.79198,1.78927,1.78948,0,0
2014-10-30,14:00:00,1.78958,1.7897,1.78544,1.78721,0,0
2014-10-30,15:00:00,1.78736,1.791,1.78719,1.79097,0,0
2014-10-30,16:00:00,1.79109,1.79262,1.7906,1.79199,0,0
2014-10-30,17:00:00,1.79215,1.79359,1.79145,1.79291,0,0
2014-10-30,18:00:00,1.79298,1.79443,1.79224,1.7923,0,0
2014-10-30,19:00:00,1.79224,1.79261,1.79024,1.79082,0,0
2014-10-30,20:00:00,1.79083,1.79091,1.78923,1.79085,0,0
2014-10-30,21:00:00,1.79081,1.7914,1.79007,1.79075,0,0
2014-10-30,22:00:00,1.79061,1.79172,1.78992,1.78992,0,0
2014-10-30,23:00:00,1.78905,1.79063,1.78868,1.78997,0,0
2014-10-30,23:59:00,1.78994,1.79084,1.7897,1.79004,0,0
2014-10-31,01:00:00,1.79005,1.79106,1.78971,1.79099,0,0
2014-10-31,02:00:00,1.79106,1.79125,1.79015,1.79106,0,0
2014-10-31,03:00:00,1.79102,1.79109,1.78973,1.78993,0,0
2014-10-31,04:00:00,1.78993,1.79034,1.78952,1.79005,0,0
2014-10-31,05:00:00,1.79005,1.79071,1.78908,1.78958,0,0
2014-10-31,06:00:00,1.78965,1.79109,1.78902,1.79104,0,0
2014-10-31,07:00:00,1.79097,1.79178,1.79008,1.79043,0,0
2014-10-31,08:00:00,1.79041,1.79107,1.7898,1.79031,0,0
2014-10-31,09:00:00,1.79037,1.79228,1.78898,1.79204,0,0
2014-10-31,10:00:00,1.79204,1.79338,1.79097,1.79131,0,0
2014-10-31,11:00:00,1.79113,1.79149,1.78907,1.79007,0,0
2014-10-31,12:00:00,1.79043,1.79232,1.78989,1.79157,0,0
2014-10-31,13:00:00,1.79139,1.79231,1.79021,1.7904,0,0
2014-10-31,14:00:00,1.7902,1.80086,1.78984,1.79946,0,0
2014-10-31,15:00:00,1.79924,1.8011,1.79778,1.79938,0,0
2014-10-31,16:00:00,1.79938,1.80892,1.79938,1.80761,0,0
2014-10-31,17:00:00,1.80757,1.80792,1.80187,1.80348,0,0
2014-10-31,18:00:00,1.80353,1.80478,1.80276,1.80335,0,0
2014-10-31,19:00:00,1.80326,1.80479,1.80299,1.80358,0,0
2014-10-31,20:00:00,1.80359,1.80523,1.80242,1.80256,0,0
2014-10-31,21:00:00,1.80254,1.80318,1.8014,1.80265,0,0
2014-10-31,22:00:00,1.80242,1.80385,1.8009,1.80166,0,0
2014-10-31,23:00:00,1.80166,1.80166,1.80166,1.80166,0,0
2014-11-03,01:00:00,1.80128,1.8029,1.80115,1.80287,0,0
2014-11-03,02:00:00,1.80272,1.80285,1.79817,1.80042,0,0
2014-11-03,03:00:00,1.80044,1.80287,1.80044,1.8019,0,0
2014-11-03,04:00:00,1.80187,1.80333,1.80177,1.80214,0,0
2014-11-03,05:00:00,1.80214,1.80314,1.802,1.80253,0,0
2014-11-03,06:00:00,1.80256,1.80256,1.80175,1.8021,0,0
2014-11-03,07:00:00,1.80213,1.80264,1.80158,1.80229,0,0
2014-11-03,08:00:00,1.80229,1.80241,1.80143,1.80214,0,0
2014-11-03,09:00:00,1.8022,1.80376,1.80165,1.80259,0,0
2014-11-03,10:00:00,1.80258,1.80451,1.80144,1.80359,0,0
2014-11-03,11:00:00,1.80385,1.80501,1.80231,1.80366,0,0
2014-11-03,12:00:00,1.80366,1.80461,1.8026,1.80427,0,0
2014-11-03,13:00:00,1.80427,1.80615,1.80427,1.80533,0,0
2014-11-03,14:00:00,1.80529,1.80646,1.80494,1.80514,0,0
2014-11-03,15:00:00,1.8052,1.80642,1.80327,1.80568,0,0
2014-11-03,16:00:00,1.80568,1.80695,1.80449,1.8057,0,0
2014-11-03,17:00:00,1.8054,1.81057,1.80506,1.80701,0,0
2014-11-03,18:00:00,1.80704,1.80934,1.80621,1.80934,0,0
2014-11-03,19:00:00,1.80932,1.81508,1.80928,1.81248,0,0
2014-11-03,20:00:00,1.81256,1.81593,1.81248,1.81357,0,0
2014-11-03,21:00:00,1.81357,1.81749,1.81354,1.81575,0,0
2014-11-03,22:00:00,1.81558,1.8159,1.81421,1.81421,0,0
2014-11-03,23:00:00,1.81403,1.8148,1.81316,1.81338,0,0
2014-11-03,23:59:00,1.8136,1.8144,1.81313,1.81345,0,0
2014-11-04,01:00:00,1.81359,1.81464,1.81302,1.81443,0,0
2014-11-04,02:00:00,1.81452,1.8164,1.81429,1.81468,0,0
2014-11-04,03:00:00,1.81471,1.81659,1.81421,1.81632,0,0
2014-11-04,04:00:00,1.81629,1.8163,1.81496,1.81566,0,0
2014-11-04,05:00:00,1.81575,1.81616,1.81462,1.81515,0,0
2014-11-04,06:00:00,1.8152,1.81534,1.81416,1.8145,0,0
2014-11-04,07:00:00,1.81453,1.81531,1.81443,1.81518,0,0
2014-11-04,08:00:00,1.81518,1.81525,1.81354,1.81394,0,0
2014-11-04,09:00:00,1.81391,1.81829,1.81386,1.81829,0,0
2014-11-04,10:00:00,1.81826,1.82137,1.818,1.81941,0,0
2014-11-04,11:00:00,1.8193,1.82151,1.81807,1.8189,0,0
2014-11-04,12:00:00,1.81857,1.82156,1.81807,1.8209,0,0
2014-11-04,13:00:00,1.82075,1.82283,1.81992,1.82198,0,0
2014-11-04,14:00:00,1.82198,1.8255,1.82139,1.82493,0,0
2014-11-04,15:00:00,1.82496,1.82846,1.82317,1.82346,0,0
2014-11-04,16:00:00,1.8234,1.82749,1.82276,1.82698,0,0
2014-11-04,17:00:00,1.8272,1.82854,1.82483,1.82492,0,0
2014-11-04,18:00:00,1.8249,1.82587,1.8211,1.82223,0,0
2014-11-04,19:00:00,1.82223,1.82279,1.82124,1.82245,0,0
2014-11-04,20:00:00,1.82244,1.82362,1.82211,1.82281,0,0
2014-11-04,21:00:00,1.82286,1.82415,1.82216,1.82269,0,0
2014-11-04,22:00:00,1.82264,1.82513,1.82264,1.82513,0,0
2014-11-04,23:00:00,1.82508,1.82551,1.8243,1.82532,0,0
2014-11-04,23:59:00,1.82557,1.82609,1.82377,1.82431,0,0
2014-11-05,01:00:00,1.82443,1.8247,1.82279,1.82311,0,0
2014-11-05,02:00:00,1.8231,1.82388,1.82288,1.82343,0,0
2014-11-05,03:00:00,1.82343,1.82546,1.82336,1.8254,0,0
2014-11-05,04:00:00,1.82533,1.82539,1.82428,1.82483,0,0
2014-11-05,05:00:00,1.82485,1.82502,1.82379,1.82415,0,0
2014-11-05,06:00:00,1.8242,1.82621,1.82408,1.82583,0,0
2014-11-05,07:00:00,1.8259,1.82627,1.82409,1.8247,0,0
2014-11-05,08:00:00,1.82457,1.82618,1.82118,1.82377,0,0
2014-11-05,09:00:00,1.82375,1.82598,1.82366,1.82497,0,0
2014-11-05,10:00:00,1.82498,1.82596,1.82368,1.82551,0,0
2014-11-05,11:00:00,1.82559,1.82611,1.81898,1.81971,0,0
2014-11-05,12:00:00,1.8197,1.82144,1.81638,1.81718,0,0
2014-11-05,13:00:00,1.8172,1.81986,1.81697,1.81966,0,0
2014-11-05,14:00:00,1.81944,1.82063,1.81864,1.81888,0,0
2014-11-05,15:00:00,1.81888,1.82348,1.81799,1.82348,0,0
2014-11-05,16:00:00,1.82367,1.82713,1.82233,1.82479,0,0
2014-11-05,17:00:00,1.82494,1.8265,1.81873,1.81886,0,0
2014-11-05,18:00:00,1.81883,1.82145,1.81819,1.81822,0,0
2014-11-05,19:00:00,1.81823,1.81972,1.81748,1.81889,0,0
2014-11-05,20:00:00,1.81902,1.82166,1.81853,1.8215,0,0
2014-11-05,21:00:00,1.8215,1.82184,1.82067,1.82114,0,0
2014-11-05,22:00:00,1.82108,1.82135,1.81928,1.81958,0,0
2014-11-05,23:00:00,1.81942,1.8201,1.81872,1.81872,0,0
2014-11-05,23:59:00,1.81866,1.81929,1.81815,1.81877,0,0
2014-11-06,01:00:00,1.81877,1.81919,1.81788,1.81888,0,0
2014-11-06,02:00:00,1.81892,1.82003,1.81852,1.8196,0,0
2014-11-06,03:00:00,1.81966,1.82099,1.81966,1.82039,0,0
2014-11-06,04:00:00,1.82039,1.82061,1.8188,1.81997,0,0
2014-11-06,05:00:00,1.81984,1.82141,1.81955,1.82109,0,0
2014-11-06,06:00:00,1.82106,1.82122,1.81906,1.81911,0,0
2014-11-06,07:00:00,1.81919,1.82056,1.81901,1.81934,0,0
2014-11-06,08:00:00,1.81927,1.82118,1.81924,1.82078,0,0
2014-11-06,09:00:00,1.82084,1.82125,1.81997,1.82057,0,0
2014-11-06,10:00:00,1.82048,1.82182,1.81992,1.82073,0,0
2014-11-06,11:00:00,1.82076,1.82209,1.81928,1.81988,0,0
2014-11-06,12:00:00,1.81973,1.82031,1.81689,1.81777,0,0
2014-11-06,13:00:00,1.81782,1.81944,1.81698,1.81828,0,0
2014-11-06,14:00:00,1.81835,1.81879,1.81631,1.81723,0,0
2014-11-06,15:00:00,1.8171,1.81858,1.81463,1.81535,0,0
2014-11-06,16:00:00,1.8152,1.81754,1.81327,1.81459,0,0
2014-11-06,17:00:00,1.81509,1.81971,1.81438,1.8147,0,0
2014-11-06,18:00:00,1.81487,1.81667,1.81159,1.81159,0,0
2014-11-06,19:00:00,1.81175,1.81355,1.81129,1.81187,0,0
2014-11-06,20:00:00,1.81201,1.81224,1.80966,1.80982,0,0
2014-11-06,21:00:00,1.80988,1.81121,1.8086,1.80907,0,0
2014-11-06,22:00:00,1.80903,1.8097,1.80864,1.80889,0,0
2014-11-06,23:00:00,1.80882,1.80957,1.8074,1.8082,0,0
2014-11-06,23:59:00,1.80805,1.80938,1.80749,1.8093,0,0
2014-11-07,01:00:00,1.80905,1.81002,1.80905,1.80998,0,0
2014-11-07,02:00:00,1.80981,1.81059,1.80904,1.80971,0,0
2014-11-07,03:00:00,1.8098,1.81094,1.80932,1.81051,0,0
2014-11-07,04:00:00,1.81051,1.81178,1.81051,1.81131,0,0
2014-11-07,05:00:00,1.81131,1.81154,1.81014,1.81047,0,0
2014-11-07,06:00:00,1.81047,1.81068,1.80946,1.8099,0,0
2014-11-07,07:00:00,1.80993,1.81063,1.80942,1.81063,0,0
2014-11-07,08:00:00,1.81046,1.81193,1.81012,1.81143,0,0
2014-11-07,09:00:00,1.81146,1.8124,1.81056,1.81205,0,0
2014-11-07,10:00:00,1.81205,1.81237,1.80902,1.80925,0,0
2014-11-07,11:00:00,1.80921,1.81122,1.80681,1.8076,0,0
2014-11-07,12:00:00,1.80763,1.80988,1.80747,1.80917,0,0
2014-11-07,13:00:00,1.80936,1.80997,1.80776,1.80997,0,0
2014-11-07,14:00:00,1.80974,1.81097,1.80869,1.80955,0,0
2014-11-07,15:00:00,1.80958,1.81047,1.79407,1.79583,0,0
2014-11-07,16:00:00,1.79586,1.79951,1.79576,1.79805,0,0
2014-11-07,17:00:00,1.79832,1.79881,1.7959,1.79784,0,0
2014-11-07,18:00:00,1.79806,1.80063,1.79791,1.7996,0,0
2014-11-07,19:00:00,1.79961,1.80044,1.79772,1.79802,0,0
2014-11-07,20:00:00,1.79828,1.79877,1.79481,1.79569,0,0
2014-11-07,21:00:00,1.79578,1.79727,1.79506,1.79725,0,0
2014-11-07,22:00:00,1.79718,1.8002,1.79718,1.79885,0,0
2014-11-07,23:00:00,1.79858,1.79858,1.79858,1.79858,0,0
2014-11-10,01:00:00,1.79845,1.79956,1.79691,1.79896,0,0
2014-11-10,02:00:00,1.79882,1.79932,1.79837,1.79837,0,0
2014-11-10,03:00:00,1.79837,1.79967,1.79823,1.79949,0,0
2014-11-10,04:00:00,1.79925,1.80055,1.79878,1.80041,0,0
2014-11-10,05:00:00,1.80044,1.80052,1.79892,1.79897,0,0
2014-11-10,06:00:00,1.79906,1.80006,1.79903,1.79995,0,0
2014-11-10,07:00:00,1.79989,1.80039,1.79917,1.80011,0,0
2014-11-10,08:00:00,1.80017,1.8011,1.79968,1.80037,0,0
2014-11-10,09:00:00,1.80039,1.80148,1.79947,1.80121,0,0
2014-11-10,10:00:00,1.80118,1.80118,1.79909,1.79953,0,0
2014-11-10,11:00:00,1.79956,1.8006,1.79873,1.79945,0,0
2014-11-10,12:00:00,1.79945,1.7999,1.79657,1.79801,0,0
2014-11-10,13:00:00,1.79804,1.79808,1.79653,1.79729,0,0
2014-11-10,14:00:00,1.79782,1.79821,1.79704,1.79746,0,0
2014-11-10,15:00:00,1.79754,1.80017,1.79739,1.79891,0,0
2014-11-10,16:00:00,1.79891,1.79891,1.79655,1.79706,0,0
2014-11-10,17:00:00,1.79706,1.79841,1.79546,1.79731,0,0
2014-11-10,18:00:00,1.79654,1.79997,1.79615,1.79847,0,0
2014-11-10,19:00:00,1.7989,1.80019,1.79875,1.79929,0,0
2014-11-10,20:00:00,1.79981,1.80279,1.79916,1.80241,0,0
2014-11-10,21:00:00,1.80262,1.80408,1.80235,1.80348,0,0
2014-11-10,22:00:00,1.80343,1.80403,1.80228,1.80245,0,0
2014-11-10,23:00:00,1.80254,1.80349,1.80181,1.80264,0,0
2014-11-10,23:59:00,1.80259,1.80289,1.80187,1.80214,0,0
2014-11-11,01:00:00,1.80214,1.80273,1.80189,1.80202,0,0
2014-11-11,02:00:00,1.80209,1.80311,1.80167,1.80272,0,0
2014-11-11,03:00:00,1.80277,1.80379,1.80228,1.80247,0,0
2014-11-11,04:00:00,1.80253,1.80283,1.80221,1.80224,0,0
2014-11-11,05:00:00,1.80222,1.80345,1.80202,1.80342,0,0
2014-11-11,06:00:00,1.80342,1.80379,1.80281,1.80292,0,0
2014-11-11,07:00:00,1.80295,1.80323,1.80245,1.80278,0,0
2014-11-11,08:00:00,1.80278,1.80347,1.80248,1.80345,0,0
2014-11-11,09:00:00,1.80356,1.80442,1.8026,1.80356,0,0
2014-11-11,10:00:00,1.80353,1.80607,1.80349,1.80524,0,0
2014-11-11,11:00:00,1.80526,1.80635,1.80463,1.80552,0,0
2014-11-11,12:00:00,1.80513,1.80683,1.80488,1.80508,0,0
2014-11-11,13:00:00,1.80508,1.8067,1.80482,1.80655,0,0
2014-11-11,14:00:00,1.80649,1.80665,1.80464,1.80472,0,0
2014-11-11,15:00:00,1.80513,1.80597,1.80397,1.80473,0,0
2014-11-11,16:00:00,1.80513,1.80522,1.80088,1.80115,0,0
2014-11-11,17:00:00,1.80075,1.80194,1.79908,1.79977,0,0
2014-11-11,18:00:00,1.79962,1.80229,1.79831,1.80214,0,0
2014-11-11,19:00:00,1.80194,1.80289,1.80035,1.80107,0,0
2014-11-11,20:00:00,1.80104,1.80483,1.80104,1.80439,0,0
2014-11-11,21:00:00,1.80448,1.80542,1.80365,1.80397,0,0
2014-11-11,22:00:00,1.80409,1.80435,1.8027,1.80279,0,0
2014-11-11,23:00:00,1.80279,1.80439,1.80279,1.80377,0,0
2014-11-11,23:59:00,1.80357,1.8055,1.80283,1.80492,0,0
2014-11-12,01:00:00,1.80492,1.80507,1.80427,1.805,0,0
2014-11-12,02:00:00,1.80491,1.80546,1.80426,1.80491,0,0
2014-11-12,03:00:00,1.80491,1.80535,1.80437,1.80524,0,0
2014-11-12,04:00:00,1.80526,1.80586,1.80492,1.80535,0,0
2014-11-12,05:00:00,1.80535,1.80535,1.80467,1.80496,0,0
2014-11-12,06:00:00,1.80494,1.80612,1.80445,1.80588,0,0
2014-11-12,07:00:00,1.80591,1.8071,1.80591,1.80676,0,0
2014-11-12,08:00:00,1.80685,1.80744,1.80559,1.80559,0,0
2014-11-12,09:00:00,1.80586,1.8059,1.80252,1.80311,0,0
2014-11-12,10:00:00,1.80312,1.80486,1.80216,1.80247,0,0
2014-11-12,11:00:00,1.80239,1.8063,1.79997,1.80488,0,0
2014-11-12,12:00:00,1.80464,1.80469,1.79624,1.79731,0,0
2014-11-12,13:00:00,1.79718,1.7979,1.79222,1.79369,0,0
2014-11-12,14:00:00,1.79353,1.79353,1.78878,1.78911,0,0
2014-11-12,15:00:00,1.78911,1.79183,1.78782,1.78832,0,0
2014-11-12,16:00:00,1.78829,1.78942,1.78658,1.78662,0,0
2014-11-12,17:00:00,1.78667,1.78927,1.7837,1.78919,0,0
2014-11-12,18:00:00,1.78896,1.79017,1.78413,1.78435,0,0
2014-11-12,19:00:00,1.78435,1.78435,1.78294,1.78394,0,0
2014-11-12,20:00:00,1.78391,1.78563,1.78335,1.78446,0,0
2014-11-12,21:00:00,1.78449,1.78523,1.78379,1.78415,0,0
2014-11-12,22:00:00,1.78402,1.78671,1.78388,1.78637,0,0
2014-11-12,23:00:00,1.78585,1.78635,1.78496,1.78563,0,0
2014-11-12,23:59:00,1.78563,1.78563,1.78382,1.78484,0,0
2014-11-13,01:00:00,1.78488,1.78532,1.78452,1.78529,0,0
2014-11-13,02:00:00,1.78529,1.78553,1.78447,1.7849,0,0
2014-11-13,03:00:00,1.78487,1.78516,1.78402,1.78416,0,0
2014-11-13,04:00:00,1.78416,1.78488,1.7834,1.78458,0,0
2014-11-13,05:00:00,1.78459,1.78539,1.78445,1.78489,0,0
2014-11-13,06:00:00,1.78487,1.78518,1.78431,1.78465,0,0
2014-11-13,07:00:00,1.78471,1.78572,1.7845,1.78558,0,0
2014-11-13,08:00:00,1.78548,1.78648,1.78548,1.78635,0,0
2014-11-13,09:00:00,1.78635,1.78639,1.78515,1.78555,0,0
2014-11-13,10:00:00,1.78572,1.78613,1.78282,1.78337,0,0
2014-11-13,11:00:00,1.78327,1.78395,1.78225,1.7828,0,0
2014-11-13,12:00:00,1.78285,1.78321,1.78176,1.78219,0,0
2014-11-13,13:00:00,1.78219,1.7831,1.78128,1.78147,0,0
2014-11-13,14:00:00,1.78146,1.78201,1.78008,1.78171,0,0
2014-11-13,15:00:00,1.78166,1.78391,1.78068,1.78231,0,0
2014-11-13,16:00:00,1.78195,1.7854,1.7803,1.78511,0,0
2014-11-13,17:00:00,1.78511,1.78654,1.78384,1.78427,0,0
2014-11-13,18:00:00,1.78427,1.7872,1.78327,1.78359,0,0
2014-11-13,19:00:00,1.78359,1.78578,1.78338,1.78547,0,0
2014-11-13,20:00:00,1.78547,1.7856,1.78367,1.78521,0,0
2014-11-13,21:00:00,1.78518,1.78727,1.78495,1.7863,0,0
2014-11-13,22:00:00,1.7863,1.78705,1.78537,1.78687,0,0
2014-11-13,23:00:00,1.78679,1.78913,1.78556,1.78556,0,0
2014-11-13,23:59:00,1.78556,1.78671,1.78483,1.78595,0,0
2014-11-14,01:00:00,1.78574,1.78749,1.7853,1.787,0,0
2014-11-14,02:00:00,1.787,1.78756,1.78512,1.78576,0,0
2014-11-14,03:00:00,1.78578,1.78594,1.78472,1.78483,0,0
2014-11-14,04:00:00,1.78475,1.78531,1.78408,1.78457,0,0
2014-11-14,05:00:00,1.78452,1.78604,1.78418,1.78479,0,0
2014-11-14,06:00:00,1.78479,1.78488,1.78317,1.78365,0,0
2014-11-14,07:00:00,1.78358,1.7842,1.78248,1.78374,0,0
2014-11-14,08:00:00,1.78386,1.78404,1.7827,1.78345,0,0
2014-11-14,09:00:00,1.7837,1.78529,1.78324,1.78384,0,0
2014-11-14,10:00:00,1.78364,1.78477,1.78208,1.78358,0,0
2014-11-14,11:00:00,1.78358,1.78507,1.78148,1.78157,0,0
2014-11-14,12:00:00,1.78152,1.78189,1.77991,1.78022,0,0
2014-11-14,13:00:00,1.78022,1.7814,1.77733,1.77843,0,0
2014-11-14,14:00:00,1.77846,1.78156,1.77836,1.78139,0,0
2014-11-14,15:00:00,1.78149,1.78224,1.77553,1.77612,0,0
2014-11-14,16:00:00,1.77609,1.77633,1.76882,1.77006,0,0
2014-11-14,17:00:00,1.77006,1.77157,1.76812,1.77122,0,0
2014-11-14,18:00:00,1.77084,1.77214,1.76723,1.76817,0,0
2014-11-14,19:00:00,1.76802,1.76976,1.76658,1.76683,0,0
2014-11-14,20:00:00,1.76788,1.77008,1.76754,1.76971,0,0
2014-11-14,21:00:00,1.76964,1.76979,1.76743,1.76902,0,0
2014-11-14,22:00:00,1.76903,1.76914,1.76645,1.76696,0,0
2014-11-14,23:00:00,1.76698,1.76699,1.76698,1.76699,0,0
2014-11-17,01:00:00,1.76891,1.76909,1.76794,1.76817,0,0
2014-11-17,02:00:00,1.76817,1.77002,1.76799,1.76953,0,0
2014-11-17,03:00:00,1.76953,1.77064,1.76875,1.77051,0,0
2014-11-17,04:00:00,1.76996,1.77316,1.76959,1.77188,0,0
2014-11-17,05:00:00,1.77186,1.77302,1.77124,1.7722,0,0
2014-11-17,06:00:00,1.77224,1.77386,1.77211,1.77374,0,0
2014-11-17,07:00:00,1.77376,1.77376,1.77197,1.7726,0,0
2014-11-17,08:00:00,1.7726,1.77297,1.77223,1.77239,0,0
2014-11-17,09:00:00,1.77245,1.77274,1.76938,1.7696,0,0
2014-11-17,10:00:00,1.76957,1.76963,1.76763,1.76916,0,0
2014-11-17,11:00:00,1.76937,1.76945,1.76667,1.76747,0,0
2014-11-17,12:00:00,1.76746,1.76887,1.76732,1.76841,0,0
2014-11-17,13:00:00,1.76841,1.77047,1.76818,1.76871,0,0
2014-11-17,14:00:00,1.76858,1.7696,1.7684,1.76856,0,0
2014-11-17,15:00:00,1.76856,1.77126,1.76775,1.77113,0,0
2014-11-17,16:00:00,1.77113,1.77225,1.7686,1.77036,0,0
2014-11-17,17:00:00,1.76994,1.77099,1.7682,1.76975,0,0
2014-11-17,18:00:00,1.77019,1.77135,1.76897,1.76897,0,0
2014-11-17,19:00:00,1.76897,1.7699,1.76743,1.76783,0,0
2014-11-17,20:00:00,1.76771,1.76839,1.76667,1.76689,0,0
2014-11-17,21:00:00,1.76689,1.7695,1.76667,1.76857,0,0
2014-11-17,22:00:00,1.76857,1.76866,1.76646,1.76662,0,0
2014-11-17,23:00:00,1.76659,1.76846,1.76659,1.76841,0,0
2014-11-17,23:59:00,1.76841,1.76841,1.7662,1.76629,0,0
2014-11-18,01:00:00,1.76631,1.76688,1.76612,1.76637,0,0
2014-11-18,02:00:00,1.76637,1.76671,1.76547,1.76591,0,0
2014-11-18,03:00:00,1.76594,1.76673,1.76594,1.76673,0,0
2014-11-18,04:00:00,1.76669,1.76687,1.76578,1.76656,0,0
2014-11-18,05:00:00,1.76656,1.76665,1.76496,1.7651,0,0
2014-11-18,06:00:00,1.76514,1.76558,1.76488,1.76493,0,0
2014-11-18,07:00:00,1.76508,1.76515,1.76432,1.76457,0,0
2014-11-18,08:00:00,1.76451,1.76586,1.76364,1.76367,0,0
2014-11-18,09:00:00,1.76367,1.76466,1.76217,1.7645,0,0
2014-11-18,10:00:00,1.76453,1.76556,1.76351,1.76435,0,0
2014-11-18,11:00:00,1.76431,1.76666,1.76148,1.76591,0,0
2014-11-18,12:00:00,1.76591,1.7675,1.76484,1.76678,0,0
2014-11-18,13:00:00,1.76682,1.76814,1.76608,1.76764,0,0
2014-11-18,14:00:00,1.76771,1.76771,1.76619,1.76635,0,0
2014-11-18,15:00:00,1.76628,1.76936,1.76609,1.76713,0,0
2014-11-18,16:00:00,1.76696,1.77089,1.76696,1.77045,0,0
2014-11-18,17:00:00,1.7705,1.77155,1.76644,1.76783,0,0
2014-11-18,18:00:00,1.76821,1.77053,1.76791,1.76882,0,0
2014-11-18,19:00:00,1.76879,1.77048,1.76829,1.7685,0,0
2014-11-18,20:00:00,1.76846,1.76874,1.76707,1.76728,0,0
2014-11-18,21:00:00,1.76721,1.76724,1.76593,1.76659,0,0
2014-11-18,22:00:00,1.76599,1.76712,1.76587,1.76588,0,0
2014-11-18,23:00:00,1.76588,1.76684,1.76566,1.76568,0,0
2014-11-18,23:59:00,1.76568,1.76631,1.7652,1.76549,0,0
2014-11-19,01:00:00,1.7656,1.76956,1.7656,1.76901,0,0
2014-11-19,02:00:00,1.769,1.76952,1.76724,1.76729,0,0
2014-11-19,03:00:00,1.76731,1.76831,1.76729,1.76784,0,0
2014-11-19,04:00:00,1.76789,1.76855,1.76723,1.76828,0,0
2014-11-19,05:00:00,1.76828,1.76914,1.76756,1.76847,0,0
2014-11-19,06:00:00,1.76847,1.76924,1.76798,1.76843,0,0
2014-11-19,07:00:00,1.76839,1.76938,1.76822,1.76906,0,0
2014-11-19,08:00:00,1.76906,1.76938,1.76759,1.7686,0,0
2014-11-19,09:00:00,1.76888,1.76998,1.76808,1.76891,0,0
2014-11-19,10:00:00,1.76891,1.7693,1.76781,1.76878,0,0
2014-11-19,11:00:00,1.7683,1.77568,1.7673,1.77426,0,0
2014-11-19,12:00:00,1.77429,1.77835,1.77423,1.77835,0,0
2014-11-19,13:00:00,1.77817,1.77872,1.77593,1.77838,0,0
2014-11-19,14:00:00,1.77827,1.77897,1.77692,1.77798,0,0
2014-11-19,15:00:00,1.77798,1.78031,1.77776,1.77958,0,0
2014-11-19,16:00:00,1.77958,1.77983,1.77658,1.77672,0,0
2014-11-19,17:00:00,1.77688,1.77749,1.77477,1.77655,0,0
2014-11-19,18:00:00,1.77596,1.77918,1.77566,1.7781,0,0
2014-11-19,19:00:00,1.77809,1.77955,1.77722,1.77859,0,0
2014-11-19,20:00:00,1.77854,1.77998,1.77741,1.77741,0,0
2014-11-19,21:00:00,1.77704,1.77949,1.7751,1.77758,0,0
2014-11-19,22:00:00,1.77754,1.77951,1.77747,1.77898,0,0
2014-11-19,23:00:00,1.77912,1.77912,1.77761,1.77823,0,0
2014-11-19,23:59:00,1.77823,1.77901,1.7779,1.77874,0,0
2014-11-20,01:00:00,1.77874,1.77938,1.77787,1.77849,0,0
2014-11-20,02:00:00,1.77856,1.7791,1.77773,1.77822,0,0
2014-11-20,03:00:00,1.77816,1.7791,1.77812,1.77831,0,0
2014-11-20,04:00:00,1.77852,1.7786,1.77764,1.77839,0,0
2014-11-20,05:00:00,1.77839,1.77892,1.77797,1.77829,0,0
2014-11-20,06:00:00,1.77829,1.77917,1.77773,1.77803,0,0
2014-11-20,07:00:00,1.77837,1.77909,1.77788,1.77798,0,0
2014-11-20,08:00:00,1.77798,1.77823,1.77707,1.77739,0,0
2014-11-20,09:00:00,1.77736,1.7782,1.77619,1.77753,0,0
2014-11-20,10:00:00,1.77773,1.77789,1.7758,1.77726,0,0
2014-11-20,11:00:00,1.77709,1.78016,1.77566,1.77821,0,0
2014-11-20,12:00:00,1.77824,1.77832,1.77491,1.77728,0,0
2014-11-20,13:00:00,1.77728,1.77816,1.77626,1.77785,0,0
2014-11-20,14:00:00,1.77797,1.77848,1.77624,1.7781,0,0
2014-11-20,15:00:00,1.7781,1.77829,1.77499,1.77655,0,0
2014-11-20,16:00:00,1.77655,1.77969,1.77614,1.77795,0,0
2014-11-20,17:00:00,1.77795,1.77806,1.77486,1.77489,0,0
2014-11-20,18:00:00,1.77489,1.77489,1.7721,1.77312,0,0
2014-11-20,19:00:00,1.7736,1.77372,1.77195,1.77207,0,0
2014-11-20,20:00:00,1.77218,1.77537,1.7721,1.77398,0,0
2014-11-20,21:00:00,1.77398,1.77448,1.77315,1.77411,0,0
2014-11-20,22:00:00,1.77411,1.77499,1.77297,1.77428,0,0
2014-11-20,23:00:00,1.77429,1.77473,1.77321,1.77366,0,0
2014-11-20,23:59:00,1.77345,1.77486,1.77327,1.77468,0,0
2014-11-21,01:00:00,1.7746,1.77497,1.77342,1.77459,0,0
2014-11-21,02:00:00,1.7746,1.77492,1.77371,1.77465,0,0
2014-11-21,03:00:00,1.77465,1.77508,1.77374,1.77482,0,0
2014-11-21,04:00:00,1.77465,1.77508,1.77408,1.77498,0,0
2014-11-21,05:00:00,1.775,1.77549,1.77452,1.77478,0,0
2014-11-21,06:00:00,1.77478,1.77491,1.77388,1.77442,0,0
2014-11-21,07:00:00,1.77442,1.77486,1.77363,1.77419,0,0
2014-11-21,08:00:00,1.77438,1.77448,1.77318,1.77351,0,0
2014-11-21,09:00:00,1.77352,1.77474,1.77279,1.77429,0,0
2014-11-21,10:00:00,1.77429,1.77469,1.77037,1.7704,0,0
2014-11-21,11:00:00,1.77042,1.77236,1.76998,1.7705,0,0
2014-11-21,12:00:00,1.77014,1.77213,1.76727,1.76939,0,0
2014-11-21,13:00:00,1.76939,1.76939,1.76335,1.7668,0,0
2014-11-21,14:00:00,1.76694,1.7688,1.76378,1.76394,0,0
2014-11-21,15:00:00,1.76394,1.7661,1.75428,1.75785,0,0
2014-11-21,16:00:00,1.75785,1.76225,1.75583,1.75765,0,0
2014-11-21,17:00:00,1.75877,1.76058,1.75567,1.75965,0,0
2014-11-21,18:00:00,1.75969,1.76134,1.75945,1.76071,0,0
2014-11-21,19:00:00,1.76037,1.76093,1.7571,1.75847,0,0
2014-11-21,20:00:00,1.75832,1.76027,1.75828,1.75916,0,0
2014-11-21,21:00:00,1.75902,1.75919,1.75682,1.75839,0,0
2014-11-21,22:00:00,1.7584,1.75958,1.7576,1.75958,0,0
2014-11-21,23:00:00,1.75944,1.75944,1.75912,1.75939,0,0
2014-11-24,01:00:00,1.75811,1.75899,1.7566,1.75671,0,0
2014-11-24,02:00:00,1.75669,1.75747,1.7563,1.75703,0,0
2014-11-24,03:00:00,1.75705,1.75799,1.75623,1.75703,0,0
2014-11-24,04:00:00,1.75703,1.75775,1.7567,1.75762,0,0
2014-11-24,05:00:00,1.75762,1.75838,1.75682,1.7583,0,0
2014-11-24,06:00:00,1.7583,1.75831,1.75718,1.75807,0,0
2014-11-24,07:00:00,1.75809,1.7586,1.75781,1.75808,0,0
2014-11-24,08:00:00,1.7581,1.75895,1.75785,1.75867,0,0
2014-11-24,09:00:00,1.75866,1.76009,1.7582,1.75941,0,0
2014-11-24,10:00:00,1.75917,1.75928,1.75718,1.75852,0,0
2014-11-24,11:00:00,1.75844,1.75885,1.7565,1.75755,0,0
2014-11-24,12:00:00,1.7576,1.75958,1.7569,1.75909,0,0
2014-11-24,13:00:00,1.75909,1.76367,1.75817,1.76325,0,0
2014-11-24,14:00:00,1.76325,1.7648,1.76294,1.76429,0,0
2014-11-24,15:00:00,1.76426,1.76429,1.7625,1.7626,0,0
2014-11-24,16:00:00,1.76261,1.76645,1.7618,1.76586,0,0
2014-11-24,17:00:00,1.76577,1.76971,1.76577,1.76952,0,0
2014-11-24,18:00:00,1.76954,1.7706,1.76868,1.77032,0,0
2014-11-24,19:00:00,1.7703,1.77544,1.7703,1.77132,0,0
2014-11-24,20:00:00,1.77155,1.77362,1.77148,1.77232,0,0
2014-11-24,21:00:00,1.77246,1.77349,1.77192,1.77288,0,0
2014-11-24,22:00:00,1.77286,1.77409,1.77233,1.77238,0,0
2014-11-24,23:00:00,1.77231,1.77279,1.77109,1.77115,0,0
2014-11-24,23:59:00,1.7709,1.77286,1.7709,1.77168,0,0
2014-11-25,01:00:00,1.77159,1.77213,1.77125,1.77164,0,0
2014-11-25,02:00:00,1.77166,1.77206,1.77047,1.77146,0,0
2014-11-25,03:00:00,1.7715,1.77157,1.77019,1.77088,0,0
2014-11-25,04:00:00,1.77085,1.7714,1.76988,1.77105,0,0
2014-11-25,05:00:00,1.77084,1.77095,1.76944,1.76944,0,0
2014-11-25,06:00:00,1.76947,1.76975,1.76888,1.76968,0,0
2014-11-25,07:00:00,1.76968,1.77039,1.76929,1.77011,0,0
2014-11-25,08:00:00,1.77011,1.77117,1.76973,1.77046,0,0
2014-11-25,09:00:00,1.77043,1.77162,1.76868,1.77048,0,0
2014-11-25,10:00:00,1.77041,1.77221,1.76751,1.77194,0,0
2014-11-25,11:00:00,1.77184,1.77353,1.77129,1.77268,0,0
2014-11-25,12:00:00,1.77251,1.77338,1.77048,1.77056,0,0
2014-11-25,13:00:00,1.77055,1.77071,1.76694,1.76771,0,0
2014-11-25,14:00:00,1.76759,1.76838,1.76547,1.76631,0,0
2014-11-25,15:00:00,1.7663,1.76742,1.76428,1.76608,0,0
2014-11-25,16:00:00,1.76632,1.76659,1.76338,1.76528,0,0
2014-11-25,17:00:00,1.76575,1.76903,1.76509,1.76897,0,0
2014-11-25,18:00:00,1.76897,1.77138,1.7681,1.769,0,0
2014-11-25,19:00:00,1.76907,1.76916,1.76509,1.76537,0,0
2014-11-25,20:00:00,1.76539,1.76757,1.7653,1.76586,0,0
2014-11-25,21:00:00,1.76593,1.76759,1.76565,1.76742,0,0
2014-11-25,22:00:00,1.7675,1.76914,1.76699,1.76739,0,0
2014-11-25,23:00:00,1.76734,1.76797,1.76673,1.76797,0,0
2014-11-25,23:59:00,1.7681,1.76841,1.76718,1.7678,0,0
2014-11-26,01:00:00,1.76774,1.76839,1.76753,1.76798,0,0
2014-11-26,02:00:00,1.76795,1.7693,1.76757,1.76915,0,0
2014-11-26,03:00:00,1.76915,1.76993,1.769,1.76932,0,0
2014-11-26,04:00:00,1.76932,1.76954,1.76861,1.76897,0,0
2014-11-26,05:00:00,1.76898,1.76922,1.76796,1.76803,0,0
2014-11-26,06:00:00,1.76803,1.76847,1.76769,1.7682,0,0
2014-11-26,07:00:00,1.76814,1.76851,1.76762,1.76842,0,0
2014-11-26,08:00:00,1.76842,1.76901,1.76797,1.76828,0,0
2014-11-26,09:00:00,1.76829,1.76964,1.76706,1.769,0,0
2014-11-26,10:00:00,1.76898,1.77239,1.76873,1.77035,0,0
2014-11-26,11:00:00,1.77069,1.77203,1.76816,1.77043,0,0
2014-11-26,12:00:00,1.77046,1.77716,1.76924,1.77394,0,0
2014-11-26,13:00:00,1.77398,1.77546,1.77195,1.77347,0,0
2014-11-26,14:00:00,1.77348,1.77808,1.77348,1.77687,0,0
2014-11-26,15:00:00,1.77667,1.77793,1.77423,1.77706,0,0
2014-11-26,16:00:00,1.77714,1.77737,1.77389,1.77495,0,0
2014-11-26,17:00:00,1.77531,1.77583,1.77246,1.77326,0,0
2014-11-26,18:00:00,1.77364,1.77424,1.77272,1.77329,0,0
2014-11-26,19:00:00,1.77327,1.77436,1.77292,1.77296,0,0
2014-11-26,20:00:00,1.77284,1.77501,1.77284,1.77418,0,0
2014-11-26,21:00:00,1.77414,1.77464,1.77331,1.77337,0,0
2014-11-26,22:00:00,1.77335,1.77503,1.77335,1.77414,0,0
2014-11-26,23:00:00,1.77417,1.77624,1.77388,1.77554,0,0
2014-11-26,23:59:00,1.77565,1.77677,1.77504,1.77642,0,0
2014-11-27,01:00:00,1.77638,1.77697,1.77568,1.77628,0,0
2014-11-27,02:00:00,1.77628,1.77738,1.77599,1.77729,0,0
2014-11-27,03:00:00,1.77729,1.77762,1.77598,1.77598,0,0
2014-11-27,04:00:00,1.77598,1.77681,1.77539,1.77552,0,0
2014-11-27,05:00:00,1.77536,1.7786,1.77524,1.77707,0,0
2014-11-27,06:00:00,1.77721,1.77833,1.77699,1.77767,0,0
2014-11-27,07:00:00,1.77767,1.77807,1.77623,1.77667,0,0
2014-11-27,08:00:00,1.77687,1.77812,1.77678,1.77758,0,0
2014-11-27,09:00:00,1.77759,1.77976,1.77675,1.7771,0,0
2014-11-27,10:00:00,1.7771,1.77764,1.77486,1.77718,0,0
2014-11-27,11:00:00,1.77723,1.77733,1.77464,1.77585,0,0
2014-11-27,12:00:00,1.77581,1.77775,1.77581,1.77631,0,0
2014-11-27,13:00:00,1.77631,1.77725,1.77345,1.77369,0,0
2014-11-27,14:00:00,1.77363,1.77442,1.77114,1.77236,0,0
2014-11-27,15:00:00,1.77219,1.77321,1.76851,1.76937,0,0
2014-11-27,16:00:00,1.76941,1.77682,1.76925,1.77577,0,0
2014-11-27,17:00:00,1.77594,1.78407,1.77571,1.7803,0,0
2014-11-27,18:00:00,1.77996,1.78454,1.77932,1.78182,0,0
2014-11-27,19:00:00,1.78193,1.78365,1.78094,1.78307,0,0
2014-11-27,20:00:00,1.78285,1.78443,1.78265,1.78383,0,0
2014-11-27,21:00:00,1.78377,1.78433,1.78318,1.78414,0,0
2014-11-27,22:00:00,1.78431,1.78463,1.78293,1.7834,0,0
2014-11-27,23:00:00,1.78329,1.78336,1.78207,1.78234,0,0
2014-11-27,23:59:00,1.78234,1.78341,1.78199,1.78246,0,0
2014-11-28,01:00:00,1.7825,1.78306,1.78193,1.78272,0,0
2014-11-28,02:00:00,1.78265,1.78308,1.78158,1.78258,0,0
2014-11-28,03:00:00,1.78249,1.78335,1.78224,1.78248,0,0
2014-11-28,04:00:00,1.78248,1.78274,1.78183,1.78203,0,0
2014-11-28,05:00:00,1.78194,1.78266,1.78155,1.7822,0,0
2014-11-28,06:00:00,1.78222,1.783,1.78182,1.78294,0,0
2014-11-28,07:00:00,1.78291,1.783,1.78196,1.78206,0,0
2014-11-28,08:00:00,1.78207,1.78336,1.78148,1.78314,0,0
2014-11-28,09:00:00,1.78314,1.78375,1.78192,1.7834,0,0
2014-11-28,10:00:00,1.78342,1.78654,1.78229,1.78612,0,0
2014-11-28,11:00:00,1.78599,1.7888,1.78566,1.78569,0,0
2014-11-28,12:00:00,1.78555,1.78937,1.78546,1.78651,0,0
2014-11-28,13:00:00,1.78651,1.78727,1.7836,1.78721,0,0
2014-11-28,14:00:00,1.78723,1.79094,1.78723,1.78953,0,0
2014-11-28,15:00:00,1.78963,1.79249,1.78391,1.79117,0,0
2014-11-28,16:00:00,1.79112,1.79267,1.78636,1.78812,0,0
2014-11-28,17:00:00,1.78807,1.79051,1.7853,1.78533,0,0
2014-11-28,18:00:00,1.78529,1.78679,1.78402,1.78631,0,0
2014-11-28,19:00:00,1.78631,1.7876,1.78457,1.78593,0,0
2014-11-28,20:00:00,1.78645,1.78666,1.78366,1.78653,0,0
2014-11-28,21:00:00,1.78657,1.78693,1.78428,1.7849,0,0
2014-11-28,22:00:00,1.78495,1.78817,1.78469,1.78793,0,0
2014-11-28,23:00:00,1.78799,1.78874,1.78752,1.78762,0,0
2014-12-01,01:00:00,1.7865,1.78853,1.78591,1.78756,0,0
2014-12-01,02:00:00,1.7875,1.78858,1.78532,1.78697,0,0
2014-12-01,03:00:00,1.78691,1.7877,1.78499,1.78648,0,0
2014-12-01,04:00:00,1.78651,1.78655,1.78403,1.78419,0,0
2014-12-01,05:00:00,1.78422,1.7855,1.78422,1.78477,0,0
2014-12-01,06:00:00,1.78471,1.78471,1.78361,1.78382,0,0
2014-12-01,07:00:00,1.78384,1.78495,1.78376,1.78457,0,0
2014-12-01,08:00:00,1.78457,1.78691,1.78442,1.78691,0,0
2014-12-01,09:00:00,1.78694,1.78806,1.78495,1.78523,0,0
2014-12-01,10:00:00,1.78512,1.78994,1.78409,1.78687,0,0
2014-12-01,11:00:00,1.78739,1.79174,1.78701,1.78859,0,0
2014-12-01,12:00:00,1.78882,1.79334,1.78882,1.79279,0,0
2014-12-01,13:00:00,1.79273,1.79398,1.79174,1.79174,0,0
2014-12-01,14:00:00,1.79163,1.79189,1.78894,1.79068,0,0
2014-12-01,15:00:00,1.79064,1.79306,1.78861,1.79134,0,0
2014-12-01,16:00:00,1.79122,1.79157,1.78899,1.78988,0,0
2014-12-01,17:00:00,1.78909,1.7914,1.78674,1.78878,0,0
2014-12-01,18:00:00,1.78862,1.78878,1.78466,1.7853,0,0
2014-12-01,19:00:00,1.78516,1.78614,1.78287,1.7847,0,0
2014-12-01,20:00:00,1.78482,1.78541,1.78288,1.78337,0,0
2014-12-01,21:00:00,1.78325,1.78434,1.78055,1.78094,0,0
2014-12-01,22:00:00,1.78108,1.78295,1.78103,1.78229,0,0
2014-12-01,23:00:00,1.78231,1.78243,1.78046,1.78108,0,0
2014-12-01,23:59:00,1.78161,1.78175,1.7805,1.7806,0,0
2014-12-02,01:00:00,1.7805,1.78122,1.78015,1.78077,0,0
2014-12-02,02:00:00,1.78075,1.78177,1.78001,1.78156,0,0
2014-12-02,03:00:00,1.78156,1.78236,1.78099,1.78205,0,0
2014-12-02,04:00:00,1.78201,1.78201,1.78088,1.78108,0,0
2014-12-02,05:00:00,1.7811,1.7816,1.78052,1.78126,0,0
2014-12-02,06:00:00,1.78126,1.78126,1.78038,1.78049,0,0
2014-12-02,07:00:00,1.78051,1.78126,1.7802,1.7807,0,0
2014-12-02,08:00:00,1.78076,1.78237,1.78022,1.78237,0,0
2014-12-02,09:00:00,1.78236,1.78257,1.77915,1.77985,0,0
2014-12-02,10:00:00,1.77974,1.78347,1.77974,1.78207,0,0
2014-12-02,11:00:00,1.78208,1.78301,1.77983,1.78141,0,0
2014-12-02,12:00:00,1.7815,1.7855,1.78109,1.78204,0,0
2014-12-02,13:00:00,1.78206,1.78287,1.78066,1.78117,0,0
2014-12-02,14:00:00,1.78138,1.78168,1.77897,1.78049,0,0
2014-12-02,15:00:00,1.78035,1.78068,1.7777,1.78048,0,0
2014-12-02,16:00:00,1.78051,1.78612,1.77926,1.78387,0,0
2014-12-02,17:00:00,1.78394,1.78606,1.78172,1.78188,0,0
2014-12-02,18:00:00,1.78204,1.78355,1.78071,1.7833,0,0
2014-12-02,19:00:00,1.78319,1.78395,1.7811,1.78148,0,0
2014-12-02,20:00:00,1.78155,1.78323,1.78155,1.78238,0,0
2014-12-02,21:00:00,1.78235,1.78377,1.78083,1.78312,0,0
2014-12-02,22:00:00,1.78309,1.78365,1.78147,1.78167,0,0
2014-12-02,23:00:00,1.7814,1.78372,1.7812,1.78323,0,0
2014-12-02,23:59:00,1.78308,1.78373,1.78258,1.78325,0,0
2014-12-03,01:00:00,1.7833,1.78386,1.78278,1.7835,0,0
2014-12-03,02:00:00,1.78356,1.78443,1.78259,1.78432,0,0
2014-12-03,03:00:00,1.78444,1.78451,1.78249,1.78264,0,0
2014-12-03,04:00:00,1.78266,1.78321,1.78193,1.7826,0,0
2014-12-03,05:00:00,1.78269,1.78293,1.78156,1.78227,0,0
2014-12-03,06:00:00,1.78224,1.78272,1.78164,1.78204,0,0
2014-12-03,07:00:00,1.78204,1.78271,1.78178,1.7824,0,0
2014-12-03,08:00:00,1.78253,1.78253,1.78152,1.7818,0,0
2014-12-03,09:00:00,1.7818,1.78225,1.78011,1.78083,0,0
2014-12-03,10:00:00,1.78084,1.78215,1.7785,1.78176,0,0
2014-12-03,11:00:00,1.78164,1.78268,1.77912,1.7792,0,0
2014-12-03,12:00:00,1.77917,1.78327,1.77915,1.78286,0,0
2014-12-03,13:00:00,1.78282,1.78379,1.78134,1.78173,0,0
2014-12-03,14:00:00,1.78176,1.78506,1.78175,1.78424,0,0
2014-12-03,15:00:00,1.78432,1.78561,1.78289,1.78523,0,0
2014-12-03,16:00:00,1.78522,1.78936,1.7839,1.78615,0,0
2014-12-03,17:00:00,1.78479,1.78972,1.78046,1.78435,0,0
2014-12-03,18:00:00,1.78418,1.78475,1.78275,1.78322,0,0
2014-12-03,19:00:00,1.78298,1.78571,1.78221,1.78474,0,0
2014-12-03,20:00:00,1.78475,1.78477,1.78129,1.78251,0,0
2014-12-03,21:00:00,1.7825,1.78293,1.78114,1.78204,0,0
2014-12-03,22:00:00,1.78205,1.78291,1.78162,1.78226,0,0
2014-12-03,23:00:00,1.78227,1.78295,1.78214,1.78218,0,0
2014-12-03,23:59:00,1.78205,1.78346,1.78176,1.78309,0,0
2014-12-04,01:00:00,1.78306,1.78331,1.78249,1.78292,0,0
2014-12-04,02:00:00,1.78284,1.78332,1.78138,1.78219,0,0
2014-12-04,03:00:00,1.78219,1.78223,1.78103,1.782,0,0
2014-12-04,04:00:00,1.78194,1.78305,1.78171,1.78258,0,0
2014-12-04,05:00:00,1.78258,1.78291,1.78222,1.78283,0,0
2014-12-04,06:00:00,1.78281,1.78287,1.78113,1.78193,0,0
2014-12-04,07:00:00,1.78192,1.78241,1.7814,1.78212,0,0
2014-12-04,08:00:00,1.78213,1.78257,1.78162,1.78177,0,0
2014-12-04,09:00:00,1.78185,1.78203,1.7785,1.78066,0,0
2014-12-04,10:00:00,1.7806,1.78136,1.77975,1.78049,0,0
2014-12-04,11:00:00,1.78068,1.78122,1.77939,1.78022,0,0
2014-12-04,12:00:00,1.78015,1.78283,1.78012,1.78283,0,0
2014-12-04,13:00:00,1.7829,1.783,1.77887,1.77971,0,0
2014-12-04,14:00:00,1.77985,1.78088,1.77775,1.77863,0,0
2014-12-04,15:00:00,1.7785,1.78338,1.7777,1.78222,0,0
2014-12-04,16:00:00,1.78245,1.78502,1.78089,1.78231,0,0
2014-12-04,17:00:00,1.78288,1.78607,1.78081,1.78507,0,0
2014-12-04,18:00:00,1.78546,1.78849,1.78508,1.78588,0,0
2014-12-04,19:00:00,1.78584,1.78584,1.78242,1.78318,0,0
2014-12-04,20:00:00,1.78334,1.7839,1.78242,1.78324,0,0
2014-12-04,21:00:00,1.78323,1.78423,1.78301,1.78403,0,0
2014-12-04,22:00:00,1.78393,1.7843,1.78243,1.78266,0,0
2014-12-04,23:00:00,1.78266,1.78369,1.78251,1.78369,0,0
2014-12-04,23:59:00,1.784,1.78434,1.78348,1.78408,0,0
2014-12-05,01:00:00,1.78398,1.78539,1.78375,1.78491,0,0
2014-12-05,02:00:00,1.78494,1.78539,1.78066,1.78181,0,0
2014-12-05,03:00:00,1.78196,1.78391,1.78183,1.78312,0,0
2014-12-05,04:00:00,1.78304,1.78393,1.78299,1.78376,0,0
2014-12-05,05:00:00,1.78376,1.78391,1.78292,1.78293,0,0
2014-12-05,06:00:00,1.78303,1.78324,1.78126,1.78126,0,0
2014-12-05,07:00:00,1.7813,1.78182,1.77934,1.77942,0,0
2014-12-05,08:00:00,1.77935,1.78173,1.77933,1.7813,0,0
2014-12-05,09:00:00,1.78132,1.78482,1.78014,1.78408,0,0
2014-12-05,10:00:00,1.78403,1.78509,1.78337,1.78489,0,0
2014-12-05,11:00:00,1.78489,1.78766,1.78479,1.78664,0,0
2014-12-05,12:00:00,1.78668,1.78907,1.78655,1.78831,0,0
2014-12-05,13:00:00,1.78823,1.79052,1.7871,1.78822,0,0
2014-12-05,14:00:00,1.78817,1.78862,1.78637,1.78637,0,0
2014-12-05,15:00:00,1.78622,1.78954,1.78444,1.78547,0,0
2014-12-05,16:00:00,1.78545,1.78718,1.78166,1.7867,0,0
2014-12-05,17:00:00,1.78602,1.78602,1.78094,1.78097,0,0
2014-12-05,18:00:00,1.78108,1.78152,1.78029,1.78132,0,0
2014-12-05,19:00:00,1.78134,1.78214,1.78006,1.78138,0,0
2014-12-05,20:00:00,1.78121,1.78334,1.78121,1.78275,0,0
2014-12-05,21:00:00,1.7828,1.78293,1.7809,1.78095,0,0
2014-12-05,22:00:00,1.78096,1.7812,1.77947,1.77953,0,0
2014-12-05,23:00:00,1.77952,1.78019,1.77952,1.78009,0,0
2014-12-08,01:00:00,1.78008,1.78195,1.77989,1.78117,0,0
2014-12-08,02:00:00,1.78117,1.78235,1.78104,1.78203,0,0
2014-12-08,03:00:00,1.78204,1.78237,1.78105,1.78137,0,0
2014-12-08,04:00:00,1.78134,1.78165,1.78034,1.78062,0,0
2014-12-08,05:00:00,1.78068,1.78112,1.78022,1.78104,0,0
2014-12-08,06:00:00,1.78101,1.78104,1.77926,1.77963,0,0
2014-12-08,07:00:00,1.77962,1.78029,1.77962,1.77998,0,0
2014-12-08,08:00:00,1.77995,1.78103,1.77989,1.78006,0,0
2014-12-08,09:00:00,1.78012,1.78069,1.77959,1.77996,0,0
2014-12-08,10:00:00,1.77997,1.78261,1.7796,1.78261,0,0
2014-12-08,11:00:00,1.7827,1.78275,1.78043,1.78251,0,0
2014-12-08,12:00:00,1.78259,1.78437,1.78209,1.78341,0,0
2014-12-08,13:00:00,1.7835,1.78774,1.78341,1.78651,0,0
2014-12-08,14:00:00,1.78654,1.78709,1.78407,1.78542,0,0
2014-12-08,15:00:00,1.78542,1.78811,1.78461,1.78687,0,0
2014-12-08,16:00:00,1.78687,1.78876,1.78636,1.78703,0,0
2014-12-08,17:00:00,1.78699,1.79201,1.78699,1.78902,0,0
2014-12-08,18:00:00,1.78902,1.79411,1.78833,1.79195,0,0
2014-12-08,19:00:00,1.79203,1.79458,1.79134,1.7942,0,0
2014-12-08,20:00:00,1.79433,1.79572,1.79287,1.79572,0,0
2014-12-08,21:00:00,1.79582,1.79661,1.79383,1.79638,0,0
2014-12-08,22:00:00,1.79652,1.79699,1.79559,1.7958,0,0
2014-12-08,23:00:00,1.79579,1.7963,1.79506,1.79609,0,0
2014-12-08,23:59:00,1.7961,1.79745,1.79546,1.79654,0,0
2014-12-09,01:00:00,1.79654,1.79719,1.7962,1.79649,0,0
2014-12-09,02:00:00,1.79649,1.7972,1.79613,1.79671,0,0
2014-12-09,03:00:00,1.79671,1.79701,1.79628,1.79671,0,0
2014-12-09,04:00:00,1.79669,1.79742,1.79633,1.79723,0,0
2014-12-09,05:00:00,1.79722,1.79723,1.79529,1.79557,0,0
2014-12-09,06:00:00,1.79553,1.79664,1.79538,1.79599,0,0
2014-12-09,07:00:00,1.79595,1.79668,1.79568,1.79667,0,0
2014-12-09,08:00:00,1.79663,1.79737,1.79613,1.79658,0,0
2014-12-09,09:00:00,1.79647,1.80013,1.79638,1.79941,0,0
2014-12-09,10:00:00,1.79938,1.80091,1.79787,1.79869,0,0
2014-12-09,11:00:00,1.79869,1.79869,1.7947,1.79523,0,0
2014-12-09,12:00:00,1.79522,1.79636,1.79432,1.79495,0,0
2014-12-09,13:00:00,1.79504,1.79577,1.79205,1.79205,0,0
2014-12-09,14:00:00,1.79211,1.79368,1.79188,1.79242,0,0
2014-12-09,15:00:00,1.79237,1.79348,1.79021,1.7923,0,0
2014-12-09,16:00:00,1.79236,1.79341,1.79012,1.79049,0,0
2014-12-09,17:00:00,1.79064,1.79272,1.78761,1.79146,0,0
2014-12-09,18:00:00,1.79171,1.79422,1.79145,1.79207,0,0
2014-12-09,19:00:00,1.79195,1.79316,1.79141,1.79288,0,0
2014-12-09,20:00:00,1.79295,1.79313,1.7914,1.79224,0,0
2014-12-09,21:00:00,1.79214,1.79214,1.79022,1.79129,0,0
2014-12-09,22:00:00,1.79123,1.79175,1.79,1.79162,0,0
2014-12-09,23:00:00,1.79167,1.79294,1.79152,1.79276,0,0
2014-12-09,23:59:00,1.79269,1.79323,1.79213,1.79277,0,0
2014-12-10,01:00:00,1.7928,1.79414,1.79242,1.79398,0,0
2014-12-10,02:00:00,1.79398,1.79436,1.79281,1.79401,0,0
2014-12-10,03:00:00,1.79395,1.79435,1.79334,1.79392,0,0
2014-12-10,04:00:00,1.79393,1.79443,1.79349,1.79377,0,0
2014-12-10,05:00:00,1.7938,1.7942,1.79332,1.7934,0,0
2014-12-10,06:00:00,1.79343,1.79358,1.7923,1.79316,0,0
2014-12-10,07:00:00,1.79317,1.79459,1.79289,1.79421,0,0
2014-12-10,08:00:00,1.79418,1.79494,1.79396,1.79465,0,0
2014-12-10,09:00:00,1.79467,1.7959,1.79425,1.79487,0,0
2014-12-10,10:00:00,1.79504,1.79656,1.79442,1.79612,0,0
2014-12-10,11:00:00,1.79611,1.79703,1.79492,1.79579,0,0
2014-12-10,12:00:00,1.79578,1.79667,1.79342,1.79356,0,0
2014-12-10,13:00:00,1.79367,1.79853,1.79329,1.7981,0,0
2014-12-10,14:00:00,1.79814,1.79815,1.79565,1.79588,0,0
2014-12-10,15:00:00,1.79598,1.79946,1.79494,1.79884,0,0
2014-12-10,16:00:00,1.79876,1.79966,1.79689,1.79826,0,0
2014-12-10,17:00:00,1.79807,1.80644,1.7979,1.79929,0,0
2014-12-10,18:00:00,1.79939,1.80296,1.79908,1.80053,0,0
2014-12-10,19:00:00,1.80053,1.80348,1.80053,1.80175,0,0
2014-12-10,20:00:00,1.80191,1.80604,1.80108,1.80521,0,0
2014-12-10,21:00:00,1.80521,1.80588,1.80292,1.80366,0,0
2014-12-10,22:00:00,1.80368,1.80432,1.80215,1.80314,0,0
2014-12-10,23:00:00,1.80308,1.80401,1.80236,1.80396,0,0
2014-12-10,23:59:00,1.80391,1.80422,1.80293,1.80346,0,0
2014-12-11,01:00:00,1.80331,1.80564,1.80313,1.80548,0,0
2014-12-11,02:00:00,1.8054,1.8061,1.80366,1.80434,0,0
2014-12-11,03:00:00,1.8043,1.8043,1.80037,1.80154,0,0
2014-12-11,04:00:00,1.80157,1.80281,1.80013,1.80052,0,0
2014-12-11,05:00:00,1.80041,1.80211,1.79975,1.80057,0,0
2014-12-11,06:00:00,1.80051,1.80124,1.80032,1.8008,0,0
2014-12-11,07:00:00,1.80077,1.8008,1.79918,1.79918,0,0
2014-12-11,08:00:00,1.79918,1.80036,1.79883,1.79966,0,0
2014-12-11,09:00:00,1.79964,1.7999,1.79827,1.79939,0,0
2014-12-11,10:00:00,1.7996,1.80119,1.79624,1.79646,0,0
2014-12-11,11:00:00,1.79646,1.79997,1.79635,1.79869,0,0
2014-12-11,12:00:00,1.79856,1.79929,1.7962,1.79735,0,0
2014-12-11,13:00:00,1.79731,1.79963,1.79591,1.79847,0,0
2014-12-11,14:00:00,1.79858,1.8009,1.79827,1.8009,0,0
2014-12-11,15:00:00,1.80098,1.80719,1.79966,1.80615,0,0
2014-12-11,16:00:00,1.80605,1.80877,1.80491,1.80567,0,0
2014-12-11,17:00:00,1.80555,1.80924,1.80527,1.80906,0,0
2014-12-11,18:00:00,1.80925,1.81396,1.80865,1.81175,0,0
2014-12-11,19:00:00,1.8117,1.81253,1.80988,1.81025,0,0
2014-12-11,20:00:00,1.81025,1.81225,1.80903,1.81214,0,0
2014-12-11,21:00:00,1.81214,1.81324,1.81121,1.81166,0,0
2014-12-11,22:00:00,1.81139,1.81231,1.81051,1.81149,0,0
2014-12-11,23:00:00,1.8116,1.81338,1.81093,1.81168,0,0
2014-12-11,23:59:00,1.81186,1.81259,1.81167,1.81186,0,0
2014-12-12,01:00:00,1.81174,1.81254,1.81127,1.81194,0,0
2014-12-12,02:00:00,1.81196,1.8135,1.81137,1.81332,0,0
2014-12-12,03:00:00,1.81328,1.81536,1.81324,1.81409,0,0
2014-12-12,04:00:00,1.81409,1.81545,1.81384,1.81516,0,0
2014-12-12,05:00:00,1.81513,1.81539,1.81465,1.81511,0,0
2014-12-12,06:00:00,1.81511,1.81517,1.81246,1.81273,0,0
2014-12-12,07:00:00,1.81263,1.81371,1.81251,1.81352,0,0
2014-12-12,08:00:00,1.81357,1.81441,1.81313,1.81368,0,0
2014-12-12,09:00:00,1.81374,1.81417,1.81123,1.81199,0,0
2014-12-12,10:00:00,1.81209,1.81582,1.81128,1.81273,0,0
2014-12-12,11:00:00,1.81279,1.81498,1.81226,1.81439,0,0
2014-12-12,12:00:00,1.81461,1.81748,1.81276,1.81672,0,0
2014-12-12,13:00:00,1.81672,1.82063,1.81666,1.82007,0,0
2014-12-12,14:00:00,1.82007,1.82215,1.81521,1.81596,0,0
2014-12-12,15:00:00,1.816,1.8191,1.81318,1.81769,0,0
2014-12-12,16:00:00,1.81753,1.81888,1.81515,1.81799,0,0
2014-12-12,17:00:00,1.81808,1.81919,1.81191,1.8121,0,0
2014-12-12,18:00:00,1.81204,1.81437,1.80975,1.81431,0,0
2014-12-12,19:00:00,1.81414,1.81492,1.81236,1.81489,0,0
2014-12-12,20:00:00,1.81494,1.81677,1.81494,1.81567,0,0
2014-12-12,21:00:00,1.81554,1.8169,1.81431,1.8167,0,0
2014-12-12,22:00:00,1.81678,1.81941,1.81635,1.81837,0,0
2014-12-12,23:00:00,1.81839,1.8187,1.81839,1.81864,0,0
2014-12-15,01:00:00,1.81935,1.82068,1.81781,1.81781,0,0
2014-12-15,02:00:00,1.81781,1.8194,1.81749,1.81856,0,0
2014-12-15,03:00:00,1.81854,1.81912,1.8175,1.81809,0,0
2014-12-15,04:00:00,1.81814,1.819,1.81692,1.81711,0,0
2014-12-15,05:00:00,1.81705,1.81749,1.81386,1.81498,0,0
2014-12-15,06:00:00,1.81492,1.8162,1.81472,1.816,0,0
2014-12-15,07:00:00,1.81593,1.8168,1.81564,1.81604,0,0
2014-12-15,08:00:00,1.81604,1.81863,1.81596,1.81842,0,0
2014-12-15,09:00:00,1.81844,1.82,1.81789,1.81935,0,0
2014-12-15,10:00:00,1.81931,1.81966,1.81662,1.81797,0,0
2014-12-15,11:00:00,1.81808,1.8191,1.81727,1.81796,0,0
2014-12-15,12:00:00,1.81804,1.81821,1.81221,1.81341,0,0
2014-12-15,13:00:00,1.81349,1.81488,1.81301,1.8146,0,0
2014-12-15,14:00:00,1.81468,1.81613,1.8138,1.81525,0,0
2014-12-15,15:00:00,1.81525,1.81532,1.81306,1.8145,0,0
2014-12-15,16:00:00,1.81441,1.81701,1.81324,1.81415,0,0
2014-12-15,17:00:00,1.81407,1.81606,1.81096,1.81422,0,0
2014-12-15,18:00:00,1.8142,1.82161,1.81247,1.82064,0,0
2014-12-15,19:00:00,1.82059,1.82393,1.81969,1.82102,0,0
2014-12-15,20:00:00,1.82057,1.82216,1.81879,1.82193,0,0
2014-12-15,21:00:00,1.82202,1.82224,1.81978,1.82129,0,0
2014-12-15,22:00:00,1.82138,1.82349,1.82086,1.82136,0,0
2014-12-15,23:00:00,1.82138,1.82489,1.82051,1.82446,0,0
2014-12-15,23:59:00,1.82471,1.8248,1.82318,1.82339,0,0
2014-12-16,01:00:00,1.82315,1.82379,1.82254,1.82272,0,0
2014-12-16,02:00:00,1.82273,1.82339,1.82192,1.82256,0,0
2014-12-16,03:00:00,1.82247,1.8227,1.82161,1.82214,0,0
2014-12-16,04:00:00,1.8221,1.82294,1.82157,1.82249,0,0
2014-12-16,05:00:00,1.82246,1.82274,1.82109,1.82128,0,0
2014-12-16,06:00:00,1.82109,1.82193,1.8206,1.82193,0,0
2014-12-16,07:00:00,1.8217,1.82253,1.82141,1.82205,0,0
2014-12-16,08:00:00,1.82204,1.82253,1.8213,1.82237,0,0
2014-12-16,09:00:00,1.82243,1.82422,1.82191,1.8232,0,0
2014-12-16,10:00:00,1.82303,1.82438,1.82137,1.82325,0,0
2014-12-16,11:00:00,1.82301,1.82959,1.81877,1.82733,0,0
2014-12-16,12:00:00,1.82748,1.82878,1.8263,1.82802,0,0
2014-12-16,13:00:00,1.82806,1.83344,1.82795,1.83221,0,0
2014-12-16,14:00:00,1.8325,1.83923,1.83245,1.8349,0,0
2014-12-16,15:00:00,1.8349,1.83521,1.83082,1.83305,0,0
2014-12-16,16:00:00,1.83336,1.83425,1.82932,1.8322,0,0
2014-12-16,17:00:00,1.83226,1.83396,1.82702,1.82899,0,0
2014-12-16,18:00:00,1.82921,1.83047,1.82635,1.82845,0,0
2014-12-16,19:00:00,1.82839,1.83262,1.82776,1.8312,0,0
2014-12-16,20:00:00,1.83087,1.83163,1.83014,1.83138,0,0
2014-12-16,21:00:00,1.83138,1.83174,1.82826,1.82955,0,0
2014-12-16,22:00:00,1.82936,1.83086,1.82921,1.83024,0,0
2014-12-16,23:00:00,1.83051,1.8311,1.82861,1.83032,0,0
2014-12-16,23:59:00,1.83057,1.83198,1.83025,1.83046,0,0
2014-12-17,01:00:00,1.83058,1.83128,1.83005,1.83086,0,0
2014-12-17,02:00:00,1.83086,1.83086,1.82946,1.82973,0,0
2014-12-17,03:00:00,1.82977,1.83002,1.82815,1.82845,0,0
2014-12-17,04:00:00,1.82839,1.82972,1.82765,1.82919,0,0
2014-12-17,05:00:00,1.82919,1.82995,1.82844,1.82992,0,0
2014-12-17,06:00:00,1.82999,1.83066,1.82886,1.82989,0,0
2014-12-17,07:00:00,1.82987,1.83074,1.82978,1.83049,0,0
2014-12-17,08:00:00,1.83049,1.83065,1.82904,1.83027,0,0
2014-12-17,09:00:00,1.83009,1.8316,1.82856,1.82963,0,0
2014-12-17,10:00:00,1.82961,1.8313,1.82639,1.82913,0,0
2014-12-17,11:00:00,1.82933,1.83328,1.82849,1.83116,0,0
2014-12-17,12:00:00,1.83145,1.83236,1.82889,1.83077,0,0
2014-12-17,13:00:00,1.83065,1.83257,1.82954,1.83084,0,0
2014-12-17,14:00:00,1.83098,1.83103,1.82737,1.82745,0,0
2014-12-17,15:00:00,1.82758,1.82956,1.82521,1.82667,0,0
2014-12-17,16:00:00,1.82694,1.82957,1.82602,1.82669,0,0
2014-12-17,17:00:00,1.82691,1.82913,1.82332,1.82332,0,0
2014-12-17,18:00:00,1.82331,1.82472,1.81895,1.81975,0,0
2014-12-17,19:00:00,1.82019,1.82019,1.81449,1.81631,0,0
2014-12-17,20:00:00,1.81658,1.81805,1.81396,1.81622,0,0
2014-12-17,21:00:00,1.81651,1.8182,1.81002,1.81376,0,0
2014-12-17,22:00:00,1.81356,1.81528,1.8096,1.81193,0,0
2014-12-17,23:00:00,1.81185,1.81386,1.81093,1.81094,0,0
2014-12-17,23:59:00,1.81065,1.8142,1.81065,1.81252,0,0
2014-12-18,01:00:00,1.81252,1.81366,1.81124,1.81153,0,0
2014-12-18,02:00:00,1.81153,1.81345,1.81145,1.81263,0,0
2014-12-18,03:00:00,1.81237,1.8131,1.81206,1.81223,0,0
2014-12-18,04:00:00,1.81221,1.81338,1.81183,1.81324,0,0
2014-12-18,05:00:00,1.81324,1.81357,1.81189,1.81325,0,0
2014-12-18,06:00:00,1.81328,1.81372,1.81248,1.81343,0,0
2014-12-18,07:00:00,1.81343,1.81378,1.81278,1.81325,0,0
2014-12-18,08:00:00,1.81326,1.81361,1.81223,1.81263,0,0
2014-12-18,09:00:00,1.8126,1.8126,1.80875,1.80921,0,0
2014-12-18,10:00:00,1.80918,1.81274,1.80872,1.80991,0,0
2014-12-18,11:00:00,1.8099,1.81782,1.80951,1.81283,0,0
2014-12-18,12:00:00,1.81272,1.81403,1.81078,1.81191,0,0
2014-12-18,13:00:00,1.81173,1.81335,1.81113,1.81245,0,0
2014-12-18,14:00:00,1.81229,1.81555,1.81191,1.8149,0,0
2014-12-18,15:00:00,1.81475,1.81547,1.81017,1.81023,0,0
2014-12-18,16:00:00,1.81025,1.81729,1.81017,1.81718,0,0
2014-12-18,17:00:00,1.8172,1.81948,1.81415,1.81415,0,0
2014-12-18,18:00:00,1.8139,1.81916,1.81344,1.81523,0,0
2014-12-18,19:00:00,1.8152,1.81646,1.81347,1.81646,0,0
2014-12-18,20:00:00,1.81643,1.81744,1.81478,1.81639,0,0
2014-12-18,21:00:00,1.81636,1.81736,1.81585,1.81665,0,0
2014-12-18,22:00:00,1.81667,1.81753,1.81516,1.81695,0,0
2014-12-18,23:00:00,1.81713,1.81772,1.81328,1.81362,0,0
2014-12-18,23:59:00,1.81378,1.8151,1.81342,1.8146,0,0
2014-12-19,01:00:00,1.81433,1.81499,1.81386,1.81462,0,0
2014-12-19,02:00:00,1.81451,1.81464,1.81322,1.81347,0,0
2014-12-19,03:00:00,1.81347,1.81422,1.81235,1.81235,0,0
2014-12-19,04:00:00,1.81235,1.8138,1.81205,1.81326,0,0
2014-12-19,05:00:00,1.81326,1.81332,1.81209,1.81243,0,0
2014-12-19,06:00:00,1.81243,1.81253,1.81117,1.81134,0,0
2014-12-19,07:00:00,1.81148,1.81158,1.81042,1.81116,0,0
2014-12-19,08:00:00,1.81116,1.81319,1.81091,1.81273,0,0
2014-12-19,09:00:00,1.8127,1.8147,1.81221,1.8124,0,0
2014-12-19,10:00:00,1.81251,1.81617,1.81168,1.81474,0,0
2014-12-19,11:00:00,1.81483,1.81779,1.81398,1.81497,0,0
2014-12-19,12:00:00,1.81503,1.81681,1.81338,1.81338,0,0
2014-12-19,13:00:00,1.81346,1.81393,1.81014,1.8111,0,0
2014-12-19,14:00:00,1.81117,1.81476,1.8107,1.81414,0,0
2014-12-19,15:00:00,1.81413,1.82239,1.81322,1.81574,0,0
2014-12-19,16:00:00,1.81603,1.81727,1.81398,1.81494,0,0
2014-12-19,17:00:00,1.81487,1.81664,1.81276,1.81302,0,0
2014-12-19,18:00:00,1.81321,1.81538,1.81259,1.81427,0,0
2014-12-19,19:00:00,1.81428,1.81532,1.81324,1.81512,0,0
2014-12-19,20:00:00,1.81512,1.81544,1.81274,1.81372,0,0
2014-12-19,21:00:00,1.81378,1.81516,1.81304,1.81347,0,0
2014-12-19,22:00:00,1.8135,1.8146,1.81245,1.81405,0,0
2014-12-19,23:00:00,1.81379,1.81379,1.81277,1.81291,0,0
2014-12-22,01:00:00,1.81427,1.8149,1.81398,1.81463,0,0
2014-12-22,02:00:00,1.81458,1.81525,1.81398,1.81414,0,0
2014-12-22,03:00:00,1.81432,1.81435,1.8136,1.8139,0,0
2014-12-22,04:00:00,1.81375,1.81507,1.81304,1.81493,0,0
2014-12-22,05:00:00,1.81493,1.81576,1.81459,1.81525,0,0
2014-12-22,06:00:00,1.81525,1.8155,1.81488,1.81498,0,0
2014-12-22,07:00:00,1.81499,1.8152,1.81253,1.81282,0,0
2014-12-22,08:00:00,1.81301,1.81393,1.8127,1.81278,0,0
2014-12-22,09:00:00,1.81275,1.81393,1.81094,1.81285,0,0
2014-12-22,10:00:00,1.81285,1.81316,1.81026,1.81088,0,0
2014-12-22,11:00:00,1.81088,1.81276,1.81069,1.81163,0,0
2014-12-22,12:00:00,1.81163,1.81216,1.80952,1.81054,0,0
2014-12-22,13:00:00,1.81003,1.81257,1.80875,1.81252,0,0
2014-12-22,14:00:00,1.81266,1.81634,1.81234,1.81587,0,0
2014-12-22,15:00:00,1.81584,1.81782,1.81461,1.81688,0,0
2014-12-22,16:00:00,1.81688,1.81745,1.8137,1.81592,0,0
2014-12-22,17:00:00,1.81584,1.81921,1.81423,1.81855,0,0
2014-12-22,18:00:00,1.81878,1.81951,1.81686,1.81833,0,0
2014-12-22,19:00:00,1.81833,1.81833,1.81558,1.81601,0,0
2014-12-22,20:00:00,1.81609,1.81712,1.81562,1.81574,0,0
2014-12-22,21:00:00,1.81574,1.8167,1.81558,1.81585,0,0
2014-12-22,22:00:00,1.81585,1.81607,1.8126,1.81304,0,0
2014-12-22,23:00:00,1.81294,1.81358,1.81212,1.81241,0,0
2014-12-22,23:59:00,1.81248,1.8137,1.81202,1.81299,0,0
2014-12-23,01:00:00,1.81304,1.81379,1.81264,1.81349,0,0
2014-12-23,02:00:00,1.81361,1.81371,1.81216,1.81218,0,0
2014-12-23,03:00:00,1.8121,1.8123,1.8115,1.8117,0,0
2014-12-23,04:00:00,1.8117,1.81181,1.81036,1.81099,0,0
2014-12-23,05:00:00,1.8111,1.81149,1.81071,1.81144,0,0
2014-12-23,06:00:00,1.81144,1.81144,1.81044,1.811,0,0
2014-12-23,07:00:00,1.81103,1.81103,1.80997,1.81004,0,0
2014-12-23,08:00:00,1.81031,1.81139,1.81008,1.81069,0,0
2014-12-23,09:00:00,1.81063,1.81215,1.80975,1.81056,0,0
2014-12-23,10:00:00,1.81046,1.81239,1.80997,1.81056,0,0
2014-12-23,11:00:00,1.81058,1.81283,1.8064,1.80901,0,0
2014-12-23,12:00:00,1.80901,1.80931,1.80813,1.80859,0,0
2014-12-23,13:00:00,1.80857,1.8091,1.8049,1.80765,0,0
2014-12-23,14:00:00,1.80765,1.80901,1.80415,1.80577,0,0
2014-12-23,15:00:00,1.80555,1.80846,1.80385,1.8064,0,0
2014-12-23,16:00:00,1.8064,1.80899,1.80553,1.80603,0,0
2014-12-23,17:00:00,1.80508,1.80526,1.80104,1.80198,0,0
2014-12-23,18:00:00,1.80212,1.80399,1.80052,1.80372,0,0
2014-12-23,19:00:00,1.80369,1.8043,1.79993,1.80115,0,0
2014-12-23,20:00:00,1.80127,1.80216,1.79995,1.8011,0,0
2014-12-23,21:00:00,1.8011,1.80253,1.79989,1.8023,0,0
2014-12-23,22:00:00,1.80251,1.80343,1.80166,1.80301,0,0
2014-12-23,23:00:00,1.80277,1.8034,1.80165,1.80233,0,0
2014-12-23,23:59:00,1.80235,1.80374,1.80154,1.80348,0,0
2014-12-24,01:00:00,1.80325,1.80376,1.80252,1.8029,0,0
2014-12-24,02:00:00,1.8029,1.80386,1.8029,1.80352,0,0
2014-12-24,03:00:00,1.80351,1.80435,1.80317,1.80355,0,0
2014-12-24,04:00:00,1.80355,1.80368,1.80221,1.80239,0,0
2014-12-24,05:00:00,1.80267,1.80292,1.80213,1.80235,0,0
2014-12-24,06:00:00,1.80235,1.80275,1.80189,1.80223,0,0
2014-12-24,07:00:00,1.80223,1.80405,1.80206,1.80351,0,0
2014-12-24,08:00:00,1.80343,1.80365,1.80306,1.80351,0,0
2014-12-24,09:00:00,1.80351,1.80468,1.80239,1.8038,0,0
2014-12-24,10:00:00,1.80443,1.80569,1.80335,1.80446,0,0
2014-12-24,11:00:00,1.80452,1.80519,1.80322,1.80471,0,0
2014-12-24,12:00:00,1.80469,1.80497,1.8031,1.80425,0,0
2014-12-24,13:00:00,1.80425,1.80532,1.80324,1.80329,0,0
2014-12-24,14:00:00,1.8034,1.80395,1.80148,1.80151,0,0
2014-12-24,15:00:00,1.80158,1.80311,1.80054,1.80197,0,0
2014-12-24,16:00:00,1.80202,1.80744,1.80192,1.80653,0,0
2014-12-24,17:00:00,1.80678,1.80896,1.80432,1.80441,0,0
2014-12-24,18:00:00,1.80441,1.80743,1.80441,1.80697,0,0
2014-12-24,19:00:00,1.80674,1.80825,1.80551,1.80702,0,0
2014-12-24,20:00:00,1.80719,1.80773,1.80592,1.80603,0,0
2014-12-24,21:00:00,1.80582,1.8085,1.80582,1.80794,0,0
2014-12-24,22:00:00,1.80775,1.81133,1.80756,1.80843,0,0
2014-12-24,23:00:00,1.80843,1.80955,1.80843,1.8088,0,0
2014-12-24,23:59:00,1.8072,1.80923,1.8072,1.80845,0,0
2014-12-26,01:00:00,1.80833,1.80849,1.80577,1.80738,0,0
2014-12-26,02:00:00,1.80786,1.80934,1.80758,1.80923,0,0
2014-12-26,03:00:00,1.80881,1.80899,1.80818,1.80831,0,0
2014-12-26,04:00:00,1.80833,1.80862,1.80688,1.80706,0,0
2014-12-26,05:00:00,1.807,1.80715,1.80603,1.80701,0,0
2014-12-26,06:00:00,1.80708,1.8073,1.80655,1.80665,0,0
2014-12-26,07:00:00,1.8065,1.80693,1.80642,1.80654,0,0
2014-12-26,08:00:00,1.80657,1.80723,1.80644,1.80706,0,0
2014-12-26,09:00:00,1.80703,1.80712,1.80631,1.80648,0,0
2014-12-26,10:00:00,1.80672,1.80684,1.80564,1.8059,0,0
2014-12-26,11:00:00,1.8058,1.8063,1.80547,1.80595,0,0
2014-12-26,12:00:00,1.80593,1.80609,1.80512,1.80523,0,0
2014-12-26,13:00:00,1.80576,1.80664,1.80555,1.80603,0,0
2014-12-26,14:00:00,1.80614,1.8071,1.80476,1.80529,0,0
2014-12-26,15:00:00,1.80524,1.80577,1.80379,1.80537,0,0
2014-12-26,16:00:00,1.80539,1.80713,1.80486,1.80574,0,0
2014-12-26,17:00:00,1.80574,1.80694,1.80518,1.80624,0,0
2014-12-26,18:00:00,1.80624,1.80675,1.80553,1.80637,0,0
2014-12-26,19:00:00,1.80617,1.80739,1.80609,1.8073,0,0
2014-12-26,20:00:00,1.80758,1.80885,1.80726,1.80869,0,0
2014-12-26,21:00:00,1.80869,1.80899,1.80777,1.80826,0,0
2014-12-26,22:00:00,1.80823,1.80853,1.80747,1.80796,0,0
2014-12-26,23:00:00,1.80796,1.80796,1.80796,1.80796,0,0
2014-12-29,01:00:00,1.80804,1.80954,1.80804,1.80876,0,0
2014-12-29,02:00:00,1.80883,1.8097,1.80873,1.80954,0,0
2014-12-29,03:00:00,1.80957,1.81071,1.80899,1.81039,0,0
2014-12-29,04:00:00,1.81033,1.81106,1.81009,1.81059,0,0
2014-12-29,05:00:00,1.81051,1.81089,1.8097,1.81018,0,0
2014-12-29,06:00:00,1.81018,1.81078,1.8099,1.81047,0,0
2014-12-29,07:00:00,1.81052,1.81075,1.80998,1.81005,0,0
2014-12-29,08:00:00,1.81006,1.81043,1.80953,1.80965,0,0
2014-12-29,09:00:00,1.80967,1.81026,1.80831,1.80872,0,0
2014-12-29,10:00:00,1.80872,1.80943,1.80742,1.8085,0,0
2014-12-29,11:00:00,1.80825,1.81164,1.80691,1.80746,0,0
2014-12-29,12:00:00,1.80677,1.80899,1.80676,1.8086,0,0
2014-12-29,13:00:00,1.80837,1.80948,1.80665,1.80676,0,0
2014-12-29,14:00:00,1.80679,1.80986,1.80582,1.80961,0,0
2014-12-29,15:00:00,1.80959,1.80994,1.80724,1.80759,0,0
2014-12-29,16:00:00,1.80759,1.80903,1.80584,1.80599,0,0
2014-12-29,17:00:00,1.8065,1.8065,1.80359,1.80462,0,0
2014-12-29,18:00:00,1.80468,1.80736,1.804,1.80575,0,0
2014-12-29,19:00:00,1.80501,1.8073,1.80469,1.80656,0,0
2014-12-29,20:00:00,1.80657,1.8078,1.80531,1.80617,0,0
2014-12-29,21:00:00,1.80617,1.80617,1.80429,1.80533,0,0
2014-12-29,22:00:00,1.80533,1.80542,1.80349,1.80375,0,0
2014-12-29,23:00:00,1.80377,1.80639,1.80377,1.80532,0,0
2014-12-29,23:59:00,1.80532,1.80706,1.80517,1.80623,0,0
2014-12-30,01:00:00,1.80661,1.80695,1.80566,1.80606,0,0
2014-12-30,02:00:00,1.80606,1.80618,1.805,1.80535,0,0
2014-12-30,03:00:00,1.8054,1.8062,1.8053,1.80611,0,0
2014-12-30,04:00:00,1.8061,1.80688,1.80567,1.80648,0,0
2014-12-30,05:00:00,1.80641,1.80707,1.80592,1.80703,0,0
2014-12-30,06:00:00,1.80703,1.80716,1.80656,1.80688,0,0
2014-12-30,07:00:00,1.80686,1.80727,1.80603,1.80609,0,0
2014-12-30,08:00:00,1.8062,1.80709,1.8057,1.80645,0,0
2014-12-30,09:00:00,1.80617,1.8066,1.80412,1.80602,0,0
2014-12-30,10:00:00,1.80613,1.80718,1.80522,1.8067,0,0
2014-12-30,11:00:00,1.80663,1.80715,1.80477,1.80558,0,0
2014-12-30,12:00:00,1.80558,1.80609,1.80369,1.80588,0,0
2014-12-30,13:00:00,1.80588,1.80634,1.80367,1.8041,0,0
2014-12-30,14:00:00,1.80416,1.80616,1.80402,1.80557,0,0
2014-12-30,15:00:00,1.80545,1.80647,1.80381,1.8064,0,0
2014-12-30,16:00:00,1.80618,1.8086,1.80567,1.80767,0,0
2014-12-30,17:00:00,1.80803,1.80849,1.80401,1.80553,0,0
2014-12-30,18:00:00,1.80553,1.80677,1.80536,1.80581,0,0
2014-12-30,19:00:00,1.80558,1.80616,1.80487,1.80498,0,0
2014-12-30,20:00:00,1.80498,1.80517,1.80368,1.80515,0,0
2014-12-30,21:00:00,1.80515,1.80553,1.80433,1.80486,0,0
2014-12-30,22:00:00,1.80483,1.80571,1.80437,1.80517,0,0
2014-12-30,23:00:00,1.80531,1.80674,1.80497,1.8066,0,0
2014-12-30,23:59:00,1.80656,1.80684,1.80484,1.8062,0,0
2014-12-31,01:00:00,1.806,1.80682,1.80595,1.80636,0,0
2014-12-31,02:00:00,1.80558,1.80628,1.80528,1.80549,0,0
2014-12-31,03:00:00,1.80551,1.80572,1.80488,1.80523,0,0
2014-12-31,04:00:00,1.80506,1.80507,1.80373,1.80389,0,0
2014-12-31,05:00:00,1.8036,1.80575,1.8036,1.80563,0,0
2014-12-31,06:00:00,1.80552,1.80653,1.80535,1.80559,0,0
2014-12-31,07:00:00,1.80563,1.80589,1.80508,1.8053,0,0
2014-12-31,08:00:00,1.80524,1.8057,1.80484,1.80562,0,0
2014-12-31,09:00:00,1.80499,1.8066,1.80487,1.80613,0,0
2014-12-31,10:00:00,1.80621,1.80677,1.8048,1.80491,0,0
2014-12-31,11:00:00,1.80627,1.80678,1.80554,1.80566,0,0
2014-12-31,12:00:00,1.80566,1.80581,1.80314,1.80501,0,0
2014-12-31,13:00:00,1.80549,1.80827,1.80458,1.8072,0,0
2014-12-31,14:00:00,1.8072,1.80836,1.80472,1.80537,0,0
2014-12-31,15:00:00,1.80564,1.80792,1.80403,1.80743,0,0
2014-12-31,16:00:00,1.80679,1.80781,1.80347,1.80347,0,0
2014-12-31,17:00:00,1.80358,1.80792,1.80341,1.80595,0,0
2014-12-31,18:00:00,1.80292,1.80727,1.80292,1.80683,0,0
2014-12-31,19:00:00,1.80683,1.81109,1.80683,1.8091,0,0
2014-12-31,20:00:00,1.80935,1.80967,1.80824,1.80874,0,0
2014-12-31,21:00:00,1.80874,1.81121,1.80856,1.81111,0,0
2014-12-31,22:00:00,1.8113,1.81173,1.80691,1.81045,0,0
2014-12-31,23:00:00,1.81071,1.81155,1.80929,1.81101,0,0
2014-12-31,23:59:00,1.81146,1.81204,1.80856,1.81109,0,0
2015-01-02,01:00:00,1.80909,1.80989,1.80745,1.80952,0,0
2015-01-02,02:00:00,1.80949,1.81018,1.80834,1.80952,0,0
2015-01-02,03:00:00,1.80952,1.81017,1.80771,1.80936,0,0
2015-01-02,04:00:00,1.80929,1.80945,1.80831,1.80854,0,0
2015-01-02,05:00:00,1.80854,1.80996,1.80821,1.80968,0,0
2015-01-02,06:00:00,1.80966,1.81162,1.80963,1.81101,0,0
2015-01-02,07:00:00,1.81098,1.81111,1.81022,1.81084,0,0
2015-01-02,08:00:00,1.81084,1.81203,1.81044,1.81067,0,0
2015-01-02,09:00:00,1.81064,1.81204,1.80993,1.80993,0,0
2015-01-02,10:00:00,1.80993,1.81106,1.80749,1.80911,0,0
2015-01-02,11:00:00,1.80911,1.81033,1.80297,1.80462,0,0
2015-01-02,12:00:00,1.80481,1.80492,1.79994,1.80009,0,0
2015-01-02,13:00:00,1.80033,1.80128,1.79884,1.8009,0,0
2015-01-02,14:00:00,1.80055,1.80198,1.79876,1.80155,0,0
2015-01-02,15:00:00,1.8016,1.80362,1.80096,1.80302,0,0
2015-01-02,16:00:00,1.80304,1.80308,1.80111,1.80205,0,0
2015-01-02,17:00:00,1.80202,1.80576,1.8001,1.80222,0,0
2015-01-02,18:00:00,1.80222,1.80405,1.80075,1.80108,0,0
2015-01-02,19:00:00,1.80097,1.80452,1.80097,1.80258,0,0
2015-01-02,20:00:00,1.80329,1.80366,1.80255,1.80309,0,0
2015-01-02,21:00:00,1.80292,1.80373,1.80165,1.80165,0,0
2015-01-02,22:00:00,1.80163,1.80386,1.80093,1.80352,0,0
2015-01-02,23:00:00,1.80352,1.80352,1.80333,1.80333,0,0
2015-01-05,01:00:00,1.80261,1.80401,1.80154,1.80208,0,0
2015-01-05,02:00:00,1.80208,1.80444,1.80193,1.8038,0,0
2015-01-05,03:00:00,1.80377,1.80486,1.80212,1.80444,0,0
2015-01-05,04:00:00,1.80447,1.80452,1.8028,1.80358,0,0
2015-01-05,05:00:00,1.80346,1.8057,1.80342,1.80505,0,0
2015-01-05,06:00:00,1.80494,1.80566,1.80455,1.80552,0,0
2015-01-05,07:00:00,1.80552,1.80561,1.80379,1.80449,0,0
2015-01-05,08:00:00,1.80401,1.80446,1.80341,1.80406,0,0
2015-01-05,09:00:00,1.80421,1.80514,1.80382,1.80399,0,0
2015-01-05,10:00:00,1.80382,1.80597,1.8025,1.80306,0,0
2015-01-05,11:00:00,1.80305,1.80371,1.80117,1.80173,0,0
2015-01-05,12:00:00,1.80172,1.80314,1.80042,1.80139,0,0
2015-01-05,13:00:00,1.80136,1.80166,1.7992,1.79941,0,0
2015-01-05,14:00:00,1.7989,1.79898,1.79251,1.79332,0,0
2015-01-05,15:00:00,1.79332,1.7945,1.79101,1.79138,0,0
2015-01-05,16:00:00,1.79149,1.7939,1.79028,1.79324,0,0
2015-01-05,17:00:00,1.79324,1.79644,1.793,1.79634,0,0
2015-01-05,18:00:00,1.79645,1.79673,1.79462,1.79522,0,0
2015-01-05,19:00:00,1.79522,1.79655,1.7938,1.79431,0,0
2015-01-05,20:00:00,1.79418,1.79586,1.79401,1.79448,0,0
2015-01-05,21:00:00,1.79448,1.79464,1.79171,1.79352,0,0
2015-01-05,22:00:00,1.79352,1.79395,1.7919,1.7919,0,0
2015-01-05,23:00:00,1.79206,1.79365,1.7913,1.79315,0,0
2015-01-05,23:59:00,1.79315,1.79429,1.79257,1.79351,0,0
2015-01-06,01:00:00,1.79348,1.79394,1.79316,1.79356,0,0
2015-01-06,02:00:00,1.79356,1.79435,1.79299,1.79302,0,0
2015-01-06,03:00:00,1.79282,1.79334,1.79192,1.79247,0,0
2015-01-06,04:00:00,1.79249,1.79287,1.79133,1.79146,0,0
2015-01-06,05:00:00,1.79146,1.79219,1.79144,1.79156,0,0
2015-01-06,06:00:00,1.79145,1.79229,1.79117,1.792,0,0
2015-01-06,07:00:00,1.792,1.79258,1.7912,1.79152,0,0
2015-01-06,08:00:00,1.79166,1.79325,1.7911,1.79236,0,0
2015-01-06,09:00:00,1.79236,1.79432,1.79209,1.79226,0,0
2015-01-06,10:00:00,1.79217,1.79358,1.79123,1.79343,0,0
2015-01-06,11:00:00,1.79343,1.79367,1.78799,1.78951,0,0
2015-01-06,12:00:00,1.78862,1.78957,1.78702,1.78841,0,0
2015-01-06,13:00:00,1.78846,1.79081,1.78747,1.78824,0,0
2015-01-06,14:00:00,1.78824,1.7899,1.78778,1.78786,0,0
2015-01-06,15:00:00,1.78786,1.78786,1.78521,1.78623,0,0
2015-01-06,16:00:00,1.78627,1.78782,1.78542,1.78668,0,0
2015-01-06,17:00:00,1.78668,1.7884,1.78499,1.7884,0,0
2015-01-06,18:00:00,1.78825,1.79255,1.78789,1.79093,0,0
2015-01-06,19:00:00,1.79093,1.79354,1.79017,1.79236,0,0
2015-01-06,20:00:00,1.79229,1.79492,1.79202,1.79429,0,0
2015-01-06,21:00:00,1.79425,1.79508,1.79138,1.79218,0,0
2015-01-06,22:00:00,1.79221,1.79241,1.78997,1.7919,0,0
2015-01-06,23:00:00,1.79192,1.79332,1.79107,1.79286,0,0
2015-01-06,23:59:00,1.79289,1.7936,1.78902,1.79263,0,0
2015-01-07,01:00:00,1.79264,1.79282,1.79129,1.7916,0,0
2015-01-07,02:00:00,1.7916,1.79194,1.78994,1.79008,0,0
2015-01-07,03:00:00,1.79012,1.79093,1.78943,1.79078,0,0
2015-01-07,04:00:00,1.7909,1.79134,1.78994,1.79054,0,0
2015-01-07,05:00:00,1.79051,1.79137,1.79024,1.79109,0,0
2015-01-07,06:00:00,1.79114,1.79136,1.79068,1.79078,0,0
2015-01-07,07:00:00,1.79075,1.79247,1.79058,1.79161,0,0
2015-01-07,08:00:00,1.79161,1.79218,1.79127,1.79189,0,0
2015-01-07,09:00:00,1.79195,1.79279,1.79122,1.79194,0,0
2015-01-07,10:00:00,1.79194,1.79389,1.79176,1.79351,0,0
2015-01-07,11:00:00,1.79351,1.79598,1.7932,1.79415,0,0
2015-01-07,12:00:00,1.79412,1.79432,1.78881,1.78887,0,0
2015-01-07,13:00:00,1.7892,1.79067,1.78833,1.79017,0,0
2015-01-07,14:00:00,1.79017,1.79073,1.78728,1.78819,0,0
2015-01-07,15:00:00,1.78806,1.79016,1.78706,1.78973,0,0
2015-01-07,16:00:00,1.78975,1.78978,1.7859,1.78623,0,0
2015-01-07,17:00:00,1.78513,1.78755,1.78378,1.78656,0,0
2015-01-07,18:00:00,1.78692,1.78792,1.78569,1.78596,0,0
2015-01-07,19:00:00,1.78596,1.788,1.7852,1.78782,0,0
2015-01-07,20:00:00,1.78782,1.79019,1.78736,1.78939,0,0
2015-01-07,21:00:00,1.78897,1.7906,1.787,1.78743,0,0
2015-01-07,22:00:00,1.78735,1.7878,1.78554,1.78576,0,0
2015-01-07,23:00:00,1.78574,1.787,1.78466,1.78478,0,0
2015-01-07,23:59:00,1.78478,1.78624,1.78458,1.78488,0,0
2015-01-08,01:00:00,1.78469,1.78543,1.78426,1.78503,0,0
2015-01-08,02:00:00,1.78498,1.78539,1.78458,1.78489,0,0
2015-01-08,03:00:00,1.78493,1.78564,1.78408,1.78458,0,0
2015-01-08,04:00:00,1.78458,1.78475,1.78364,1.78441,0,0
2015-01-08,05:00:00,1.78438,1.78498,1.78416,1.78448,0,0
2015-01-08,06:00:00,1.78448,1.78467,1.78373,1.78393,0,0
2015-01-08,07:00:00,1.78421,1.78451,1.7836,1.78425,0,0
2015-01-08,08:00:00,1.78422,1.78458,1.78369,1.78399,0,0
2015-01-08,09:00:00,1.78358,1.78421,1.78198,1.78353,0,0
2015-01-08,10:00:00,1.78344,1.7835,1.77812,1.77853,0,0
2015-01-08,11:00:00,1.77871,1.77945,1.77706,1.77786,0,0
2015-01-08,12:00:00,1.77836,1.78006,1.77654,1.77793,0,0
2015-01-08,13:00:00,1.77774,1.77856,1.77618,1.77818,0,0
2015-01-08,14:00:00,1.77824,1.78072,1.77714,1.78057,0,0
2015-01-08,15:00:00,1.78101,1.78302,1.7789,1.78232,0,0
2015-01-08,16:00:00,1.78193,1.7833,1.78113,1.78253,0,0
2015-01-08,17:00:00,1.78266,1.78413,1.78117,1.78232,0,0
2015-01-08,18:00:00,1.78282,1.7859,1.78219,1.78539,0,0
2015-01-08,19:00:00,1.78518,1.78615,1.78365,1.786,0,0
2015-01-08,20:00:00,1.786,1.78772,1.7847,1.78745,0,0
2015-01-08,21:00:00,1.78733,1.78784,1.78502,1.78563,0,0
2015-01-08,22:00:00,1.78543,1.78579,1.78502,1.78511,0,0
2015-01-08,23:00:00,1.78509,1.78597,1.78453,1.78466,0,0
2015-01-08,23:59:00,1.78468,1.78528,1.78409,1.78474,0,0
2015-01-09,01:00:00,1.78474,1.78525,1.78403,1.78408,0,0
2015-01-09,02:00:00,1.78408,1.78474,1.78359,1.78438,0,0
2015-01-09,03:00:00,1.78438,1.7851,1.7835,1.78366,0,0
2015-01-09,04:00:00,1.78342,1.78395,1.78266,1.78326,0,0
2015-01-09,05:00:00,1.7832,1.78428,1.78297,1.78372,0,0
2015-01-09,06:00:00,1.78372,1.7838,1.78302,1.78356,0,0
2015-01-09,07:00:00,1.78353,1.78517,1.78346,1.78485,0,0
2015-01-09,08:00:00,1.78485,1.78532,1.78426,1.78519,0,0
2015-01-09,09:00:00,1.78497,1.78727,1.78497,1.78712,0,0
2015-01-09,10:00:00,1.78706,1.7889,1.78663,1.78869,0,0
2015-01-09,11:00:00,1.78869,1.79292,1.78869,1.79285,0,0
2015-01-09,12:00:00,1.79279,1.79361,1.79065,1.79296,0,0
2015-01-09,13:00:00,1.79296,1.793,1.7901,1.79106,0,0
2015-01-09,14:00:00,1.79128,1.79236,1.78896,1.78896,0,0
2015-01-09,15:00:00,1.7889,1.79602,1.78877,1.79472,0,0
2015-01-09,16:00:00,1.79478,1.79551,1.79224,1.79411,0,0
2015-01-09,17:00:00,1.79411,1.79741,1.79411,1.79551,0,0
2015-01-09,18:00:00,1.79526,1.79865,1.7934,1.79637,0,0
2015-01-09,19:00:00,1.79638,1.79746,1.79493,1.79542,0,0
2015-01-09,20:00:00,1.79542,1.79717,1.79542,1.79655,0,0
2015-01-09,21:00:00,1.79681,1.79858,1.79634,1.79832,0,0
2015-01-09,22:00:00,1.79832,1.79955,1.79822,1.79955,0,0
2015-01-09,23:00:00,1.79938,1.79938,1.79938,1.79938,0,0
