Date,Time,Open,High,Low,Close,Volume,OpenInt
2014-10-13,01:00:00,1.53705,1.53816,1.53687,1.53721,0,0
2014-10-13,02:00:00,1.53721,1.53897,1.53681,1.53868,0,0
2014-10-13,03:00:00,1.53863,1.53901,1.53796,1.53858,0,0
2014-10-13,04:00:00,1.53858,1.53866,1.53578,1.53595,0,0
2014-10-13,05:00:00,1.53593,1.53638,1.53451,1.535,0,0
2014-10-13,06:00:00,1.53502,1.53577,1.53471,1.53507,0,0
2014-10-13,07:00:00,1.53512,1.53618,1.53504,1.53579,0,0
2014-10-13,08:00:00,1.53579,1.53638,1.53502,1.53535,0,0
2014-10-13,09:00:00,1.53539,1.53629,1.53436,1.53476,0,0
2014-10-13,10:00:00,1.53496,1.53597,1.53382,1.53416,0,0
2014-10-13,11:00:00,1.53418,1.53503,1.53273,1.53376,0,0
2014-10-13,12:00:00,1.53359,1.53474,1.53312,1.53366,0,0
2014-10-13,13:00:00,1.53366,1.53422,1.53284,1.53314,0,0
2014-10-13,14:00:00,1.53324,1.53347,1.53181,1.53187,0,0
2014-10-13,15:00:00,1.53188,1.53253,1.53099,1.53164,0,0
2014-10-13,16:00:00,1.53164,1.53183,1.53066,1.53132,0,0
2014-10-13,17:00:00,1.5312,1.53187,1.52857,1.52922,0,0
2014-10-13,18:00:00,1.52922,1.53035,1.52906,1.52973,0,0
2014-10-13,19:00:00,1.52972,1.53149,1.52967,1.5314,0,0
2014-10-13,20:00:00,1.53139,1.532,1.53061,1.53162,0,0
2014-10-13,21:00:00,1.53166,1.53227,1.53094,1.53127,0,0
2014-10-13,22:00:00,1.53123,1.53136,1.53019,1.53052,0,0
2014-10-13,23:00:00,1.53055,1.53059,1.52369,1.52451,0,0
2014-10-13,23:59:00,1.52468,1.52498,1.52342,1.52483,0,0
2014-10-14,01:00:00,1.52483,1.52566,1.52456,1.52515,0,0
2014-10-14,02:00:00,1.52504,1.52611,1.52443,1.52597,0,0
2014-10-14,03:00:00,1.52597,1.52686,1.52597,1.52637,0,0
2014-10-14,04:00:00,1.5264,1.52665,1.52595,1.52625,0,0
2014-10-14,05:00:00,1.52625,1.52675,1.52612,1.52614,0,0
2014-10-14,06:00:00,1.52612,1.52681,1.52612,1.52679,0,0
2014-10-14,07:00:00,1.52678,1.52728,1.52667,1.52698,0,0
2014-10-14,08:00:00,1.52698,1.52795,1.52679,1.52795,0,0
2014-10-14,09:00:00,1.52791,1.52798,1.52567,1.52701,0,0
2014-10-14,10:00:00,1.52697,1.52895,1.5264,1.52661,0,0
2014-10-14,11:00:00,1.52661,1.52661,1.51759,1.51989,0,0
2014-10-14,12:00:00,1.51969,1.52444,1.51957,1.52338,0,0
2014-10-14,13:00:00,1.5235,1.52403,1.5222,1.52269,0,0
2014-10-14,14:00:00,1.5224,1.52248,1.51895,1.51973,0,0
2014-10-14,15:00:00,1.51975,1.52134,1.51912,1.5204,0,0
2014-10-14,16:00:00,1.52038,1.52084,1.51841,1.51841,0,0
2014-10-14,17:00:00,1.51837,1.51949,1.51715,1.51721,0,0
2014-10-14,18:00:00,1.51726,1.5196,1.51662,1.51911,0,0
2014-10-14,19:00:00,1.51907,1.51937,1.51776,1.51807,0,0
2014-10-14,20:00:00,1.5182,1.51883,1.51785,1.51828,0,0
2014-10-14,21:00:00,1.51833,1.51888,1.51779,1.51782,0,0
2014-10-14,22:00:00,1.51782,1.51822,1.51683,1.51699,0,0
2014-10-14,23:00:00,1.51706,1.51784,1.51648,1.51659,0,0
2014-10-14,23:59:00,1.51655,1.51739,1.51635,1.51692,0,0
2014-10-15,01:00:00,1.51692,1.5177,1.51666,1.51701,0,0
2014-10-15,02:00:00,1.51704,1.51794,1.51687,1.51715,0,0
2014-10-15,03:00:00,1.51715,1.51806,1.5166,1.51687,0,0
2014-10-15,04:00:00,1.5169,1.5185,1.51665,1.51813,0,0
2014-10-15,05:00:00,1.5181,1.51873,1.51796,1.51869,0,0
2014-10-15,06:00:00,1.51857,1.51884,1.51791,1.51873,0,0
2014-10-15,07:00:00,1.51875,1.51899,1.51844,1.51873,0,0
2014-10-15,08:00:00,1.51876,1.51904,1.5183,1.51888,0,0
2014-10-15,09:00:00,1.51901,1.51972,1.5181,1.51903,0,0
2014-10-15,10:00:00,1.51892,1.5192,1.51691,1.51783,0,0
2014-10-15,11:00:00,1.51772,1.52045,1.51558,1.51864,0,0
2014-10-15,12:00:00,1.51876,1.52094,1.51863,1.52094,0,0
2014-10-15,13:00:00,1.52094,1.52156,1.52015,1.52037,0,0
2014-10-15,14:00:00,1.52037,1.52052,1.51696,1.51734,0,0
2014-10-15,15:00:00,1.51748,1.51761,1.5123,1.51397,0,0
2014-10-15,16:00:00,1.51396,1.51396,1.50372,1.50925,0,0
2014-10-15,17:00:00,1.50878,1.51207,1.50696,1.50804,0,0
2014-10-15,18:00:00,1.50814,1.50942,1.50544,1.50705,0,0
2014-10-15,19:00:00,1.50697,1.50697,1.50084,1.50328,0,0
2014-10-15,20:00:00,1.503,1.5031,1.49917,1.50195,0,0
2014-10-15,21:00:00,1.50179,1.50409,1.50066,1.50376,0,0
2014-10-15,22:00:00,1.50375,1.50607,1.50313,1.50461,0,0
2014-10-15,23:00:00,1.5047,1.50598,1.5029,1.50582,0,0
2014-10-15,23:59:00,1.50544,1.50712,1.50508,1.50712,0,0
2014-10-16,01:00:00,1.50705,1.50757,1.50532,1.50593,0,0
2014-10-16,02:00:00,1.50593,1.50605,1.505,1.50536,0,0
2014-10-16,03:00:00,1.50528,1.50608,1.50428,1.50443,0,0
2014-10-16,04:00:00,1.50442,1.50537,1.50391,1.50506,0,0
2014-10-16,05:00:00,1.50499,1.50509,1.50399,1.50506,0,0
2014-10-16,06:00:00,1.50503,1.50549,1.50461,1.50462,0,0
2014-10-16,07:00:00,1.50462,1.5049,1.50373,1.50437,0,0
2014-10-16,08:00:00,1.50434,1.50478,1.50375,1.50415,0,0
2014-10-16,09:00:00,1.50423,1.50855,1.50342,1.50803,0,0
2014-10-16,10:00:00,1.50803,1.50878,1.50629,1.50777,0,0
2014-10-16,11:00:00,1.50772,1.51004,1.50554,1.50882,0,0
2014-10-16,12:00:00,1.50876,1.50911,1.50557,1.50911,0,0
2014-10-16,13:00:00,1.50936,1.51715,1.50903,1.51235,0,0
2014-10-16,14:00:00,1.51236,1.51379,1.51039,1.51344,0,0
2014-10-16,15:00:00,1.51356,1.51397,1.5113,1.51325,0,0
2014-10-16,16:00:00,1.51331,1.51653,1.51222,1.51528,0,0
2014-10-16,17:00:00,1.51517,1.51607,1.51222,1.51252,0,0
2014-10-16,18:00:00,1.51236,1.51409,1.51116,1.51389,0,0
2014-10-16,19:00:00,1.51392,1.5141,1.51255,1.51265,0,0
2014-10-16,20:00:00,1.51263,1.51472,1.51237,1.5144,0,0
2014-10-16,21:00:00,1.51458,1.51594,1.51411,1.51495,0,0
2014-10-16,22:00:00,1.51483,1.51758,1.51474,1.51758,0,0
2014-10-16,23:00:00,1.51736,1.51761,1.51586,1.51592,0,0
2014-10-16,23:59:00,1.51576,1.51661,1.51515,1.51549,0,0
2014-10-17,01:00:00,1.51532,1.51654,1.51532,1.51594,0,0
2014-10-17,02:00:00,1.51588,1.51804,1.51588,1.51731,0,0
2014-10-17,03:00:00,1.51734,1.51755,1.51457,1.515,0,0
2014-10-17,04:00:00,1.515,1.51659,1.51452,1.51645,0,0
2014-10-17,05:00:00,1.51649,1.51712,1.5161,1.5166,0,0
2014-10-17,06:00:00,1.51666,1.51687,1.51593,1.51624,0,0
2014-10-17,07:00:00,1.51624,1.51663,1.51597,1.51649,0,0
2014-10-17,08:00:00,1.51644,1.51667,1.5158,1.51582,0,0
2014-10-17,09:00:00,1.51582,1.51675,1.51377,1.51438,0,0
2014-10-17,10:00:00,1.51437,1.51742,1.51252,1.5174,0,0
2014-10-17,11:00:00,1.51728,1.51805,1.51479,1.51535,0,0
2014-10-17,12:00:00,1.5152,1.51767,1.5152,1.51616,0,0
2014-10-17,13:00:00,1.51616,1.51768,1.51549,1.51731,0,0
2014-10-17,14:00:00,1.5174,1.51878,1.51573,1.51573,0,0
2014-10-17,15:00:00,1.51578,1.51879,1.51578,1.51834,0,0
2014-10-17,16:00:00,1.51826,1.52034,1.51772,1.51986,0,0
2014-10-17,17:00:00,1.51967,1.52212,1.5192,1.52211,0,0
2014-10-17,18:00:00,1.52211,1.52344,1.52137,1.52267,0,0
2014-10-17,19:00:00,1.52277,1.52278,1.5211,1.52171,0,0
2014-10-17,20:00:00,1.52158,1.52183,1.52072,1.5218,0,0
2014-10-17,21:00:00,1.52174,1.52352,1.52161,1.52283,0,0
2014-10-17,22:00:00,1.52291,1.52363,1.52197,1.52221,0,0
2014-10-17,23:00:00,1.52224,1.52224,1.52224,1.52224,0,0
2014-10-20,01:00:00,1.52324,1.52469,1.52309,1.52409,0,0
2014-10-20,02:00:00,1.52412,1.52476,1.52375,1.52379,0,0
2014-10-20,03:00:00,1.52381,1.52381,1.52296,1.52332,0,0
2014-10-20,04:00:00,1.52332,1.52356,1.5228,1.52316,0,0
2014-10-20,05:00:00,1.52316,1.52411,1.52291,1.52381,0,0
2014-10-20,06:00:00,1.52378,1.52507,1.52358,1.52461,0,0
2014-10-20,07:00:00,1.52461,1.52523,1.52449,1.52502,0,0
2014-10-20,08:00:00,1.52502,1.5251,1.52422,1.52442,0,0
2014-10-20,09:00:00,1.52442,1.52479,1.52296,1.52414,0,0
2014-10-20,10:00:00,1.52414,1.52414,1.52063,1.52071,0,0
2014-10-20,11:00:00,1.52089,1.52409,1.52081,1.52376,0,0
2014-10-20,12:00:00,1.52378,1.5249,1.52334,1.52354,0,0
2014-10-20,13:00:00,1.52352,1.52457,1.52223,1.52253,0,0
2014-10-20,14:00:00,1.52261,1.52338,1.52104,1.52333,0,0
2014-10-20,15:00:00,1.52316,1.5253,1.52308,1.52515,0,0
2014-10-20,16:00:00,1.52525,1.52622,1.52429,1.52447,0,0
2014-10-20,17:00:00,1.52442,1.52501,1.52233,1.52244,0,0
2014-10-20,18:00:00,1.52242,1.52325,1.52226,1.52303,0,0
2014-10-20,19:00:00,1.52298,1.52329,1.52178,1.52196,0,0
2014-10-20,20:00:00,1.5219,1.5248,1.52184,1.52455,0,0
2014-10-20,21:00:00,1.52463,1.52471,1.52297,1.52314,0,0
2014-10-20,22:00:00,1.52314,1.52428,1.52285,1.52379,0,0
2014-10-20,23:00:00,1.52378,1.52414,1.52334,1.52369,0,0
2014-10-20,23:59:00,1.52339,1.52417,1.52311,1.52402,0,0
2014-10-21,01:00:00,1.52396,1.52453,1.52361,1.52414,0,0
2014-10-21,02:00:00,1.52408,1.52426,1.52355,1.52355,0,0
2014-10-21,03:00:00,1.52358,1.52424,1.52349,1.52415,0,0
2014-10-21,04:00:00,1.52413,1.52422,1.52329,1.52373,0,0
2014-10-21,05:00:00,1.52361,1.52414,1.52303,1.52332,0,0
2014-10-21,06:00:00,1.52331,1.52385,1.5226,1.52262,0,0
2014-10-21,07:00:00,1.52265,1.52305,1.52205,1.52244,0,0
2014-10-21,08:00:00,1.52239,1.52308,1.52227,1.52292,0,0
2014-10-21,09:00:00,1.52288,1.52311,1.52006,1.52164,0,0
2014-10-21,10:00:00,1.52165,1.52201,1.51925,1.52029,0,0
2014-10-21,11:00:00,1.52024,1.52274,1.52024,1.52251,0,0
2014-10-21,12:00:00,1.52255,1.52806,1.52208,1.5268,0,0
2014-10-21,13:00:00,1.52673,1.52809,1.52614,1.5279,0,0
2014-10-21,14:00:00,1.52777,1.52903,1.52534,1.52561,0,0
2014-10-21,15:00:00,1.5257,1.52896,1.5257,1.52852,0,0
2014-10-21,16:00:00,1.5285,1.53065,1.5281,1.5296,0,0
2014-10-21,17:00:00,1.52967,1.53149,1.52866,1.52883,0,0
2014-10-21,18:00:00,1.52888,1.53025,1.52857,1.52956,0,0
2014-10-21,19:00:00,1.52956,1.52979,1.52843,1.52859,0,0
2014-10-21,20:00:00,1.52861,1.52935,1.52779,1.52835,0,0
2014-10-21,21:00:00,1.5283,1.52863,1.52789,1.52863,0,0
2014-10-21,22:00:00,1.52864,1.52913,1.52842,1.52905,0,0
2014-10-21,23:00:00,1.52908,1.52928,1.52853,1.52923,0,0
2014-10-21,23:59:00,1.52901,1.53018,1.52832,1.52977,0,0
2014-10-22,01:00:00,1.52965,1.52982,1.5289,1.5291,0,0
2014-10-22,02:00:00,1.5291,1.52972,1.52879,1.52972,0,0
2014-10-22,03:00:00,1.52961,1.52977,1.52886,1.5297,0,0
2014-10-22,04:00:00,1.52973,1.52973,1.52872,1.52912,0,0
2014-10-22,05:00:00,1.52912,1.52947,1.52864,1.52889,0,0
2014-10-22,06:00:00,1.5289,1.52932,1.52845,1.52907,0,0
2014-10-22,07:00:00,1.52913,1.5295,1.52881,1.52936,0,0
2014-10-22,08:00:00,1.52937,1.52958,1.52849,1.52862,0,0
2014-10-22,09:00:00,1.52869,1.52883,1.5275,1.52761,0,0
2014-10-22,10:00:00,1.52741,1.52849,1.5248,1.52607,0,0
2014-10-22,11:00:00,1.52604,1.52816,1.5223,1.52372,0,0
2014-10-22,12:00:00,1.52359,1.525,1.52207,1.52466,0,0
2014-10-22,13:00:00,1.52467,1.52546,1.52409,1.52546,0,0
2014-10-22,14:00:00,1.52544,1.5256,1.52282,1.52426,0,0
2014-10-22,15:00:00,1.52416,1.52739,1.52401,1.52719,0,0
2014-10-22,16:00:00,1.52723,1.52785,1.5265,1.52716,0,0
2014-10-22,17:00:00,1.52727,1.52878,1.52727,1.52847,0,0
2014-10-22,18:00:00,1.52846,1.53185,1.52846,1.53129,0,0
2014-10-22,19:00:00,1.53135,1.53197,1.53029,1.53076,0,0
2014-10-22,20:00:00,1.53078,1.53115,1.53021,1.53049,0,0
2014-10-22,21:00:00,1.53048,1.53093,1.53012,1.53079,0,0
2014-10-22,22:00:00,1.53073,1.53124,1.53028,1.53044,0,0
2014-10-22,23:00:00,1.53055,1.5309,1.53015,1.53035,0,0
2014-10-22,23:59:00,1.53033,1.53091,1.52971,1.53014,0,0
2014-10-23,01:00:00,1.5301,1.53058,1.52978,1.53017,0,0
2014-10-23,02:00:00,1.53011,1.53073,1.53001,1.53058,0,0
2014-10-23,03:00:00,1.53058,1.53123,1.53029,1.53081,0,0
2014-10-23,04:00:00,1.53081,1.53176,1.53058,1.53156,0,0
2014-10-23,05:00:00,1.53156,1.53236,1.53128,1.532,0,0
2014-10-23,06:00:00,1.532,1.5322,1.53156,1.53176,0,0
2014-10-23,07:00:00,1.53176,1.53245,1.53165,1.53219,0,0
2014-10-23,08:00:00,1.53242,1.53242,1.53125,1.53143,0,0
2014-10-23,09:00:00,1.53144,1.53219,1.53048,1.53102,0,0
2014-10-23,10:00:00,1.53128,1.53182,1.52938,1.52998,0,0
2014-10-23,11:00:00,1.53007,1.53025,1.52413,1.52503,0,0
2014-10-23,12:00:00,1.52506,1.52639,1.52407,1.52628,0,0
2014-10-23,13:00:00,1.52618,1.52652,1.52436,1.52448,0,0
2014-10-23,14:00:00,1.52451,1.52676,1.52451,1.52612,0,0
2014-10-23,15:00:00,1.52602,1.52891,1.526,1.52737,0,0
2014-10-23,16:00:00,1.52737,1.52855,1.52661,1.52777,0,0
2014-10-23,17:00:00,1.52775,1.53022,1.52765,1.52962,0,0
2014-10-23,18:00:00,1.52959,1.52959,1.52848,1.52893,0,0
2014-10-23,19:00:00,1.52893,1.53076,1.52889,1.53039,0,0
2014-10-23,20:00:00,1.53047,1.53047,1.52937,1.52941,0,0
2014-10-23,21:00:00,1.52944,1.53017,1.52836,1.52865,0,0
2014-10-23,22:00:00,1.52858,1.52858,1.52716,1.52767,0,0
2014-10-23,23:00:00,1.5278,1.52969,1.52776,1.52925,0,0
2014-10-23,23:59:00,1.52915,1.52977,1.52879,1.52919,0,0
2014-10-24,01:00:00,1.52919,1.52962,1.52853,1.5294,0,0
2014-10-24,02:00:00,1.5294,1.52959,1.52846,1.52858,0,0
2014-10-24,03:00:00,1.52861,1.52897,1.5278,1.52844,0,0
2014-10-24,04:00:00,1.52846,1.52874,1.52794,1.52819,0,0
2014-10-24,05:00:00,1.52816,1.52844,1.52774,1.52824,0,0
2014-10-24,06:00:00,1.52823,1.52869,1.52798,1.52858,0,0
2014-10-24,07:00:00,1.5286,1.5296,1.52855,1.52959,0,0
2014-10-24,08:00:00,1.52957,1.52961,1.52864,1.5289,0,0
2014-10-24,09:00:00,1.52888,1.52892,1.52706,1.52871,0,0
2014-10-24,10:00:00,1.5285,1.53015,1.52819,1.52938,0,0
2014-10-24,11:00:00,1.52949,1.53175,1.52757,1.53065,0,0
2014-10-24,12:00:00,1.53058,1.53083,1.52866,1.52999,0,0
2014-10-24,13:00:00,1.52998,1.5304,1.52819,1.5289,0,0
2014-10-24,14:00:00,1.52887,1.52974,1.52791,1.52896,0,0
2014-10-24,15:00:00,1.52895,1.52992,1.52738,1.52745,0,0
2014-10-24,16:00:00,1.52766,1.52899,1.52613,1.52855,0,0
2014-10-24,17:00:00,1.52847,1.53124,1.52847,1.53108,0,0
2014-10-24,18:00:00,1.53106,1.53159,1.53054,1.53146,0,0
2014-10-24,19:00:00,1.53146,1.53191,1.53079,1.53079,0,0
2014-10-24,20:00:00,1.53063,1.53129,1.53044,1.53044,0,0
2014-10-24,21:00:00,1.53039,1.53181,1.53039,1.53088,0,0
2014-10-24,22:00:00,1.53071,1.53168,1.53052,1.53146,0,0
2014-10-24,23:00:00,1.53147,1.5315,1.53147,1.5315,0,0
2014-10-27,01:00:00,1.53136,1.53156,1.53005,1.53129,0,0
2014-10-27,02:00:00,1.53129,1.53129,1.53016,1.5305,0,0
2014-10-27,03:00:00,1.53048,1.53061,1.52961,1.5297,0,0
2014-10-27,04:00:00,1.52969,1.52982,1.52845,1.5287,0,0
2014-10-27,05:00:00,1.5289,1.52961,1.5284,1.5294,0,0
2014-10-27,06:00:00,1.5294,1.5296,1.52899,1.52921,0,0
2014-10-27,07:00:00,1.52921,1.52938,1.52901,1.52931,0,0
2014-10-27,08:00:00,1.5293,1.52952,1.52837,1.52937,0,0
2014-10-27,09:00:00,1.52936,1.53084,1.52917,1.53037,0,0
2014-10-27,10:00:00,1.53045,1.53062,1.52894,1.53011,0,0
2014-10-27,11:00:00,1.53039,1.53118,1.52993,1.53019,0,0
2014-10-27,12:00:00,1.53007,1.53236,1.52954,1.53232,0,0
2014-10-27,13:00:00,1.53237,1.53366,1.53122,1.53123,0,0
2014-10-27,14:00:00,1.5312,1.53238,1.53104,1.53204,0,0
2014-10-27,15:00:00,1.5321,1.5325,1.53128,1.53226,0,0
2014-10-27,16:00:00,1.53206,1.5324,1.52975,1.53073,0,0
2014-10-27,17:00:00,1.53071,1.531,1.52995,1.52997,0,0
2014-10-27,18:00:00,1.52995,1.53023,1.52883,1.52929,0,0
2014-10-27,19:00:00,1.52929,1.53043,1.52881,1.52973,0,0
2014-10-27,20:00:00,1.52965,1.53041,1.52963,1.52982,0,0
2014-10-27,21:00:00,1.52976,1.53013,1.5297,1.52999,0,0
2014-10-27,22:00:00,1.53001,1.53052,1.52987,1.53052,0,0
2014-10-27,23:00:00,1.5304,1.53064,1.52999,1.53034,0,0
2014-10-27,23:59:00,1.53024,1.53045,1.52995,1.52997,0,0
2014-10-28,01:00:00,1.52997,1.53072,1.52997,1.53025,0,0
2014-10-28,02:00:00,1.53028,1.53072,1.52906,1.5291,0,0
2014-10-28,03:00:00,1.52925,1.53072,1.52925,1.53002,0,0
2014-10-28,04:00:00,1.53005,1.53028,1.52946,1.52996,0,0
2014-10-28,05:00:00,1.52999,1.53037,1.52966,1.53021,0,0
2014-10-28,06:00:00,1.53019,1.53098,1.53015,1.53092,0,0
2014-10-28,07:00:00,1.53092,1.53143,1.53065,1.53107,0,0
2014-10-28,08:00:00,1.53102,1.5317,1.52999,1.53003,0,0
2014-10-28,09:00:00,1.53001,1.53038,1.5283,1.52906,0,0
2014-10-28,10:00:00,1.52906,1.52957,1.52829,1.52953,0,0
2014-10-28,11:00:00,1.5297,1.53085,1.52913,1.53024,0,0
2014-10-28,12:00:00,1.53021,1.53152,1.53004,1.53126,0,0
2014-10-28,13:00:00,1.53127,1.53189,1.52944,1.53052,0,0
2014-10-28,14:00:00,1.53051,1.53141,1.52862,1.52936,0,0
2014-10-28,15:00:00,1.52917,1.53089,1.52816,1.53061,0,0
2014-10-28,16:00:00,1.53085,1.53178,1.52953,1.52953,0,0
2014-10-28,17:00:00,1.52952,1.53035,1.52834,1.52887,0,0
2014-10-28,18:00:00,1.52881,1.52968,1.52881,1.52925,0,0
2014-10-28,19:00:00,1.52925,1.52953,1.52722,1.52762,0,0
2014-10-28,20:00:00,1.52767,1.52767,1.52613,1.52696,0,0
2014-10-28,21:00:00,1.52724,1.52816,1.52703,1.52805,0,0
2014-10-28,22:00:00,1.52794,1.52828,1.5277,1.52774,0,0
2014-10-28,23:00:00,1.52768,1.52834,1.52749,1.52786,0,0
2014-10-28,23:59:00,1.52788,1.52788,1.52723,1.5277,0,0
2014-10-29,01:00:00,1.52773,1.52824,1.52743,1.52798,0,0
2014-10-29,02:00:00,1.52803,1.52843,1.52767,1.52821,0,0
2014-10-29,03:00:00,1.52832,1.52838,1.52721,1.52721,0,0
2014-10-29,04:00:00,1.52719,1.52758,1.52687,1.5269,0,0
2014-10-29,05:00:00,1.5269,1.52776,1.5268,1.52776,0,0
2014-10-29,06:00:00,1.52776,1.52821,1.52765,1.52808,0,0
2014-10-29,07:00:00,1.5281,1.52834,1.52781,1.5279,0,0
2014-10-29,08:00:00,1.52789,1.52835,1.52753,1.52785,0,0
2014-10-29,09:00:00,1.5279,1.52839,1.52737,1.52739,0,0
2014-10-29,10:00:00,1.5274,1.52788,1.5266,1.52763,0,0
2014-10-29,11:00:00,1.5276,1.52819,1.52698,1.52732,0,0
2014-10-29,12:00:00,1.52729,1.52729,1.52514,1.52594,0,0
2014-10-29,13:00:00,1.52591,1.52622,1.52513,1.52616,0,0
2014-10-29,14:00:00,1.52611,1.52631,1.52485,1.52527,0,0
2014-10-29,15:00:00,1.52515,1.52632,1.52425,1.52582,0,0
2014-10-29,16:00:00,1.52597,1.52611,1.52501,1.52601,0,0
2014-10-29,17:00:00,1.52605,1.5267,1.52528,1.526,0,0
2014-10-29,18:00:00,1.52622,1.52648,1.52482,1.52557,0,0
2014-10-29,19:00:00,1.52557,1.52663,1.52363,1.52392,0,0
2014-10-29,20:00:00,1.52319,1.52877,1.52295,1.52761,0,0
2014-10-29,21:00:00,1.52777,1.52799,1.52645,1.52738,0,0
2014-10-29,22:00:00,1.52738,1.52893,1.52711,1.52875,0,0
2014-10-29,23:00:00,1.52865,1.52893,1.52749,1.52837,0,0
2014-10-29,23:59:00,1.52823,1.52872,1.52784,1.52837,0,0
2014-10-30,01:00:00,1.52832,1.52859,1.52768,1.52796,0,0
2014-10-30,02:00:00,1.52797,1.52797,1.52563,1.52576,0,0
2014-10-30,03:00:00,1.52575,1.52694,1.52568,1.52631,0,0
2014-10-30,04:00:00,1.52629,1.52714,1.52629,1.5271,0,0
2014-10-30,05:00:00,1.5271,1.52736,1.52657,1.52734,0,0
2014-10-30,06:00:00,1.52736,1.5286,1.52723,1.52855,0,0
2014-10-30,07:00:00,1.52855,1.53001,1.52844,1.52899,0,0
2014-10-30,08:00:00,1.52904,1.53073,1.52884,1.5304,0,0
2014-10-30,09:00:00,1.53054,1.53175,1.5299,1.5307,0,0
2014-10-30,10:00:00,1.53076,1.53363,1.53067,1.53202,0,0
2014-10-30,11:00:00,1.53198,1.53326,1.53138,1.53138,0,0
2014-10-30,12:00:00,1.53138,1.5329,1.53112,1.53283,0,0
2014-10-30,13:00:00,1.53286,1.53343,1.53129,1.53159,0,0
2014-10-30,14:00:00,1.5316,1.53331,1.53022,1.53101,0,0
2014-10-30,15:00:00,1.53106,1.532,1.53015,1.5305,0,0
2014-10-30,16:00:00,1.53071,1.53149,1.52991,1.53048,0,0
2014-10-30,17:00:00,1.5305,1.53086,1.52975,1.53026,0,0
2014-10-30,18:00:00,1.53032,1.53135,1.53013,1.53108,0,0
2014-10-30,19:00:00,1.53103,1.53103,1.52918,1.52942,0,0
2014-10-30,20:00:00,1.52938,1.53037,1.52933,1.52978,0,0
2014-10-30,21:00:00,1.52974,1.52997,1.52935,1.52969,0,0
2014-10-30,22:00:00,1.52969,1.52979,1.52928,1.52955,0,0
2014-10-30,23:00:00,1.52943,1.53013,1.52917,1.52956,0,0
2014-10-30,23:59:00,1.52953,1.52999,1.52923,1.5298,0,0
2014-10-31,01:00:00,1.52984,1.53,1.52917,1.5297,0,0
2014-10-31,02:00:00,1.5297,1.5299,1.52928,1.52963,0,0
2014-10-31,03:00:00,1.52963,1.53008,1.5294,1.52992,0,0
2014-10-31,04:00:00,1.52992,1.53018,1.52959,1.52981,0,0
2014-10-31,05:00:00,1.52978,1.53049,1.52974,1.53008,0,0
2014-10-31,06:00:00,1.53014,1.5315,1.5298,1.53131,0,0
2014-10-31,07:00:00,1.53133,1.53331,1.53123,1.53308,0,0
2014-10-31,08:00:00,1.53317,1.53392,1.5318,1.5331,0,0
2014-10-31,09:00:00,1.53305,1.536,1.53256,1.53459,0,0
2014-10-31,10:00:00,1.53459,1.5352,1.53301,1.53334,0,0
2014-10-31,11:00:00,1.5333,1.53526,1.53316,1.53421,0,0
2014-10-31,12:00:00,1.53338,1.53641,1.53254,1.5346,0,0
2014-10-31,13:00:00,1.53453,1.5353,1.53345,1.53413,0,0
2014-10-31,14:00:00,1.53418,1.53874,1.53417,1.53829,0,0
2014-10-31,15:00:00,1.5385,1.54089,1.53749,1.53889,0,0
2014-10-31,16:00:00,1.53879,1.54067,1.53879,1.54026,0,0
2014-10-31,17:00:00,1.54049,1.54169,1.53855,1.53951,0,0
2014-10-31,18:00:00,1.5396,1.53996,1.53789,1.53883,0,0
2014-10-31,19:00:00,1.53875,1.53923,1.5379,1.53885,0,0
2014-10-31,20:00:00,1.53887,1.53967,1.53859,1.53906,0,0
2014-10-31,21:00:00,1.53904,1.53935,1.53819,1.53899,0,0
2014-10-31,22:00:00,1.53899,1.5399,1.53868,1.53934,0,0
2014-10-31,23:00:00,1.53935,1.53935,1.53935,1.53935,0,0
2014-11-03,01:00:00,1.54021,1.54073,1.53962,1.5405,0,0
2014-11-03,02:00:00,1.54038,1.54342,1.53835,1.54176,0,0
2014-11-03,03:00:00,1.54189,1.54345,1.54105,1.54282,0,0
2014-11-03,04:00:00,1.54282,1.54323,1.54209,1.54248,0,0
2014-11-03,05:00:00,1.54248,1.54326,1.5422,1.5427,0,0
2014-11-03,06:00:00,1.54271,1.54289,1.54218,1.54251,0,0
2014-11-03,07:00:00,1.5425,1.54302,1.54204,1.54215,0,0
2014-11-03,08:00:00,1.54214,1.5423,1.54101,1.5417,0,0
2014-11-03,09:00:00,1.54174,1.54232,1.54077,1.54137,0,0
2014-11-03,10:00:00,1.54136,1.5437,1.54059,1.5427,0,0
2014-11-03,11:00:00,1.54291,1.54532,1.54185,1.54354,0,0
2014-11-03,12:00:00,1.54341,1.54389,1.54231,1.54336,0,0
2014-11-03,13:00:00,1.54325,1.54413,1.54282,1.5432,0,0
2014-11-03,14:00:00,1.54332,1.54403,1.54247,1.54343,0,0
2014-11-03,15:00:00,1.54346,1.54433,1.54156,1.54188,0,0
2014-11-03,16:00:00,1.54201,1.54241,1.54074,1.54141,0,0
2014-11-03,17:00:00,1.54123,1.54436,1.54079,1.54319,0,0
2014-11-03,18:00:00,1.54314,1.54336,1.54147,1.54328,0,0
2014-11-03,19:00:00,1.5433,1.54386,1.54276,1.54359,0,0
2014-11-03,20:00:00,1.54351,1.544,1.54279,1.54282,0,0
2014-11-03,21:00:00,1.54284,1.54335,1.5412,1.54146,0,0
2014-11-03,22:00:00,1.54146,1.54243,1.54141,1.54143,0,0
2014-11-03,23:00:00,1.54125,1.54269,1.54125,1.54239,0,0
2014-11-03,23:59:00,1.54246,1.54292,1.54133,1.54188,0,0
2014-11-04,01:00:00,1.5419,1.54207,1.54108,1.54145,0,0
2014-11-04,02:00:00,1.54145,1.54172,1.54011,1.5406,0,0
2014-11-04,03:00:00,1.54065,1.5418,1.54031,1.54175,0,0
2014-11-04,04:00:00,1.54172,1.54204,1.54104,1.54119,0,0
2014-11-04,05:00:00,1.54124,1.54166,1.53997,1.54008,0,0
2014-11-04,06:00:00,1.54016,1.54091,1.53996,1.54082,0,0
2014-11-04,07:00:00,1.54084,1.54097,1.54016,1.54078,0,0
2014-11-04,08:00:00,1.54078,1.54122,1.53975,1.54092,0,0
2014-11-04,09:00:00,1.5409,1.54212,1.54083,1.54094,0,0
2014-11-04,10:00:00,1.541,1.54272,1.541,1.54163,0,0
2014-11-04,11:00:00,1.54166,1.54265,1.54012,1.54063,0,0
2014-11-04,12:00:00,1.54037,1.54129,1.53913,1.54001,0,0
2014-11-04,13:00:00,1.53987,1.54121,1.53958,1.54099,0,0
2014-11-04,14:00:00,1.5411,1.5421,1.54069,1.54146,0,0
2014-11-04,15:00:00,1.54149,1.54186,1.54031,1.54102,0,0
2014-11-04,16:00:00,1.54098,1.54262,1.54098,1.54209,0,0
2014-11-04,17:00:00,1.54214,1.54214,1.53401,1.5342,0,0
2014-11-04,18:00:00,1.53425,1.53571,1.53396,1.53437,0,0
2014-11-04,19:00:00,1.53437,1.5356,1.53419,1.53541,0,0
2014-11-04,20:00:00,1.53548,1.53589,1.53511,1.53511,0,0
2014-11-04,21:00:00,1.53516,1.53569,1.53474,1.53514,0,0
2014-11-04,22:00:00,1.5351,1.53617,1.5351,1.53606,0,0
2014-11-04,23:00:00,1.53607,1.53624,1.53559,1.53574,0,0
2014-11-04,23:59:00,1.53571,1.53614,1.53472,1.53547,0,0
2014-11-05,01:00:00,1.5355,1.53575,1.53471,1.53551,0,0
2014-11-05,02:00:00,1.53551,1.53562,1.53435,1.53441,0,0
2014-11-05,03:00:00,1.53441,1.53521,1.53405,1.53519,0,0
2014-11-05,04:00:00,1.53519,1.53563,1.53488,1.53514,0,0
2014-11-05,05:00:00,1.53517,1.53517,1.53459,1.53491,0,0
2014-11-05,06:00:00,1.53496,1.53652,1.5347,1.53624,0,0
2014-11-05,07:00:00,1.53615,1.53674,1.534,1.5344,0,0
2014-11-05,08:00:00,1.53429,1.53537,1.53113,1.53329,0,0
2014-11-05,09:00:00,1.53316,1.53527,1.53284,1.53419,0,0
2014-11-05,10:00:00,1.53422,1.53633,1.53401,1.53535,0,0
2014-11-05,11:00:00,1.53542,1.53613,1.53156,1.53219,0,0
2014-11-05,12:00:00,1.53219,1.53288,1.53078,1.53196,0,0
2014-11-05,13:00:00,1.53201,1.53441,1.53192,1.53416,0,0
2014-11-05,14:00:00,1.53441,1.53557,1.53369,1.53557,0,0
2014-11-05,15:00:00,1.53557,1.53821,1.53384,1.53821,0,0
2014-11-05,16:00:00,1.53832,1.54029,1.53795,1.53958,0,0
2014-11-05,17:00:00,1.53946,1.54062,1.53817,1.54002,0,0
2014-11-05,18:00:00,1.54015,1.54143,1.53918,1.54082,0,0
2014-11-05,19:00:00,1.54078,1.54116,1.53985,1.53985,0,0
2014-11-05,20:00:00,1.53986,1.54099,1.53943,1.54099,0,0
2014-11-05,21:00:00,1.54101,1.54157,1.54049,1.54111,0,0
2014-11-05,22:00:00,1.54129,1.54147,1.53987,1.54044,0,0
2014-11-05,23:00:00,1.54044,1.54044,1.53959,1.53986,0,0
2014-11-05,23:59:00,1.53985,1.54001,1.53882,1.53971,0,0
2014-11-06,01:00:00,1.53957,1.54043,1.53907,1.53971,0,0
2014-11-06,02:00:00,1.53964,1.53991,1.53866,1.53885,0,0
2014-11-06,03:00:00,1.53899,1.53954,1.53818,1.53853,0,0
2014-11-06,04:00:00,1.53853,1.53881,1.53786,1.53852,0,0
2014-11-06,05:00:00,1.53854,1.53947,1.53785,1.53871,0,0
2014-11-06,06:00:00,1.53871,1.53877,1.53627,1.53656,0,0
2014-11-06,07:00:00,1.53656,1.53739,1.53562,1.53568,0,0
2014-11-06,08:00:00,1.53556,1.53748,1.53545,1.53698,0,0
2014-11-06,09:00:00,1.53703,1.53894,1.53703,1.5385,0,0
2014-11-06,10:00:00,1.53844,1.53911,1.53768,1.53868,0,0
2014-11-06,11:00:00,1.53868,1.53914,1.53601,1.53664,0,0
2014-11-06,12:00:00,1.53664,1.53763,1.53451,1.53596,0,0
2014-11-06,13:00:00,1.53607,1.53648,1.53408,1.53517,0,0
2014-11-06,14:00:00,1.53533,1.53598,1.53241,1.53256,0,0
2014-11-06,15:00:00,1.53252,1.54394,1.53158,1.54308,0,0
2014-11-06,16:00:00,1.54297,1.54454,1.53984,1.54069,0,0
2014-11-06,17:00:00,1.54092,1.54155,1.53919,1.53985,0,0
2014-11-06,18:00:00,1.53996,1.54059,1.53761,1.53877,0,0
2014-11-06,19:00:00,1.53887,1.5391,1.53796,1.53806,0,0
2014-11-06,20:00:00,1.53812,1.53999,1.53786,1.53931,0,0
2014-11-06,21:00:00,1.53934,1.53993,1.53895,1.53937,0,0
2014-11-06,22:00:00,1.53928,1.54138,1.53923,1.54108,0,0
2014-11-06,23:00:00,1.54109,1.5413,1.54049,1.54058,0,0
2014-11-06,23:59:00,1.54049,1.54093,1.53976,1.5405,0,0
2014-11-07,01:00:00,1.54033,1.54131,1.54018,1.54111,0,0
2014-11-07,02:00:00,1.54107,1.54158,1.54061,1.54099,0,0
2014-11-07,03:00:00,1.54106,1.54117,1.54028,1.54035,0,0
2014-11-07,04:00:00,1.54035,1.5408,1.54035,1.5406,0,0
2014-11-07,05:00:00,1.5406,1.54063,1.53947,1.53958,0,0
2014-11-07,06:00:00,1.5396,1.53987,1.53909,1.53947,0,0
2014-11-07,07:00:00,1.5395,1.53966,1.53897,1.53954,0,0
2014-11-07,08:00:00,1.53942,1.53973,1.53888,1.53937,0,0
2014-11-07,09:00:00,1.53947,1.54018,1.5382,1.53955,0,0
2014-11-07,10:00:00,1.53953,1.53956,1.5371,1.53749,0,0
2014-11-07,11:00:00,1.53747,1.5381,1.53567,1.53608,0,0
2014-11-07,12:00:00,1.53611,1.53755,1.53601,1.53672,0,0
2014-11-07,13:00:00,1.53673,1.53785,1.53564,1.53785,0,0
2014-11-07,14:00:00,1.53778,1.53783,1.53647,1.53678,0,0
2014-11-07,15:00:00,1.53675,1.53831,1.53424,1.53801,0,0
2014-11-07,16:00:00,1.53803,1.53809,1.53363,1.534,0,0
2014-11-07,17:00:00,1.53407,1.53567,1.53295,1.53554,0,0
2014-11-07,18:00:00,1.53553,1.53571,1.53361,1.53427,0,0
2014-11-07,19:00:00,1.53423,1.53458,1.53305,1.53407,0,0
2014-11-07,20:00:00,1.53409,1.5341,1.53125,1.53266,0,0
2014-11-07,21:00:00,1.5327,1.53509,1.53236,1.53418,0,0
2014-11-07,22:00:00,1.53412,1.5344,1.533,1.53369,0,0
2014-11-07,23:00:00,1.53351,1.53351,1.53351,1.53351,0,0
2014-11-10,01:00:00,1.53243,1.53336,1.53131,1.533,0,0
2014-11-10,02:00:00,1.53282,1.53317,1.53218,1.53228,0,0
2014-11-10,03:00:00,1.53228,1.53355,1.53228,1.533,0,0
2014-11-10,04:00:00,1.53279,1.53337,1.53234,1.5332,0,0
2014-11-10,05:00:00,1.53322,1.53322,1.53262,1.533,0,0
2014-11-10,06:00:00,1.533,1.53348,1.53268,1.53323,0,0
2014-11-10,07:00:00,1.53318,1.53391,1.53295,1.5338,0,0
2014-11-10,08:00:00,1.5338,1.53473,1.53342,1.53352,0,0
2014-11-10,09:00:00,1.53366,1.53442,1.53254,1.53282,0,0
2014-11-10,10:00:00,1.53276,1.53324,1.53099,1.53119,0,0
2014-11-10,11:00:00,1.53124,1.53202,1.53092,1.53159,0,0
2014-11-10,12:00:00,1.53159,1.53217,1.52963,1.52985,0,0
2014-11-10,13:00:00,1.52988,1.53187,1.52967,1.53175,0,0
2014-11-10,14:00:00,1.53199,1.53228,1.53072,1.53101,0,0
2014-11-10,15:00:00,1.53119,1.53257,1.53106,1.5322,0,0
2014-11-10,16:00:00,1.5322,1.53423,1.53198,1.53423,0,0
2014-11-10,17:00:00,1.53423,1.53483,1.53363,1.53376,0,0
2014-11-10,18:00:00,1.53357,1.53586,1.53343,1.53454,0,0
2014-11-10,19:00:00,1.53445,1.53478,1.53407,1.53423,0,0
2014-11-10,20:00:00,1.53424,1.53477,1.53368,1.53379,0,0
2014-11-10,21:00:00,1.53368,1.53449,1.5335,1.53433,0,0
2014-11-10,22:00:00,1.53423,1.53466,1.53398,1.53428,0,0
2014-11-10,23:00:00,1.53435,1.53435,1.53294,1.53373,0,0
2014-11-10,23:59:00,1.53363,1.53407,1.53325,1.53381,0,0
2014-11-11,01:00:00,1.53371,1.53448,1.5336,1.53413,0,0
2014-11-11,02:00:00,1.53393,1.53402,1.53333,1.53347,0,0
2014-11-11,03:00:00,1.5335,1.53373,1.53304,1.53351,0,0
2014-11-11,04:00:00,1.53361,1.53361,1.53303,1.53312,0,0
2014-11-11,05:00:00,1.53307,1.53333,1.53285,1.53333,0,0
2014-11-11,06:00:00,1.53333,1.53374,1.53305,1.53351,0,0
2014-11-11,07:00:00,1.53351,1.53374,1.53306,1.53328,0,0
2014-11-11,08:00:00,1.53328,1.53431,1.53314,1.53427,0,0
2014-11-11,09:00:00,1.53479,1.53578,1.53381,1.53531,0,0
2014-11-11,10:00:00,1.5352,1.53607,1.53439,1.53509,0,0
2014-11-11,11:00:00,1.53511,1.53695,1.5351,1.53652,0,0
2014-11-11,12:00:00,1.53625,1.53687,1.53495,1.53515,0,0
2014-11-11,13:00:00,1.53514,1.53649,1.53457,1.53649,0,0
2014-11-11,14:00:00,1.53646,1.53658,1.53436,1.53481,0,0
2014-11-11,15:00:00,1.53507,1.53557,1.53348,1.53533,0,0
2014-11-11,16:00:00,1.53557,1.53589,1.53482,1.53575,0,0
2014-11-11,17:00:00,1.53585,1.53676,1.53549,1.53636,0,0
2014-11-11,18:00:00,1.53637,1.53674,1.53339,1.5342,0,0
2014-11-11,19:00:00,1.53426,1.53516,1.53317,1.53317,0,0
2014-11-11,20:00:00,1.53323,1.53469,1.5329,1.53425,0,0
2014-11-11,21:00:00,1.53437,1.53556,1.53391,1.53523,0,0
2014-11-11,22:00:00,1.53545,1.53545,1.53472,1.53514,0,0
2014-11-11,23:00:00,1.53514,1.53566,1.53488,1.53491,0,0
2014-11-11,23:59:00,1.53474,1.53581,1.53456,1.53548,0,0
2014-11-12,01:00:00,1.53548,1.53604,1.5352,1.53589,0,0
2014-11-12,02:00:00,1.53581,1.53691,1.53562,1.53643,0,0
2014-11-12,03:00:00,1.53643,1.53685,1.53618,1.53653,0,0
2014-11-12,04:00:00,1.53653,1.5367,1.53574,1.53617,0,0
2014-11-12,05:00:00,1.53617,1.53641,1.53559,1.5358,0,0
2014-11-12,06:00:00,1.5358,1.53607,1.53535,1.53552,0,0
2014-11-12,07:00:00,1.53554,1.53613,1.53531,1.53555,0,0
2014-11-12,08:00:00,1.53552,1.53583,1.53476,1.53483,0,0
2014-11-12,09:00:00,1.5349,1.53502,1.53327,1.53329,0,0
2014-11-12,10:00:00,1.5333,1.53689,1.53327,1.53583,0,0
2014-11-12,11:00:00,1.53545,1.54085,1.53427,1.53987,0,0
2014-11-12,12:00:00,1.53982,1.53993,1.53165,1.5324,0,0
2014-11-12,13:00:00,1.53232,1.53266,1.52659,1.52857,0,0
2014-11-12,14:00:00,1.52859,1.52859,1.52521,1.52569,0,0
2014-11-12,15:00:00,1.52569,1.52648,1.52406,1.52576,0,0
2014-11-12,16:00:00,1.52593,1.52797,1.52507,1.52521,0,0
2014-11-12,17:00:00,1.52529,1.52589,1.52347,1.52506,0,0
2014-11-12,18:00:00,1.52494,1.52606,1.52374,1.5259,0,0
2014-11-12,19:00:00,1.5259,1.52711,1.52555,1.52646,0,0
2014-11-12,20:00:00,1.52629,1.52825,1.52629,1.52723,0,0
2014-11-12,21:00:00,1.52712,1.52728,1.5258,1.5259,0,0
2014-11-12,22:00:00,1.526,1.52654,1.52578,1.52615,0,0
2014-11-12,23:00:00,1.52601,1.52604,1.52451,1.52465,0,0
2014-11-12,23:59:00,1.52465,1.52517,1.52387,1.52478,0,0
2014-11-13,01:00:00,1.52475,1.52533,1.52439,1.52496,0,0
2014-11-13,02:00:00,1.52498,1.52521,1.52409,1.52452,0,0
2014-11-13,03:00:00,1.52448,1.52489,1.52365,1.52366,0,0
2014-11-13,04:00:00,1.52366,1.52417,1.52293,1.52403,0,0
2014-11-13,05:00:00,1.524,1.52448,1.52366,1.52403,0,0
2014-11-13,06:00:00,1.52398,1.52406,1.52352,1.52371,0,0
2014-11-13,07:00:00,1.52371,1.52399,1.52322,1.52399,0,0
2014-11-13,08:00:00,1.52354,1.52415,1.52344,1.52409,0,0
2014-11-13,09:00:00,1.52409,1.52463,1.52178,1.52214,0,0
2014-11-13,10:00:00,1.52226,1.52306,1.52072,1.5209,0,0
2014-11-13,11:00:00,1.5209,1.52107,1.51962,1.51998,0,0
2014-11-13,12:00:00,1.52001,1.52019,1.51825,1.51972,0,0
2014-11-13,13:00:00,1.51972,1.52023,1.51873,1.51876,0,0
2014-11-13,14:00:00,1.5189,1.51917,1.5174,1.51863,0,0
2014-11-13,15:00:00,1.51861,1.51891,1.51759,1.51843,0,0
2014-11-13,16:00:00,1.51829,1.51843,1.51726,1.51834,0,0
2014-11-13,17:00:00,1.51834,1.51834,1.51432,1.51592,0,0
2014-11-13,18:00:00,1.51603,1.5166,1.51384,1.51396,0,0
2014-11-13,19:00:00,1.51396,1.51497,1.51372,1.51471,0,0
2014-11-13,20:00:00,1.51459,1.51466,1.51285,1.51323,0,0
2014-11-13,21:00:00,1.51318,1.51331,1.5125,1.513,0,0
2014-11-13,22:00:00,1.513,1.51365,1.51291,1.51332,0,0
2014-11-13,23:00:00,1.51338,1.51377,1.51292,1.5133,0,0
2014-11-13,23:59:00,1.5133,1.51365,1.5128,1.51319,0,0
2014-11-14,01:00:00,1.51318,1.51352,1.51294,1.51306,0,0
2014-11-14,02:00:00,1.51306,1.51346,1.51167,1.51294,0,0
2014-11-14,03:00:00,1.51294,1.51328,1.51236,1.51276,0,0
2014-11-14,04:00:00,1.51279,1.51337,1.51238,1.51293,0,0
2014-11-14,05:00:00,1.51296,1.51416,1.51197,1.51301,0,0
2014-11-14,06:00:00,1.51301,1.51347,1.51251,1.51345,0,0
2014-11-14,07:00:00,1.51343,1.51394,1.51296,1.5138,0,0
2014-11-14,08:00:00,1.51393,1.51419,1.51305,1.51341,0,0
2014-11-14,09:00:00,1.5131,1.51474,1.5131,1.51359,0,0
2014-11-14,10:00:00,1.51334,1.51354,1.51123,1.51138,0,0
2014-11-14,11:00:00,1.51138,1.51396,1.51102,1.51163,0,0
2014-11-14,12:00:00,1.51124,1.5123,1.51055,1.51147,0,0
2014-11-14,13:00:00,1.51154,1.51226,1.51066,1.51123,0,0
2014-11-14,14:00:00,1.51128,1.51245,1.51104,1.51155,0,0
2014-11-14,15:00:00,1.51176,1.51335,1.51164,1.51247,0,0
2014-11-14,16:00:00,1.51261,1.5127,1.50974,1.51022,0,0
2014-11-14,17:00:00,1.51022,1.51022,1.50569,1.50605,0,0
2014-11-14,18:00:00,1.50631,1.50747,1.50505,1.50521,0,0
2014-11-14,19:00:00,1.50519,1.50521,1.5015,1.5026,0,0
2014-11-14,20:00:00,1.50262,1.50423,1.50226,1.50393,0,0
2014-11-14,21:00:00,1.50373,1.50373,1.50248,1.50368,0,0
2014-11-14,22:00:00,1.50368,1.50387,1.50262,1.50264,0,0
2014-11-14,23:00:00,1.50262,1.50262,1.50262,1.50262,0,0
2014-11-17,01:00:00,1.50349,1.5037,1.50275,1.50275,0,0
2014-11-17,02:00:00,1.50255,1.50312,1.50187,1.50312,0,0
2014-11-17,03:00:00,1.50313,1.50336,1.50172,1.50284,0,0
2014-11-17,04:00:00,1.50283,1.50325,1.5012,1.50301,0,0
2014-11-17,05:00:00,1.50308,1.50415,1.50262,1.50405,0,0
2014-11-17,06:00:00,1.50399,1.50571,1.50381,1.50558,0,0
2014-11-17,07:00:00,1.50561,1.5057,1.50511,1.50527,0,0
2014-11-17,08:00:00,1.50527,1.50597,1.50516,1.50549,0,0
2014-11-17,09:00:00,1.50538,1.50587,1.50312,1.50328,0,0
2014-11-17,10:00:00,1.50325,1.50344,1.50186,1.50226,0,0
2014-11-17,11:00:00,1.50231,1.50387,1.50208,1.50255,0,0
2014-11-17,12:00:00,1.50262,1.50357,1.5022,1.5031,0,0
2014-11-17,13:00:00,1.5031,1.50463,1.50259,1.50461,0,0
2014-11-17,14:00:00,1.50457,1.5046,1.50325,1.50357,0,0
2014-11-17,15:00:00,1.50357,1.50401,1.50253,1.50336,0,0
2014-11-17,16:00:00,1.50336,1.50749,1.50336,1.5072,0,0
2014-11-17,17:00:00,1.50746,1.50874,1.50726,1.50863,0,0
2014-11-17,18:00:00,1.50887,1.51019,1.50865,1.51004,0,0
2014-11-17,19:00:00,1.51004,1.5101,1.50892,1.50925,0,0
2014-11-17,20:00:00,1.50906,1.50984,1.50866,1.50866,0,0
2014-11-17,21:00:00,1.50866,1.50912,1.50812,1.50876,0,0
2014-11-17,22:00:00,1.50876,1.50923,1.50865,1.50923,0,0
2014-11-17,23:00:00,1.50916,1.5092,1.50859,1.5091,0,0
2014-11-17,23:59:00,1.5091,1.50949,1.50818,1.50837,0,0
2014-11-18,01:00:00,1.50836,1.50934,1.50836,1.50874,0,0
2014-11-18,02:00:00,1.50874,1.5088,1.50746,1.5077,0,0
2014-11-18,03:00:00,1.50772,1.5079,1.50736,1.5079,0,0
2014-11-18,04:00:00,1.5079,1.5079,1.50731,1.50744,0,0
2014-11-18,05:00:00,1.50744,1.50753,1.50697,1.50703,0,0
2014-11-18,06:00:00,1.50706,1.50773,1.50699,1.50737,0,0
2014-11-18,07:00:00,1.50753,1.50772,1.5072,1.50722,0,0
2014-11-18,08:00:00,1.50716,1.50806,1.50696,1.50758,0,0
2014-11-18,09:00:00,1.50758,1.5078,1.5059,1.50631,0,0
2014-11-18,10:00:00,1.50633,1.50676,1.50513,1.50535,0,0
2014-11-18,11:00:00,1.5053,1.5053,1.50222,1.50236,0,0
2014-11-18,12:00:00,1.50236,1.5037,1.49928,1.50349,0,0
2014-11-18,13:00:00,1.50354,1.50403,1.50229,1.50374,0,0
2014-11-18,14:00:00,1.50357,1.50366,1.50224,1.50292,0,0
2014-11-18,15:00:00,1.50289,1.50298,1.50062,1.50081,0,0
2014-11-18,16:00:00,1.50077,1.50366,1.50068,1.50217,0,0
2014-11-18,17:00:00,1.50217,1.50274,1.49923,1.50016,0,0
2014-11-18,18:00:00,1.4993,1.49945,1.49809,1.49939,0,0
2014-11-18,19:00:00,1.49937,1.5,1.49899,1.4998,0,0
2014-11-18,20:00:00,1.49973,1.49973,1.4977,1.49773,0,0
2014-11-18,21:00:00,1.49775,1.49868,1.49769,1.49851,0,0
2014-11-18,22:00:00,1.49818,1.49868,1.49769,1.49769,0,0
2014-11-18,23:00:00,1.49769,1.49818,1.49746,1.49794,0,0
2014-11-18,23:59:00,1.49794,1.49825,1.49719,1.49732,0,0
2014-11-19,01:00:00,1.49731,1.49808,1.49731,1.4979,0,0
2014-11-19,02:00:00,1.4979,1.49849,1.49719,1.49749,0,0
2014-11-19,03:00:00,1.49766,1.49833,1.4972,1.4972,0,0
2014-11-19,04:00:00,1.49724,1.49819,1.49724,1.49791,0,0
2014-11-19,05:00:00,1.49791,1.49821,1.49727,1.49796,0,0
2014-11-19,06:00:00,1.49798,1.49812,1.49731,1.49739,0,0
2014-11-19,07:00:00,1.49738,1.49843,1.49727,1.49789,0,0
2014-11-19,08:00:00,1.49778,1.49866,1.49753,1.49866,0,0
2014-11-19,09:00:00,1.49863,1.49907,1.49628,1.49629,0,0
2014-11-19,10:00:00,1.49629,1.49726,1.49433,1.49433,0,0
2014-11-19,11:00:00,1.4943,1.50033,1.49413,1.49991,0,0
2014-11-19,12:00:00,1.49994,1.50267,1.49993,1.50256,0,0
2014-11-19,13:00:00,1.50252,1.50333,1.5014,1.50304,0,0
2014-11-19,14:00:00,1.50298,1.50307,1.50145,1.50175,0,0
2014-11-19,15:00:00,1.5017,1.50209,1.49969,1.49998,0,0
2014-11-19,16:00:00,1.49998,1.50053,1.49955,1.49984,0,0
2014-11-19,17:00:00,1.49989,1.50168,1.4997,1.50127,0,0
2014-11-19,18:00:00,1.50211,1.5022,1.4996,1.49986,0,0
2014-11-19,19:00:00,1.49991,1.50105,1.49895,1.50096,0,0
2014-11-19,20:00:00,1.50097,1.50143,1.50035,1.50046,0,0
2014-11-19,21:00:00,1.49717,1.50257,1.49717,1.50132,0,0
2014-11-19,22:00:00,1.50125,1.50171,1.5011,1.50132,0,0
2014-11-19,23:00:00,1.50139,1.50165,1.50045,1.5006,0,0
2014-11-19,23:59:00,1.5006,1.50184,1.50029,1.50162,0,0
2014-11-20,01:00:00,1.50162,1.50162,1.50085,1.50118,0,0
2014-11-20,02:00:00,1.50121,1.50171,1.50091,1.50128,0,0
2014-11-20,03:00:00,1.50116,1.50196,1.50116,1.50118,0,0
2014-11-20,04:00:00,1.50102,1.50149,1.50068,1.5008,0,0
2014-11-20,05:00:00,1.5008,1.50107,1.50054,1.50074,0,0
2014-11-20,06:00:00,1.50074,1.50113,1.50031,1.50053,0,0
2014-11-20,07:00:00,1.50071,1.50119,1.50025,1.50049,0,0
2014-11-20,08:00:00,1.50049,1.50052,1.50013,1.50026,0,0
2014-11-20,09:00:00,1.50019,1.50022,1.49794,1.49914,0,0
2014-11-20,10:00:00,1.49941,1.50239,1.49651,1.50185,0,0
2014-11-20,11:00:00,1.50169,1.50568,1.50147,1.50398,0,0
2014-11-20,12:00:00,1.50391,1.50391,1.50102,1.50213,0,0
2014-11-20,13:00:00,1.50213,1.50322,1.50176,1.50322,0,0
2014-11-20,14:00:00,1.50338,1.50359,1.50191,1.50325,0,0
2014-11-20,15:00:00,1.50327,1.50549,1.50215,1.50323,0,0
2014-11-20,16:00:00,1.50323,1.5053,1.50152,1.50509,0,0
2014-11-20,17:00:00,1.50509,1.50645,1.50414,1.50414,0,0
2014-11-20,18:00:00,1.50414,1.50555,1.50387,1.50512,0,0
2014-11-20,19:00:00,1.50468,1.50507,1.50307,1.5034,0,0
2014-11-20,20:00:00,1.50335,1.50417,1.50306,1.5036,0,0
2014-11-20,21:00:00,1.50358,1.50375,1.50297,1.50314,0,0
2014-11-20,22:00:00,1.50314,1.50419,1.50306,1.50338,0,0
2014-11-20,23:00:00,1.50341,1.50395,1.50331,1.50375,0,0
2014-11-20,23:59:00,1.50371,1.50415,1.5032,1.50385,0,0
2014-11-21,01:00:00,1.50385,1.50408,1.50309,1.50388,0,0
2014-11-21,02:00:00,1.50403,1.50403,1.50301,1.50314,0,0
2014-11-21,03:00:00,1.50312,1.50335,1.50249,1.50324,0,0
2014-11-21,04:00:00,1.5033,1.5033,1.5025,1.50307,0,0
2014-11-21,05:00:00,1.50305,1.50342,1.50255,1.50262,0,0
2014-11-21,06:00:00,1.50256,1.50346,1.50254,1.50326,0,0
2014-11-21,07:00:00,1.50317,1.50373,1.50272,1.50322,0,0
2014-11-21,08:00:00,1.50324,1.50355,1.50216,1.50292,0,0
2014-11-21,09:00:00,1.50296,1.50379,1.50243,1.50329,0,0
2014-11-21,10:00:00,1.50329,1.50929,1.50228,1.50896,0,0
2014-11-21,11:00:00,1.50927,1.51161,1.50874,1.51153,0,0
2014-11-21,12:00:00,1.51153,1.51548,1.5107,1.5152,0,0
2014-11-21,13:00:00,1.5152,1.51676,1.51417,1.51573,0,0
2014-11-21,14:00:00,1.51573,1.51697,1.51381,1.51679,0,0
2014-11-21,15:00:00,1.51679,1.51841,1.51404,1.51476,0,0
2014-11-21,16:00:00,1.51476,1.51855,1.51348,1.51373,0,0
2014-11-21,17:00:00,1.51404,1.51778,1.51404,1.51778,0,0
2014-11-21,18:00:00,1.51775,1.51949,1.51726,1.51924,0,0
2014-11-21,19:00:00,1.51912,1.5195,1.51768,1.51782,0,0
2014-11-21,20:00:00,1.51782,1.51902,1.51754,1.51813,0,0
2014-11-21,21:00:00,1.51806,1.51809,1.5164,1.51741,0,0
2014-11-21,22:00:00,1.51739,1.5182,1.51676,1.5182,0,0
2014-11-21,23:00:00,1.51819,1.51819,1.5179,1.51803,0,0
2014-11-24,01:00:00,1.52113,1.52118,1.51961,1.51983,0,0
2014-11-24,02:00:00,1.51984,1.52017,1.51933,1.51985,0,0
2014-11-24,03:00:00,1.51991,1.52048,1.51948,1.51964,0,0
2014-11-24,04:00:00,1.51967,1.52022,1.51932,1.52006,0,0
2014-11-24,05:00:00,1.52006,1.52007,1.51889,1.51957,0,0
2014-11-24,06:00:00,1.51957,1.51962,1.51885,1.51961,0,0
2014-11-24,07:00:00,1.51961,1.51997,1.51922,1.51937,0,0
2014-11-24,08:00:00,1.51937,1.51987,1.51894,1.51966,0,0
2014-11-24,09:00:00,1.51968,1.51995,1.51773,1.51847,0,0
2014-11-24,10:00:00,1.5183,1.51952,1.51758,1.51876,0,0
2014-11-24,11:00:00,1.51877,1.51881,1.51481,1.5157,0,0
2014-11-24,12:00:00,1.51598,1.51718,1.51564,1.51684,0,0
2014-11-24,13:00:00,1.51681,1.52025,1.51631,1.51968,0,0
2014-11-24,14:00:00,1.51966,1.52074,1.51898,1.51919,0,0
2014-11-24,15:00:00,1.51919,1.51972,1.51782,1.51807,0,0
2014-11-24,16:00:00,1.51807,1.51925,1.51745,1.51814,0,0
2014-11-24,17:00:00,1.51825,1.51834,1.51723,1.51758,0,0
2014-11-24,18:00:00,1.51752,1.51894,1.51711,1.51869,0,0
2014-11-24,19:00:00,1.51868,1.51888,1.51782,1.51842,0,0
2014-11-24,20:00:00,1.5185,1.51867,1.51712,1.51712,0,0
2014-11-24,21:00:00,1.51708,1.51808,1.51703,1.51736,0,0
2014-11-24,22:00:00,1.51736,1.51798,1.51708,1.51749,0,0
2014-11-24,23:00:00,1.51748,1.51796,1.51732,1.51745,0,0
2014-11-24,23:59:00,1.51744,1.51786,1.51732,1.51772,0,0
2014-11-25,01:00:00,1.51778,1.51832,1.51759,1.51778,0,0
2014-11-25,02:00:00,1.51782,1.51846,1.51746,1.51846,0,0
2014-11-25,03:00:00,1.51839,1.51853,1.51734,1.51753,0,0
2014-11-25,04:00:00,1.51752,1.51781,1.51737,1.51768,0,0
2014-11-25,05:00:00,1.51772,1.51776,1.51671,1.51716,0,0
2014-11-25,06:00:00,1.51719,1.51813,1.51707,1.51803,0,0
2014-11-25,07:00:00,1.51801,1.51817,1.51765,1.51791,0,0
2014-11-25,08:00:00,1.51791,1.51827,1.51742,1.5176,0,0
2014-11-25,09:00:00,1.5176,1.51823,1.51676,1.51708,0,0
2014-11-25,10:00:00,1.51698,1.51698,1.51499,1.51639,0,0
2014-11-25,11:00:00,1.51644,1.51683,1.51487,1.51589,0,0
2014-11-25,12:00:00,1.51584,1.51665,1.51447,1.51484,0,0
2014-11-25,13:00:00,1.51487,1.51573,1.51427,1.51491,0,0
2014-11-25,14:00:00,1.51459,1.51733,1.51459,1.51624,0,0
2014-11-25,15:00:00,1.5162,1.5181,1.51587,1.5179,0,0
2014-11-25,16:00:00,1.51787,1.51797,1.51406,1.51545,0,0
2014-11-25,17:00:00,1.515,1.5159,1.51385,1.51495,0,0
2014-11-25,18:00:00,1.51488,1.5159,1.51483,1.51519,0,0
2014-11-25,19:00:00,1.51518,1.516,1.51504,1.516,0,0
2014-11-25,20:00:00,1.51602,1.51631,1.51457,1.51457,0,0
2014-11-25,21:00:00,1.51461,1.51529,1.51439,1.51469,0,0
2014-11-25,22:00:00,1.51467,1.51476,1.51354,1.51386,0,0
2014-11-25,23:00:00,1.51388,1.51407,1.51351,1.51387,0,0
2014-11-25,23:59:00,1.51385,1.51414,1.51351,1.51397,0,0
2014-11-26,01:00:00,1.51401,1.51443,1.51376,1.51428,0,0
2014-11-26,02:00:00,1.51426,1.51447,1.51371,1.51378,0,0
2014-11-26,03:00:00,1.51377,1.51437,1.51348,1.51421,0,0
2014-11-26,04:00:00,1.51421,1.51435,1.51369,1.51374,0,0
2014-11-26,05:00:00,1.51374,1.51426,1.51361,1.51375,0,0
2014-11-26,06:00:00,1.51375,1.51375,1.51263,1.51275,0,0
2014-11-26,07:00:00,1.51268,1.51359,1.51266,1.5135,0,0
2014-11-26,08:00:00,1.51349,1.51434,1.51345,1.51428,0,0
2014-11-26,09:00:00,1.51431,1.51518,1.51385,1.51492,0,0
2014-11-26,10:00:00,1.51499,1.51499,1.51235,1.51356,0,0
2014-11-26,11:00:00,1.51385,1.51525,1.51151,1.5152,0,0
2014-11-26,12:00:00,1.51524,1.51916,1.51457,1.51762,0,0
2014-11-26,13:00:00,1.51772,1.52066,1.51764,1.5202,0,0
2014-11-26,14:00:00,1.52026,1.52256,1.51937,1.51954,0,0
2014-11-26,15:00:00,1.51951,1.52086,1.51863,1.51909,0,0
2014-11-26,16:00:00,1.51913,1.51954,1.51825,1.51869,0,0
2014-11-26,17:00:00,1.51883,1.51883,1.51508,1.51515,0,0
2014-11-26,18:00:00,1.51523,1.5176,1.51426,1.51731,0,0
2014-11-26,19:00:00,1.51728,1.51742,1.51651,1.51675,0,0
2014-11-26,20:00:00,1.51678,1.51757,1.51644,1.51723,0,0
2014-11-26,21:00:00,1.51721,1.51784,1.51699,1.51726,0,0
2014-11-26,22:00:00,1.51722,1.51824,1.51717,1.51767,0,0
2014-11-26,23:00:00,1.51772,1.51797,1.51708,1.51747,0,0
2014-11-26,23:59:00,1.51757,1.51809,1.51716,1.51764,0,0
2014-11-27,01:00:00,1.51759,1.5177,1.51699,1.51726,0,0
2014-11-27,02:00:00,1.51726,1.51792,1.51699,1.51792,0,0
2014-11-27,03:00:00,1.51792,1.51826,1.51745,1.51757,0,0
2014-11-27,04:00:00,1.51757,1.5182,1.51736,1.5179,0,0
2014-11-27,05:00:00,1.51779,1.51791,1.51712,1.51746,0,0
2014-11-27,06:00:00,1.51746,1.51788,1.51719,1.5174,0,0
2014-11-27,07:00:00,1.51742,1.51789,1.51668,1.517,0,0
2014-11-27,08:00:00,1.51716,1.51795,1.51715,1.51783,0,0
2014-11-27,09:00:00,1.51778,1.519,1.51767,1.51851,0,0
2014-11-27,10:00:00,1.51851,1.51978,1.51828,1.51862,0,0
2014-11-27,11:00:00,1.51861,1.51983,1.51732,1.51883,0,0
2014-11-27,12:00:00,1.51873,1.51958,1.51659,1.51723,0,0
2014-11-27,13:00:00,1.51723,1.51802,1.51686,1.51747,0,0
2014-11-27,14:00:00,1.51735,1.51804,1.51643,1.51704,0,0
2014-11-27,15:00:00,1.51685,1.51747,1.51564,1.51581,0,0
2014-11-27,16:00:00,1.51586,1.51642,1.51497,1.51561,0,0
2014-11-27,17:00:00,1.51553,1.51612,1.51321,1.51377,0,0
2014-11-27,18:00:00,1.51366,1.51477,1.51293,1.51465,0,0
2014-11-27,19:00:00,1.5146,1.51492,1.51391,1.51485,0,0
2014-11-27,20:00:00,1.5149,1.51684,1.51479,1.51642,0,0
2014-11-27,21:00:00,1.51636,1.51666,1.51575,1.51634,0,0
2014-11-27,22:00:00,1.51648,1.51751,1.51629,1.51743,0,0
2014-11-27,23:00:00,1.51738,1.51738,1.51649,1.5165,0,0
2014-11-27,23:59:00,1.5165,1.51723,1.51575,1.51631,0,0
2014-11-28,01:00:00,1.51629,1.51666,1.516,1.51664,0,0
2014-11-28,02:00:00,1.51661,1.51706,1.51558,1.51592,0,0
2014-11-28,03:00:00,1.51593,1.5166,1.51587,1.51626,0,0
2014-11-28,04:00:00,1.51627,1.51675,1.51597,1.51675,0,0
2014-11-28,05:00:00,1.51671,1.51675,1.5162,1.51646,0,0
2014-11-28,06:00:00,1.51646,1.51664,1.51618,1.51641,0,0
2014-11-28,07:00:00,1.51638,1.51676,1.51615,1.51663,0,0
2014-11-28,08:00:00,1.51668,1.51696,1.51622,1.51651,0,0
2014-11-28,09:00:00,1.5164,1.51668,1.51435,1.51556,0,0
2014-11-28,10:00:00,1.51559,1.51678,1.51535,1.51625,0,0
2014-11-28,11:00:00,1.51626,1.51819,1.51495,1.51715,0,0
2014-11-28,12:00:00,1.51684,1.51701,1.51389,1.51432,0,0
2014-11-28,13:00:00,1.51439,1.51456,1.51098,1.51233,0,0
2014-11-28,14:00:00,1.51248,1.51266,1.51057,1.51111,0,0
2014-11-28,15:00:00,1.5111,1.51134,1.50967,1.50988,0,0
2014-11-28,16:00:00,1.50984,1.51091,1.50922,1.51058,0,0
2014-11-28,17:00:00,1.51053,1.51075,1.50689,1.50867,0,0
2014-11-28,18:00:00,1.50875,1.51113,1.50827,1.50997,0,0
2014-11-28,19:00:00,1.50998,1.51068,1.50846,1.50882,0,0
2014-11-28,20:00:00,1.50915,1.50921,1.50792,1.50919,0,0
2014-11-28,21:00:00,1.5092,1.50956,1.50831,1.50882,0,0
2014-11-28,22:00:00,1.50887,1.51012,1.50845,1.51012,0,0
2014-11-28,23:00:00,1.51025,1.51068,1.51017,1.5102,0,0
2014-12-01,01:00:00,1.51136,1.51209,1.51022,1.51047,0,0
2014-12-01,02:00:00,1.51043,1.5112,1.50874,1.50958,0,0
2014-12-01,03:00:00,1.50956,1.51007,1.50855,1.50967,0,0
2014-12-01,04:00:00,1.50967,1.50981,1.50892,1.50926,0,0
2014-12-01,05:00:00,1.50929,1.50937,1.50847,1.50848,0,0
2014-12-01,06:00:00,1.50844,1.5086,1.50819,1.5085,0,0
2014-12-01,07:00:00,1.50855,1.50914,1.50833,1.50896,0,0
2014-12-01,08:00:00,1.50896,1.50949,1.5084,1.50948,0,0
2014-12-01,09:00:00,1.50964,1.51172,1.50964,1.51086,0,0
2014-12-01,10:00:00,1.51091,1.51356,1.51071,1.51292,0,0
2014-12-01,11:00:00,1.5129,1.51381,1.51189,1.51257,0,0
2014-12-01,12:00:00,1.51253,1.51656,1.51253,1.51572,0,0
2014-12-01,13:00:00,1.51571,1.51647,1.51461,1.51562,0,0
2014-12-01,14:00:00,1.5156,1.51616,1.51476,1.51529,0,0
2014-12-01,15:00:00,1.51521,1.51741,1.51506,1.51621,0,0
2014-12-01,16:00:00,1.51617,1.51714,1.5147,1.51487,0,0
2014-12-01,17:00:00,1.51461,1.51587,1.51419,1.51503,0,0
2014-12-01,18:00:00,1.515,1.51612,1.51491,1.51568,0,0
2014-12-01,19:00:00,1.51572,1.51618,1.51512,1.51552,0,0
2014-12-01,20:00:00,1.51543,1.51758,1.5153,1.51748,0,0
2014-12-01,21:00:00,1.51741,1.51766,1.51681,1.51688,0,0
2014-12-01,22:00:00,1.5169,1.51766,1.5169,1.51753,0,0
2014-12-01,23:00:00,1.51749,1.51757,1.51682,1.51687,0,0
2014-12-01,23:59:00,1.51707,1.5174,1.5168,1.51702,0,0
2014-12-02,01:00:00,1.517,1.51754,1.51655,1.51733,0,0
2014-12-02,02:00:00,1.51734,1.51755,1.51663,1.51674,0,0
2014-12-02,03:00:00,1.51674,1.51829,1.51674,1.51794,0,0
2014-12-02,04:00:00,1.51792,1.51809,1.51773,1.51776,0,0
2014-12-02,05:00:00,1.51776,1.51803,1.5174,1.51797,0,0
2014-12-02,06:00:00,1.51797,1.51817,1.5174,1.51743,0,0
2014-12-02,07:00:00,1.51743,1.51781,1.51738,1.51756,0,0
2014-12-02,08:00:00,1.5176,1.51814,1.51692,1.51812,0,0
2014-12-02,09:00:00,1.51816,1.51851,1.51667,1.51739,0,0
2014-12-02,10:00:00,1.51728,1.5213,1.51728,1.52098,0,0
2014-12-02,11:00:00,1.52093,1.52132,1.51892,1.52057,0,0
2014-12-02,12:00:00,1.52055,1.52147,1.5197,1.5197,0,0
2014-12-02,13:00:00,1.5197,1.51977,1.51724,1.51743,0,0
2014-12-02,14:00:00,1.51764,1.51764,1.51579,1.5163,0,0
2014-12-02,15:00:00,1.51631,1.51856,1.51586,1.51788,0,0
2014-12-02,16:00:00,1.51787,1.51855,1.51763,1.51816,0,0
2014-12-02,17:00:00,1.51807,1.51981,1.51797,1.51937,0,0
2014-12-02,18:00:00,1.51948,1.52088,1.51846,1.52088,0,0
2014-12-02,19:00:00,1.52077,1.52081,1.51974,1.52052,0,0
2014-12-02,20:00:00,1.52055,1.5214,1.52008,1.52106,0,0
2014-12-02,21:00:00,1.5211,1.5211,1.5197,1.52061,0,0
2014-12-02,22:00:00,1.52058,1.52069,1.52008,1.52021,0,0
2014-12-02,23:00:00,1.52007,1.52048,1.51963,1.51963,0,0
2014-12-02,23:59:00,1.5195,1.52053,1.5195,1.51987,0,0
2014-12-03,01:00:00,1.51996,1.5206,1.51961,1.52029,0,0
2014-12-03,02:00:00,1.52034,1.52057,1.51966,1.52011,0,0
2014-12-03,03:00:00,1.52013,1.52055,1.51991,1.52002,0,0
2014-12-03,04:00:00,1.52002,1.52028,1.51981,1.52019,0,0
2014-12-03,05:00:00,1.52028,1.52045,1.51989,1.51997,0,0
2014-12-03,06:00:00,1.51994,1.52041,1.51978,1.52027,0,0
2014-12-03,07:00:00,1.52027,1.52088,1.52016,1.52084,0,0
2014-12-03,08:00:00,1.5216,1.52225,1.52084,1.52109,0,0
2014-12-03,09:00:00,1.52104,1.5221,1.51962,1.5203,0,0
2014-12-03,10:00:00,1.52028,1.52578,1.5197,1.52559,0,0
2014-12-03,11:00:00,1.52557,1.52723,1.52486,1.52644,0,0
2014-12-03,12:00:00,1.52637,1.52808,1.52477,1.52762,0,0
2014-12-03,13:00:00,1.52761,1.52854,1.52573,1.52825,0,0
2014-12-03,14:00:00,1.52823,1.5293,1.52811,1.52841,0,0
2014-12-03,15:00:00,1.52849,1.53033,1.52845,1.53,0,0
2014-12-03,16:00:00,1.53001,1.53232,1.52995,1.53178,0,0
2014-12-03,17:00:00,1.53172,1.53382,1.53172,1.5338,0,0
2014-12-03,18:00:00,1.53378,1.53558,1.53377,1.53485,0,0
2014-12-03,19:00:00,1.53484,1.53541,1.53417,1.53502,0,0
2014-12-03,20:00:00,1.53498,1.53507,1.53303,1.53364,0,0
2014-12-03,21:00:00,1.53361,1.53407,1.53311,1.53328,0,0
2014-12-03,22:00:00,1.5333,1.53352,1.53236,1.533,0,0
2014-12-03,23:00:00,1.53294,1.53319,1.5326,1.53284,0,0
2014-12-03,23:59:00,1.5329,1.53337,1.53273,1.53306,0,0
2014-12-04,01:00:00,1.53303,1.53337,1.53274,1.53318,0,0
2014-12-04,02:00:00,1.53309,1.5339,1.53294,1.5334,0,0
2014-12-04,03:00:00,1.53353,1.53362,1.53266,1.53288,0,0
2014-12-04,04:00:00,1.53283,1.53337,1.53265,1.53297,0,0
2014-12-04,05:00:00,1.53298,1.53317,1.53257,1.5329,0,0
2014-12-04,06:00:00,1.5329,1.53322,1.53256,1.53318,0,0
2014-12-04,07:00:00,1.53316,1.53325,1.53211,1.53254,0,0
2014-12-04,08:00:00,1.53254,1.53359,1.53227,1.53306,0,0
2014-12-04,09:00:00,1.53306,1.5349,1.53274,1.53461,0,0
2014-12-04,10:00:00,1.53455,1.53466,1.53114,1.53165,0,0
2014-12-04,11:00:00,1.53176,1.53185,1.53032,1.53144,0,0
2014-12-04,12:00:00,1.53139,1.53338,1.53139,1.53328,0,0
2014-12-04,13:00:00,1.53327,1.53334,1.53022,1.53231,0,0
2014-12-04,14:00:00,1.5324,1.53258,1.53008,1.53031,0,0
2014-12-04,15:00:00,1.53025,1.53234,1.52167,1.52282,0,0
2014-12-04,16:00:00,1.5229,1.5256,1.51969,1.51986,0,0
2014-12-04,17:00:00,1.51977,1.52143,1.51726,1.51731,0,0
2014-12-04,18:00:00,1.51736,1.51935,1.51688,1.51889,0,0
2014-12-04,19:00:00,1.51883,1.52411,1.51878,1.52292,0,0
2014-12-04,20:00:00,1.52294,1.52373,1.52246,1.52373,0,0
2014-12-04,21:00:00,1.52372,1.52398,1.5229,1.52314,0,0
2014-12-04,22:00:00,1.52293,1.523,1.52139,1.5217,0,0
2014-12-04,23:00:00,1.5217,1.52215,1.52133,1.52176,0,0
2014-12-04,23:59:00,1.52193,1.52208,1.52152,1.52165,0,0
2014-12-05,01:00:00,1.52169,1.52188,1.52127,1.52174,0,0
2014-12-05,02:00:00,1.52171,1.52187,1.51782,1.51894,0,0
2014-12-05,03:00:00,1.51909,1.52061,1.51888,1.5206,0,0
2014-12-05,04:00:00,1.52057,1.52115,1.52018,1.52037,0,0
2014-12-05,05:00:00,1.52037,1.52081,1.51977,1.51993,0,0
2014-12-05,06:00:00,1.51991,1.52013,1.51869,1.51875,0,0
2014-12-05,07:00:00,1.5188,1.51903,1.51756,1.51766,0,0
2014-12-05,08:00:00,1.51766,1.52004,1.51722,1.51962,0,0
2014-12-05,09:00:00,1.51979,1.52102,1.51853,1.51948,0,0
2014-12-05,10:00:00,1.51946,1.52139,1.51946,1.52104,0,0
2014-12-05,11:00:00,1.52118,1.52378,1.52107,1.523,0,0
2014-12-05,12:00:00,1.52304,1.52549,1.52304,1.52491,0,0
2014-12-05,13:00:00,1.5249,1.52672,1.52489,1.52533,0,0
2014-12-05,14:00:00,1.52548,1.52688,1.52429,1.52429,0,0
2014-12-05,15:00:00,1.52419,1.53155,1.52351,1.52825,0,0
2014-12-05,16:00:00,1.5283,1.52851,1.52516,1.52624,0,0
2014-12-05,17:00:00,1.52599,1.52599,1.52357,1.52401,0,0
2014-12-05,18:00:00,1.52405,1.52486,1.52329,1.52363,0,0
2014-12-05,19:00:00,1.52387,1.52477,1.52358,1.52447,0,0
2014-12-05,20:00:00,1.52432,1.52531,1.52412,1.52524,0,0
2014-12-05,21:00:00,1.52534,1.52542,1.52334,1.52387,0,0
2014-12-05,22:00:00,1.52384,1.52395,1.52265,1.52286,0,0
2014-12-05,23:00:00,1.52274,1.52311,1.52274,1.52301,0,0
2014-12-08,01:00:00,1.52313,1.52314,1.52162,1.52255,0,0
2014-12-08,02:00:00,1.52263,1.52351,1.5224,1.52327,0,0
2014-12-08,03:00:00,1.52331,1.52351,1.52217,1.52322,0,0
2014-12-08,04:00:00,1.52317,1.52358,1.52267,1.52285,0,0
2014-12-08,05:00:00,1.52287,1.52296,1.52233,1.52293,0,0
2014-12-08,06:00:00,1.52294,1.52302,1.52221,1.52225,0,0
2014-12-08,07:00:00,1.52236,1.52261,1.52172,1.52194,0,0
2014-12-08,08:00:00,1.52194,1.52319,1.52194,1.52287,0,0
2014-12-08,09:00:00,1.52278,1.52382,1.52195,1.52336,0,0
2014-12-08,10:00:00,1.52341,1.52671,1.523,1.52592,0,0
2014-12-08,11:00:00,1.52597,1.52825,1.52574,1.52804,0,0
2014-12-08,12:00:00,1.52811,1.53013,1.52761,1.52978,0,0
2014-12-08,13:00:00,1.52985,1.53172,1.52985,1.53073,0,0
2014-12-08,14:00:00,1.53082,1.53193,1.5306,1.53193,0,0
2014-12-08,15:00:00,1.53186,1.5321,1.53016,1.53042,0,0
2014-12-08,16:00:00,1.53045,1.53094,1.5288,1.52907,0,0
2014-12-08,17:00:00,1.52902,1.52992,1.52745,1.52756,0,0
2014-12-08,18:00:00,1.52746,1.52808,1.52691,1.52747,0,0
2014-12-08,19:00:00,1.52743,1.52773,1.52583,1.52612,0,0
2014-12-08,20:00:00,1.52608,1.52761,1.5256,1.52761,0,0
2014-12-08,21:00:00,1.52775,1.52795,1.52645,1.52734,0,0
2014-12-08,22:00:00,1.52745,1.52749,1.52691,1.52738,0,0
2014-12-08,23:00:00,1.52726,1.52794,1.52702,1.52729,0,0
2014-12-08,23:59:00,1.52721,1.52829,1.52711,1.52749,0,0
2014-12-09,01:00:00,1.52752,1.52796,1.52706,1.52753,0,0
2014-12-09,02:00:00,1.52753,1.52789,1.52701,1.52768,0,0
2014-12-09,03:00:00,1.52768,1.52773,1.52669,1.52712,0,0
2014-12-09,04:00:00,1.52718,1.52722,1.52654,1.52684,0,0
2014-12-09,05:00:00,1.52685,1.52775,1.5265,1.52761,0,0
2014-12-09,06:00:00,1.52765,1.52775,1.5261,1.52637,0,0
2014-12-09,07:00:00,1.52633,1.52677,1.52529,1.52601,0,0
2014-12-09,08:00:00,1.52605,1.52637,1.52463,1.52559,0,0
2014-12-09,09:00:00,1.52568,1.52749,1.52547,1.52666,0,0
2014-12-09,10:00:00,1.52656,1.52678,1.52361,1.5245,0,0
2014-12-09,11:00:00,1.52456,1.52472,1.52237,1.52271,0,0
2014-12-09,12:00:00,1.5227,1.52325,1.52109,1.52161,0,0
2014-12-09,13:00:00,1.52167,1.52219,1.52129,1.52129,0,0
2014-12-09,14:00:00,1.52135,1.52175,1.5203,1.52033,0,0
2014-12-09,15:00:00,1.52035,1.5214,1.51884,1.51958,0,0
2014-12-09,16:00:00,1.51957,1.51975,1.5175,1.51816,0,0
2014-12-09,17:00:00,1.51819,1.5186,1.51494,1.51752,0,0
2014-12-09,18:00:00,1.51753,1.52024,1.51734,1.51892,0,0
2014-12-09,19:00:00,1.51873,1.5208,1.51859,1.52059,0,0
2014-12-09,20:00:00,1.52045,1.52102,1.5196,1.52005,0,0
2014-12-09,21:00:00,1.52003,1.52076,1.51943,1.52067,0,0
2014-12-09,22:00:00,1.52065,1.52202,1.52044,1.52185,0,0
2014-12-09,23:00:00,1.52184,1.52203,1.521,1.52138,0,0
2014-12-09,23:59:00,1.52127,1.5218,1.52069,1.52123,0,0
2014-12-10,01:00:00,1.52123,1.52192,1.52071,1.52174,0,0
2014-12-10,02:00:00,1.52174,1.52203,1.52079,1.52096,0,0
2014-12-10,03:00:00,1.52091,1.52242,1.52087,1.5223,0,0
2014-12-10,04:00:00,1.52233,1.52243,1.52139,1.52152,0,0
2014-12-10,05:00:00,1.52145,1.52149,1.52058,1.52078,0,0
2014-12-10,06:00:00,1.52079,1.52088,1.51962,1.51985,0,0
2014-12-10,07:00:00,1.51987,1.52091,1.51968,1.52088,0,0
2014-12-10,08:00:00,1.52088,1.52223,1.5207,1.52209,0,0
2014-12-10,09:00:00,1.52212,1.52339,1.52132,1.52135,0,0
2014-12-10,10:00:00,1.52135,1.52339,1.52108,1.52108,0,0
2014-12-10,11:00:00,1.5211,1.5223,1.51878,1.51967,0,0
2014-12-10,12:00:00,1.51966,1.52099,1.51934,1.51979,0,0
2014-12-10,13:00:00,1.51979,1.52412,1.51969,1.52402,0,0
2014-12-10,14:00:00,1.52395,1.52407,1.52231,1.52326,0,0
2014-12-10,15:00:00,1.52328,1.52381,1.5215,1.5222,0,0
2014-12-10,16:00:00,1.52223,1.52257,1.51996,1.51996,0,0
2014-12-10,17:00:00,1.51998,1.5204,1.51858,1.5199,0,0
2014-12-10,18:00:00,1.51991,1.52021,1.51799,1.51808,0,0
2014-12-10,19:00:00,1.51809,1.52046,1.51763,1.52022,0,0
2014-12-10,20:00:00,1.52028,1.52042,1.51882,1.51882,0,0
2014-12-10,21:00:00,1.51882,1.51925,1.5182,1.51847,0,0
2014-12-10,22:00:00,1.51839,1.51986,1.51822,1.51866,0,0
2014-12-10,23:00:00,1.51861,1.51908,1.51807,1.51818,0,0
2014-12-10,23:59:00,1.51821,1.51908,1.51793,1.51885,0,0
2014-12-11,01:00:00,1.51884,1.5209,1.51769,1.51791,0,0
2014-12-11,02:00:00,1.51787,1.51875,1.51616,1.5178,0,0
2014-12-11,03:00:00,1.51775,1.51865,1.5169,1.51835,0,0
2014-12-11,04:00:00,1.51831,1.51917,1.51734,1.51788,0,0
2014-12-11,05:00:00,1.51785,1.51824,1.5175,1.51794,0,0
2014-12-11,06:00:00,1.51789,1.51859,1.51747,1.51851,0,0
2014-12-11,07:00:00,1.51852,1.5195,1.51823,1.51885,0,0
2014-12-11,08:00:00,1.51885,1.51971,1.51757,1.51766,0,0
2014-12-11,09:00:00,1.51766,1.51804,1.51427,1.5144,0,0
2014-12-11,10:00:00,1.51443,1.51659,1.51283,1.51302,0,0
2014-12-11,11:00:00,1.51311,1.51508,1.51291,1.51489,0,0
2014-12-11,12:00:00,1.51482,1.51535,1.51038,1.51038,0,0
2014-12-11,13:00:00,1.51052,1.51226,1.51011,1.51146,0,0
2014-12-11,14:00:00,1.51158,1.51464,1.5111,1.5146,0,0
2014-12-11,15:00:00,1.51462,1.51702,1.51399,1.51692,0,0
2014-12-11,16:00:00,1.51702,1.52099,1.51696,1.51957,0,0
2014-12-11,17:00:00,1.51958,1.5229,1.51899,1.52231,0,0
2014-12-11,18:00:00,1.52245,1.52314,1.52132,1.52167,0,0
2014-12-11,19:00:00,1.52169,1.5235,1.52131,1.523,0,0
2014-12-11,20:00:00,1.52301,1.5244,1.52239,1.52389,0,0
2014-12-11,21:00:00,1.52388,1.52424,1.52203,1.52239,0,0
2014-12-11,22:00:00,1.52237,1.52382,1.52237,1.52358,0,0
2014-12-11,23:00:00,1.52352,1.52352,1.52174,1.52196,0,0
2014-12-11,23:59:00,1.52223,1.52329,1.52215,1.5223,0,0
2014-12-12,01:00:00,1.52221,1.52378,1.52221,1.52308,0,0
2014-12-12,02:00:00,1.5231,1.52392,1.52162,1.52248,0,0
2014-12-12,03:00:00,1.52247,1.52374,1.52241,1.52241,0,0
2014-12-12,04:00:00,1.52241,1.5232,1.52228,1.52249,0,0
2014-12-12,05:00:00,1.52248,1.52324,1.52247,1.52322,0,0
2014-12-12,06:00:00,1.52321,1.52348,1.52244,1.52288,0,0
2014-12-12,07:00:00,1.52285,1.52348,1.52275,1.5234,0,0
2014-12-12,08:00:00,1.52337,1.52392,1.52276,1.52389,0,0
2014-12-12,09:00:00,1.52388,1.52498,1.52157,1.52157,0,0
2014-12-12,10:00:00,1.5216,1.52211,1.51662,1.51731,0,0
2014-12-12,11:00:00,1.5174,1.51777,1.51601,1.51748,0,0
2014-12-12,12:00:00,1.51744,1.51762,1.51622,1.51694,0,0
2014-12-12,13:00:00,1.51693,1.51752,1.51414,1.51489,0,0
2014-12-12,14:00:00,1.51496,1.51677,1.5149,1.515,0,0
2014-12-12,15:00:00,1.51503,1.5161,1.51432,1.51519,0,0
2014-12-12,16:00:00,1.5152,1.51693,1.51454,1.51693,0,0
2014-12-12,17:00:00,1.51703,1.51727,1.51191,1.51196,0,0
2014-12-12,18:00:00,1.5124,1.51553,1.51233,1.51246,0,0
2014-12-12,19:00:00,1.5125,1.5145,1.5125,1.5145,0,0
2014-12-12,20:00:00,1.51454,1.51592,1.51394,1.51563,0,0
2014-12-12,21:00:00,1.51565,1.51565,1.51367,1.51461,0,0
2014-12-12,22:00:00,1.51462,1.51536,1.51407,1.51521,0,0
2014-12-12,23:00:00,1.51526,1.51548,1.51525,1.51534,0,0
2014-12-15,01:00:00,1.51397,1.51604,1.51378,1.51498,0,0
2014-12-15,02:00:00,1.51498,1.51616,1.51465,1.51544,0,0
2014-12-15,03:00:00,1.51536,1.51553,1.51447,1.51478,0,0
2014-12-15,04:00:00,1.5147,1.51514,1.51461,1.51507,0,0
2014-12-15,05:00:00,1.51505,1.51688,1.51502,1.51688,0,0
2014-12-15,06:00:00,1.51684,1.51684,1.51617,1.51671,0,0
2014-12-15,07:00:00,1.51674,1.51703,1.51629,1.51685,0,0
2014-12-15,08:00:00,1.51685,1.51786,1.51632,1.51763,0,0
2014-12-15,09:00:00,1.51764,1.5179,1.5154,1.51675,0,0
2014-12-15,10:00:00,1.51677,1.51868,1.51662,1.51762,0,0
2014-12-15,11:00:00,1.51762,1.5186,1.51762,1.51799,0,0
2014-12-15,12:00:00,1.51801,1.51804,1.51413,1.51442,0,0
2014-12-15,13:00:00,1.51445,1.51461,1.51303,1.51354,0,0
2014-12-15,14:00:00,1.51356,1.51421,1.51284,1.51347,0,0
2014-12-15,15:00:00,1.51344,1.51369,1.51138,1.51256,0,0
2014-12-15,16:00:00,1.51262,1.51272,1.51158,1.51186,0,0
2014-12-15,17:00:00,1.51182,1.512,1.50811,1.50924,0,0
2014-12-15,18:00:00,1.50927,1.50939,1.50599,1.50782,0,0
2014-12-15,19:00:00,1.5081,1.51086,1.50767,1.51007,0,0
2014-12-15,20:00:00,1.50997,1.51085,1.50968,1.51028,0,0
2014-12-15,21:00:00,1.51028,1.51028,1.50889,1.51025,0,0
2014-12-15,22:00:00,1.51035,1.51067,1.50919,1.50919,0,0
2014-12-15,23:00:00,1.50917,1.50976,1.50911,1.50937,0,0
2014-12-15,23:59:00,1.50951,1.51003,1.50918,1.50927,0,0
2014-12-16,01:00:00,1.50908,1.50985,1.50899,1.5098,0,0
2014-12-16,02:00:00,1.50981,1.50988,1.50846,1.50913,0,0
2014-12-16,03:00:00,1.50911,1.50964,1.50903,1.50943,0,0
2014-12-16,04:00:00,1.50939,1.50956,1.50888,1.5091,0,0
2014-12-16,05:00:00,1.50908,1.50946,1.50789,1.50822,0,0
2014-12-16,06:00:00,1.50823,1.50889,1.5082,1.50877,0,0
2014-12-16,07:00:00,1.50861,1.50892,1.50813,1.50837,0,0
2014-12-16,08:00:00,1.50837,1.51156,1.50819,1.51088,0,0
2014-12-16,09:00:00,1.51081,1.51152,1.50894,1.50909,0,0
2014-12-16,10:00:00,1.50911,1.51016,1.50546,1.50615,0,0
2014-12-16,11:00:00,1.50584,1.50803,1.49946,1.50685,0,0
2014-12-16,12:00:00,1.50696,1.50977,1.50577,1.50953,0,0
2014-12-16,13:00:00,1.50951,1.51019,1.50563,1.506,0,0
2014-12-16,14:00:00,1.50609,1.50918,1.50513,1.50714,0,0
2014-12-16,15:00:00,1.50714,1.5109,1.5064,1.51015,0,0
2014-12-16,16:00:00,1.5103,1.51172,1.50881,1.51013,0,0
2014-12-16,17:00:00,1.51012,1.51138,1.50948,1.50949,0,0
2014-12-16,18:00:00,1.50958,1.51242,1.50831,1.51067,0,0
2014-12-16,19:00:00,1.51071,1.51264,1.51009,1.51206,0,0
2014-12-16,20:00:00,1.51199,1.51235,1.51041,1.51194,0,0
2014-12-16,21:00:00,1.51205,1.5131,1.51178,1.51227,0,0
2014-12-16,22:00:00,1.51215,1.51217,1.50943,1.50947,0,0
2014-12-16,23:00:00,1.50955,1.51175,1.50935,1.5112,0,0
2014-12-16,23:59:00,1.51134,1.51176,1.51073,1.51112,0,0
2014-12-17,01:00:00,1.51114,1.51158,1.51056,1.5107,0,0
2014-12-17,02:00:00,1.51065,1.51134,1.51029,1.51124,0,0
2014-12-17,03:00:00,1.51131,1.51131,1.51016,1.51043,0,0
2014-12-17,04:00:00,1.5104,1.51052,1.50921,1.51038,0,0
2014-12-17,05:00:00,1.51037,1.51153,1.51009,1.51129,0,0
2014-12-17,06:00:00,1.51122,1.51176,1.51052,1.51134,0,0
2014-12-17,07:00:00,1.51138,1.5119,1.51132,1.51187,0,0
2014-12-17,08:00:00,1.51187,1.51256,1.51159,1.51251,0,0
2014-12-17,09:00:00,1.51246,1.51357,1.51126,1.51345,0,0
2014-12-17,10:00:00,1.51344,1.51507,1.51024,1.5118,0,0
2014-12-17,11:00:00,1.51169,1.5151,1.51063,1.5136,0,0
2014-12-17,12:00:00,1.51392,1.51496,1.51258,1.5147,0,0
2014-12-17,13:00:00,1.51462,1.51654,1.51419,1.5155,0,0
2014-12-17,14:00:00,1.5156,1.51577,1.51304,1.51429,0,0
2014-12-17,15:00:00,1.51429,1.51444,1.51244,1.51337,0,0
2014-12-17,16:00:00,1.51363,1.51505,1.51265,1.51403,0,0
2014-12-17,17:00:00,1.51419,1.51754,1.5138,1.51523,0,0
2014-12-17,18:00:00,1.51522,1.51544,1.5136,1.51454,0,0
2014-12-17,19:00:00,1.51439,1.51538,1.51281,1.51395,0,0
2014-12-17,20:00:00,1.51391,1.51467,1.51232,1.514,0,0
2014-12-17,21:00:00,1.51422,1.51753,1.50943,1.51464,0,0
2014-12-17,22:00:00,1.51455,1.51598,1.51234,1.51483,0,0
2014-12-17,23:00:00,1.51461,1.5159,1.51447,1.51505,0,0
2014-12-17,23:59:00,1.51507,1.51615,1.51459,1.51577,0,0
2014-12-18,01:00:00,1.51575,1.5163,1.51519,1.51543,0,0
2014-12-18,02:00:00,1.51543,1.51707,1.51543,1.5161,0,0
2014-12-18,03:00:00,1.51618,1.5163,1.51569,1.51588,0,0
2014-12-18,04:00:00,1.51583,1.51652,1.5158,1.51603,0,0
2014-12-18,05:00:00,1.516,1.51611,1.51556,1.51566,0,0
2014-12-18,06:00:00,1.51569,1.51629,1.51557,1.51622,0,0
2014-12-18,07:00:00,1.51622,1.51647,1.51574,1.51626,0,0
2014-12-18,08:00:00,1.51622,1.51773,1.51604,1.51723,0,0
2014-12-18,09:00:00,1.51727,1.53135,1.5171,1.5245,0,0
2014-12-18,10:00:00,1.52448,1.52644,1.52052,1.52252,0,0
2014-12-18,11:00:00,1.52246,1.53125,1.52138,1.52812,0,0
2014-12-18,12:00:00,1.528,1.52833,1.52643,1.52813,0,0
2014-12-18,13:00:00,1.52794,1.53118,1.52685,1.53032,0,0
2014-12-18,14:00:00,1.53029,1.53295,1.53029,1.53253,0,0
2014-12-18,15:00:00,1.53241,1.53325,1.53033,1.53186,0,0
2014-12-18,16:00:00,1.53191,1.53564,1.53179,1.53496,0,0
2014-12-18,17:00:00,1.5351,1.53641,1.53283,1.53283,0,0
2014-12-18,18:00:00,1.53271,1.53544,1.53269,1.53347,0,0
2014-12-18,19:00:00,1.53335,1.53528,1.53335,1.53436,0,0
2014-12-18,20:00:00,1.53432,1.53582,1.53399,1.53571,0,0
2014-12-18,21:00:00,1.5357,1.5359,1.53461,1.53541,0,0
2014-12-18,22:00:00,1.53543,1.53595,1.53496,1.53548,0,0
2014-12-18,23:00:00,1.53537,1.53537,1.53436,1.53502,0,0
2014-12-18,23:59:00,1.53522,1.53528,1.53438,1.53483,0,0
2014-12-19,01:00:00,1.53479,1.53547,1.53436,1.53483,0,0
2014-12-19,02:00:00,1.53482,1.53542,1.53467,1.53496,0,0
2014-12-19,03:00:00,1.53497,1.53564,1.53388,1.53388,0,0
2014-12-19,04:00:00,1.53387,1.53563,1.53387,1.53533,0,0
2014-12-19,05:00:00,1.53537,1.53617,1.53471,1.53607,0,0
2014-12-19,06:00:00,1.53607,1.53616,1.53532,1.53532,0,0
2014-12-19,07:00:00,1.53533,1.53537,1.53442,1.53461,0,0
2014-12-19,08:00:00,1.53461,1.53475,1.5336,1.5336,0,0
2014-12-19,09:00:00,1.53357,1.53511,1.53327,1.53435,0,0
2014-12-19,10:00:00,1.53441,1.5374,1.53385,1.535,0,0
2014-12-19,11:00:00,1.53507,1.53653,1.53289,1.5342,0,0
2014-12-19,12:00:00,1.53436,1.53597,1.53212,1.53566,0,0
2014-12-19,13:00:00,1.53572,1.53644,1.53195,1.53319,0,0
2014-12-19,14:00:00,1.53318,1.53459,1.53186,1.53407,0,0
2014-12-19,15:00:00,1.53409,1.53495,1.53123,1.53157,0,0
2014-12-19,16:00:00,1.53172,1.53451,1.53165,1.53226,0,0
2014-12-19,17:00:00,1.5324,1.5344,1.53235,1.53353,0,0
2014-12-19,18:00:00,1.53365,1.53638,1.53348,1.53378,0,0
2014-12-19,19:00:00,1.53375,1.53506,1.53326,1.53487,0,0
2014-12-19,20:00:00,1.53487,1.53682,1.53473,1.53669,0,0
2014-12-19,21:00:00,1.53676,1.53833,1.5364,1.53806,0,0
2014-12-19,22:00:00,1.53815,1.5396,1.53812,1.53825,0,0
2014-12-19,23:00:00,1.53822,1.53822,1.53761,1.53776,0,0
2014-12-22,01:00:00,1.53818,1.53841,1.53795,1.53834,0,0
2014-12-22,02:00:00,1.53834,1.5387,1.53776,1.53787,0,0
2014-12-22,03:00:00,1.53787,1.53843,1.53767,1.538,0,0
2014-12-22,04:00:00,1.53787,1.53788,1.5369,1.53717,0,0
2014-12-22,05:00:00,1.53717,1.53749,1.53654,1.53726,0,0
2014-12-22,06:00:00,1.53726,1.53741,1.53649,1.53666,0,0
2014-12-22,07:00:00,1.5367,1.53835,1.53654,1.53729,0,0
2014-12-22,08:00:00,1.53729,1.53753,1.53588,1.53595,0,0
2014-12-22,09:00:00,1.53591,1.53745,1.53525,1.5364,0,0
2014-12-22,10:00:00,1.5364,1.53708,1.53352,1.53425,0,0
2014-12-22,11:00:00,1.53425,1.53447,1.53184,1.53235,0,0
2014-12-22,12:00:00,1.53235,1.53402,1.53219,1.53315,0,0
2014-12-22,13:00:00,1.53284,1.53312,1.53084,1.53229,0,0
2014-12-22,14:00:00,1.53238,1.53396,1.5322,1.53372,0,0
2014-12-22,15:00:00,1.53365,1.53409,1.53155,1.53318,0,0
2014-12-22,16:00:00,1.53318,1.5335,1.53254,1.5335,0,0
2014-12-22,17:00:00,1.53257,1.53449,1.53114,1.53318,0,0
2014-12-22,18:00:00,1.53278,1.53369,1.53199,1.53359,0,0
2014-12-22,19:00:00,1.53359,1.53471,1.53189,1.53233,0,0
2014-12-22,20:00:00,1.53237,1.53425,1.53237,1.53425,0,0
2014-12-22,21:00:00,1.53425,1.53543,1.53393,1.53542,0,0
2014-12-22,22:00:00,1.53542,1.5355,1.53311,1.53357,0,0
2014-12-22,23:00:00,1.53333,1.53396,1.53309,1.53335,0,0
2014-12-22,23:59:00,1.53346,1.53433,1.53286,1.53334,0,0
2014-12-23,01:00:00,1.53332,1.53358,1.53283,1.53338,0,0
2014-12-23,02:00:00,1.53328,1.53377,1.53307,1.53326,0,0
2014-12-23,03:00:00,1.53306,1.53341,1.53273,1.53312,0,0
2014-12-23,04:00:00,1.53312,1.53388,1.53296,1.53362,0,0
2014-12-23,05:00:00,1.53359,1.53387,1.53304,1.53345,0,0
2014-12-23,06:00:00,1.53345,1.53365,1.53305,1.53322,0,0
2014-12-23,07:00:00,1.53326,1.53347,1.53286,1.53313,0,0
2014-12-23,08:00:00,1.53336,1.53365,1.53256,1.53295,0,0
2014-12-23,09:00:00,1.53295,1.53407,1.53231,1.53377,0,0
2014-12-23,10:00:00,1.53372,1.53375,1.53144,1.53291,0,0
2014-12-23,11:00:00,1.53294,1.53481,1.529,1.53127,0,0
2014-12-23,12:00:00,1.53127,1.53161,1.53044,1.53081,0,0
2014-12-23,13:00:00,1.53076,1.53205,1.52848,1.53032,0,0
2014-12-23,14:00:00,1.53032,1.53102,1.52885,1.52923,0,0
2014-12-23,15:00:00,1.52917,1.53183,1.52915,1.52964,0,0
2014-12-23,16:00:00,1.52964,1.53144,1.52896,1.53083,0,0
2014-12-23,17:00:00,1.53089,1.53253,1.5293,1.53253,0,0
2014-12-23,18:00:00,1.53232,1.5327,1.5309,1.53163,0,0
2014-12-23,19:00:00,1.53167,1.53246,1.53132,1.53214,0,0
2014-12-23,20:00:00,1.53224,1.53299,1.53073,1.53205,0,0
2014-12-23,21:00:00,1.53205,1.5329,1.53176,1.53263,0,0
2014-12-23,22:00:00,1.53233,1.53235,1.53121,1.5317,0,0
2014-12-23,23:00:00,1.53156,1.53302,1.531,1.53277,0,0
2014-12-23,23:59:00,1.53268,1.53284,1.53178,1.53245,0,0
2014-12-24,01:00:00,1.53232,1.53308,1.53231,1.53262,0,0
2014-12-24,02:00:00,1.53262,1.53269,1.53195,1.53195,0,0
2014-12-24,03:00:00,1.53197,1.53206,1.53148,1.53184,0,0
2014-12-24,04:00:00,1.53185,1.53269,1.53158,1.53191,0,0
2014-12-24,05:00:00,1.53203,1.53206,1.53156,1.53191,0,0
2014-12-24,06:00:00,1.53191,1.53216,1.53128,1.53199,0,0
2014-12-24,07:00:00,1.53199,1.53261,1.53159,1.53257,0,0
2014-12-24,08:00:00,1.53249,1.53289,1.53229,1.53258,0,0
2014-12-24,09:00:00,1.53258,1.53316,1.53083,1.53281,0,0
2014-12-24,10:00:00,1.53281,1.53373,1.53221,1.53272,0,0
2014-12-24,11:00:00,1.53236,1.5326,1.53059,1.5315,0,0
2014-12-24,12:00:00,1.5315,1.5333,1.53142,1.53283,0,0
2014-12-24,13:00:00,1.53283,1.53378,1.53174,1.53218,0,0
2014-12-24,14:00:00,1.53195,1.53239,1.53021,1.53028,0,0
2014-12-24,15:00:00,1.53033,1.531,1.52848,1.53053,0,0
2014-12-24,16:00:00,1.53052,1.53302,1.53043,1.53281,0,0
2014-12-24,17:00:00,1.53238,1.53374,1.5323,1.53365,0,0
2014-12-24,18:00:00,1.53365,1.53424,1.53274,1.53397,0,0
2014-12-24,19:00:00,1.5338,1.53426,1.53223,1.53364,0,0
2014-12-24,20:00:00,1.53377,1.53397,1.53256,1.53262,0,0
2014-12-24,21:00:00,1.53238,1.53458,1.53238,1.53427,0,0
2014-12-24,22:00:00,1.53422,1.53489,1.5323,1.5323,0,0
2014-12-24,23:00:00,1.5323,1.53365,1.5323,1.53295,0,0
2014-12-24,23:59:00,1.53379,1.53379,1.53218,1.53311,0,0
2014-12-26,01:00:00,1.53152,1.53265,1.52972,1.53201,0,0
2014-12-26,02:00:00,1.53201,1.53241,1.53161,1.53228,0,0
2014-12-26,03:00:00,1.53205,1.53218,1.53091,1.53108,0,0
2014-12-26,04:00:00,1.53115,1.53135,1.53067,1.53074,0,0
2014-12-26,05:00:00,1.53082,1.53082,1.53044,1.53046,0,0
2014-12-26,06:00:00,1.53054,1.53092,1.5302,1.53084,0,0
2014-12-26,07:00:00,1.53086,1.53114,1.5306,1.53064,0,0
2014-12-26,08:00:00,1.53067,1.53188,1.5306,1.53184,0,0
2014-12-26,09:00:00,1.53184,1.53226,1.53153,1.53221,0,0
2014-12-26,10:00:00,1.53221,1.53385,1.53221,1.53355,0,0
2014-12-26,11:00:00,1.53351,1.53397,1.53307,1.53351,0,0
2014-12-26,12:00:00,1.53346,1.53369,1.53291,1.53323,0,0
2014-12-26,13:00:00,1.53355,1.53497,1.53353,1.53428,0,0
2014-12-26,14:00:00,1.53437,1.53498,1.53387,1.53421,0,0
2014-12-26,15:00:00,1.53426,1.53621,1.53379,1.53611,0,0
2014-12-26,16:00:00,1.53611,1.53704,1.53607,1.53663,0,0
2014-12-26,17:00:00,1.53663,1.53715,1.53592,1.53715,0,0
2014-12-26,18:00:00,1.53715,1.53765,1.53595,1.536,0,0
2014-12-26,19:00:00,1.53598,1.53631,1.53581,1.53596,0,0
2014-12-26,20:00:00,1.53611,1.53691,1.53564,1.53564,0,0
2014-12-26,21:00:00,1.53564,1.53661,1.53564,1.53642,0,0
2014-12-26,22:00:00,1.53639,1.53658,1.53588,1.53606,0,0
2014-12-26,23:00:00,1.53606,1.53606,1.53598,1.53598,0,0
2014-12-29,01:00:00,1.53575,1.5369,1.53575,1.53678,0,0
2014-12-29,02:00:00,1.53672,1.5368,1.53548,1.53584,0,0
2014-12-29,03:00:00,1.53589,1.53725,1.53589,1.53725,0,0
2014-12-29,04:00:00,1.5371,1.53721,1.53622,1.53632,0,0
2014-12-29,05:00:00,1.5364,1.5368,1.5364,1.53671,0,0
2014-12-29,06:00:00,1.53671,1.53676,1.53595,1.53632,0,0
2014-12-29,07:00:00,1.53637,1.53707,1.53625,1.53637,0,0
2014-12-29,08:00:00,1.53637,1.53694,1.53612,1.53694,0,0
2014-12-29,09:00:00,1.5372,1.53768,1.53653,1.53695,0,0
2014-12-29,10:00:00,1.53695,1.53772,1.53632,1.53745,0,0
2014-12-29,11:00:00,1.53741,1.53766,1.53323,1.53436,0,0
2014-12-29,12:00:00,1.53324,1.53588,1.53324,1.53475,0,0
2014-12-29,13:00:00,1.53459,1.53464,1.5326,1.53383,0,0
2014-12-29,14:00:00,1.53376,1.53399,1.53233,1.53383,0,0
2014-12-29,15:00:00,1.53387,1.5341,1.53182,1.53182,0,0
2014-12-29,16:00:00,1.5318,1.53311,1.5318,1.53308,0,0
2014-12-29,17:00:00,1.53294,1.53379,1.53164,1.53349,0,0
2014-12-29,18:00:00,1.5336,1.53431,1.53219,1.53295,0,0
2014-12-29,19:00:00,1.53333,1.53407,1.53279,1.53393,0,0
2014-12-29,20:00:00,1.53396,1.53678,1.53396,1.53655,0,0
2014-12-29,21:00:00,1.53655,1.53655,1.5354,1.53586,0,0
2014-12-29,22:00:00,1.53586,1.53606,1.53491,1.53523,0,0
2014-12-29,23:00:00,1.53524,1.53599,1.53513,1.53541,0,0
2014-12-29,23:59:00,1.53541,1.53577,1.53454,1.53461,0,0
2014-12-30,01:00:00,1.53492,1.53589,1.53483,1.53534,0,0
2014-12-30,02:00:00,1.53534,1.53536,1.53443,1.53503,0,0
2014-12-30,03:00:00,1.53514,1.5361,1.53506,1.53604,0,0
2014-12-30,04:00:00,1.53603,1.53748,1.53603,1.53742,0,0
2014-12-30,05:00:00,1.53732,1.53781,1.53722,1.53751,0,0
2014-12-30,06:00:00,1.53749,1.53805,1.53733,1.53742,0,0
2014-12-30,07:00:00,1.5374,1.5376,1.53691,1.53737,0,0
2014-12-30,08:00:00,1.53737,1.53843,1.53681,1.53696,0,0
2014-12-30,09:00:00,1.53679,1.53733,1.53376,1.53534,0,0
2014-12-30,10:00:00,1.53532,1.53537,1.53292,1.53461,0,0
2014-12-30,11:00:00,1.53471,1.53616,1.5346,1.53616,0,0
2014-12-30,12:00:00,1.53616,1.53682,1.53495,1.53626,0,0
2014-12-30,13:00:00,1.53622,1.53736,1.53572,1.53604,0,0
2014-12-30,14:00:00,1.53609,1.53817,1.53609,1.53707,0,0
2014-12-30,15:00:00,1.53695,1.53779,1.53533,1.53572,0,0
2014-12-30,16:00:00,1.5358,1.53713,1.53573,1.53632,0,0
2014-12-30,17:00:00,1.53647,1.53816,1.53576,1.53775,0,0
2014-12-30,18:00:00,1.53775,1.53854,1.53772,1.53846,0,0
2014-12-30,19:00:00,1.53843,1.53889,1.53756,1.53858,0,0
2014-12-30,20:00:00,1.53858,1.53888,1.53824,1.53877,0,0
2014-12-30,21:00:00,1.53877,1.53912,1.53865,1.53899,0,0
2014-12-30,22:00:00,1.53894,1.53901,1.53835,1.53851,0,0
2014-12-30,23:00:00,1.53847,1.53906,1.5383,1.53855,0,0
2014-12-30,23:59:00,1.53855,1.53889,1.53747,1.53858,0,0
2014-12-31,01:00:00,1.53839,1.53907,1.53839,1.53874,0,0
2014-12-31,02:00:00,1.53836,1.53941,1.53836,1.53914,0,0
2014-12-31,03:00:00,1.53929,1.5393,1.53859,1.53877,0,0
2014-12-31,04:00:00,1.53861,1.53897,1.53847,1.53858,0,0
2014-12-31,05:00:00,1.53852,1.53882,1.53798,1.53847,0,0
2014-12-31,06:00:00,1.53831,1.53938,1.53829,1.53916,0,0
2014-12-31,07:00:00,1.5392,1.53963,1.53909,1.53943,0,0
2014-12-31,08:00:00,1.53943,1.53964,1.53913,1.53935,0,0
2014-12-31,09:00:00,1.5393,1.53972,1.53833,1.53961,0,0
2014-12-31,10:00:00,1.53952,1.54188,1.53875,1.54083,0,0
2014-12-31,11:00:00,1.54087,1.54165,1.54066,1.54143,0,0
2014-12-31,12:00:00,1.54143,1.54177,1.54031,1.54131,0,0
2014-12-31,13:00:00,1.54213,1.54431,1.54176,1.54376,0,0
2014-12-31,14:00:00,1.54376,1.54455,1.54294,1.54294,0,0
2014-12-31,15:00:00,1.54274,1.54425,1.54232,1.54416,0,0
2014-12-31,16:00:00,1.54427,1.54618,1.54215,1.54232,0,0
2014-12-31,17:00:00,1.54257,1.54728,1.54222,1.54724,0,0
2014-12-31,18:00:00,1.54796,1.54913,1.54745,1.54745,0,0
2014-12-31,19:00:00,1.54745,1.54933,1.54684,1.54818,0,0
2014-12-31,20:00:00,1.54825,1.5485,1.5473,1.54775,0,0
2014-12-31,21:00:00,1.54775,1.54851,1.54699,1.54847,0,0
2014-12-31,22:00:00,1.5488,1.54961,1.5484,1.54911,0,0
2014-12-31,23:00:00,1.54924,1.54941,1.54713,1.54827,0,0
2014-12-31,23:59:00,1.54843,1.54994,1.54832,1.54968,0,0
2015-01-02,01:00:00,1.54771,1.54967,1.54721,1.54928,0,0
2015-01-02,02:00:00,1.54926,1.55029,1.54906,1.55022,0,0
2015-01-02,03:00:00,1.55024,1.55149,1.5498,1.54983,0,0
2015-01-02,04:00:00,1.55,1.55118,1.54974,1.54994,0,0
2015-01-02,05:00:00,1.54994,1.55122,1.54978,1.5512,0,0
2015-01-02,06:00:00,1.5512,1.55169,1.55036,1.55059,0,0
2015-01-02,07:00:00,1.55059,1.55094,1.54973,1.55078,0,0
2015-01-02,08:00:00,1.55078,1.55118,1.55001,1.55039,0,0
2015-01-02,09:00:00,1.55039,1.5526,1.54913,1.54948,0,0
2015-01-02,10:00:00,1.54948,1.55021,1.54784,1.54972,0,0
2015-01-02,11:00:00,1.54972,1.55051,1.543,1.54316,0,0
2015-01-02,12:00:00,1.54314,1.54338,1.54023,1.54032,0,0
2015-01-02,13:00:00,1.54044,1.54115,1.53832,1.5397,0,0
2015-01-02,14:00:00,1.53951,1.54053,1.5381,1.54034,0,0
2015-01-02,15:00:00,1.54032,1.54133,1.53963,1.54015,0,0
2015-01-02,16:00:00,1.54015,1.54119,1.53913,1.54032,0,0
2015-01-02,17:00:00,1.53977,1.54039,1.53773,1.53773,0,0
2015-01-02,18:00:00,1.53773,1.53773,1.53588,1.5367,0,0
2015-01-02,19:00:00,1.5367,1.53748,1.53624,1.53689,0,0
2015-01-02,20:00:00,1.53694,1.53694,1.5359,1.53653,0,0
2015-01-02,21:00:00,1.53653,1.53686,1.53436,1.53526,0,0
2015-01-02,22:00:00,1.53502,1.53582,1.53449,1.53537,0,0
2015-01-02,23:00:00,1.53537,1.53537,1.53519,1.53519,0,0
2015-01-05,01:00:00,1.53762,1.53853,1.53663,1.53699,0,0
2015-01-05,02:00:00,1.53694,1.53803,1.53621,1.53753,0,0
2015-01-05,03:00:00,1.53754,1.5381,1.53667,1.53786,0,0
2015-01-05,04:00:00,1.53786,1.5379,1.53646,1.53667,0,0
2015-01-05,05:00:00,1.53666,1.53813,1.53655,1.53809,0,0
2015-01-05,06:00:00,1.53856,1.53888,1.53784,1.53853,0,0
2015-01-05,07:00:00,1.53853,1.53949,1.538,1.53903,0,0
2015-01-05,08:00:00,1.53905,1.53918,1.5367,1.5368,0,0
2015-01-05,09:00:00,1.53689,1.5383,1.53633,1.53676,0,0
2015-01-05,10:00:00,1.53677,1.53864,1.53627,1.53791,0,0
2015-01-05,11:00:00,1.53802,1.54009,1.53673,1.53816,0,0
2015-01-05,12:00:00,1.53823,1.53996,1.53789,1.5388,0,0
2015-01-05,13:00:00,1.53883,1.54057,1.5383,1.5399,0,0
2015-01-05,14:00:00,1.53966,1.53976,1.53544,1.5362,0,0
2015-01-05,15:00:00,1.5362,1.53637,1.53276,1.53363,0,0
2015-01-05,16:00:00,1.53366,1.53511,1.53157,1.53321,0,0
2015-01-05,17:00:00,1.53321,1.5355,1.53259,1.53379,0,0
2015-01-05,18:00:00,1.53374,1.53543,1.53348,1.53528,0,0
2015-01-05,19:00:00,1.53528,1.53593,1.53405,1.53419,0,0
2015-01-05,20:00:00,1.53431,1.53614,1.53429,1.53487,0,0
2015-01-05,21:00:00,1.53487,1.53553,1.5346,1.53488,0,0
2015-01-05,22:00:00,1.53488,1.53597,1.53466,1.53505,0,0
2015-01-05,23:00:00,1.53512,1.53584,1.53505,1.53529,0,0
2015-01-05,23:59:00,1.53529,1.536,1.53488,1.53558,0,0
2015-01-06,01:00:00,1.53554,1.53564,1.53523,1.53529,0,0
2015-01-06,02:00:00,1.53529,1.53625,1.53518,1.53551,0,0
2015-01-06,03:00:00,1.53553,1.5357,1.53501,1.53528,0,0
2015-01-06,04:00:00,1.53535,1.5354,1.53469,1.53491,0,0
2015-01-06,05:00:00,1.53491,1.53519,1.5346,1.53511,0,0
2015-01-06,06:00:00,1.53504,1.53513,1.53424,1.53428,0,0
2015-01-06,07:00:00,1.53428,1.53451,1.53338,1.53367,0,0
2015-01-06,08:00:00,1.53371,1.53391,1.53317,1.53329,0,0
2015-01-06,09:00:00,1.53329,1.53362,1.53172,1.53203,0,0
2015-01-06,10:00:00,1.5319,1.53387,1.53163,1.53294,0,0
2015-01-06,11:00:00,1.53294,1.53405,1.53064,1.534,0,0
2015-01-06,12:00:00,1.53327,1.53388,1.53108,1.53341,0,0
2015-01-06,13:00:00,1.53345,1.53522,1.53234,1.53469,0,0
2015-01-06,14:00:00,1.53469,1.53567,1.53244,1.53259,0,0
2015-01-06,15:00:00,1.53259,1.53269,1.53079,1.53123,0,0
2015-01-06,16:00:00,1.53118,1.53228,1.52909,1.53033,0,0
2015-01-06,17:00:00,1.53033,1.5309,1.52851,1.52855,0,0
2015-01-06,18:00:00,1.52852,1.52865,1.52627,1.52658,0,0
2015-01-06,19:00:00,1.52658,1.5285,1.52509,1.5285,0,0
2015-01-06,20:00:00,1.52841,1.52875,1.52776,1.52842,0,0
2015-01-06,21:00:00,1.52844,1.52872,1.52765,1.52855,0,0
2015-01-06,22:00:00,1.52874,1.53032,1.52849,1.52916,0,0
2015-01-06,23:00:00,1.52913,1.53025,1.52913,1.53016,0,0
2015-01-06,23:59:00,1.53029,1.53356,1.53013,1.53144,0,0
2015-01-07,01:00:00,1.53112,1.53152,1.53039,1.53087,0,0
2015-01-07,02:00:00,1.53087,1.53135,1.53003,1.53067,0,0
2015-01-07,03:00:00,1.53064,1.53135,1.53037,1.53128,0,0
2015-01-07,04:00:00,1.53129,1.53172,1.53078,1.53172,0,0
2015-01-07,05:00:00,1.53169,1.53179,1.53121,1.53136,0,0
2015-01-07,06:00:00,1.53124,1.53178,1.53078,1.53079,0,0
2015-01-07,07:00:00,1.53084,1.531,1.53046,1.53064,0,0
2015-01-07,08:00:00,1.53065,1.53203,1.53038,1.53122,0,0
2015-01-07,09:00:00,1.53129,1.53185,1.52936,1.52955,0,0
2015-01-07,10:00:00,1.52955,1.53192,1.52955,1.53052,0,0
2015-01-07,11:00:00,1.53052,1.53201,1.53026,1.53174,0,0
2015-01-07,12:00:00,1.5318,1.53392,1.52899,1.53386,0,0
2015-01-07,13:00:00,1.53382,1.53649,1.53262,1.53594,0,0
2015-01-07,14:00:00,1.53594,1.53636,1.53382,1.53498,0,0
2015-01-07,15:00:00,1.53489,1.53592,1.53287,1.53327,0,0
2015-01-07,16:00:00,1.53339,1.53401,1.53228,1.53237,0,0
2015-01-07,17:00:00,1.53267,1.53369,1.53206,1.53232,0,0
2015-01-07,18:00:00,1.53263,1.53308,1.53093,1.53132,0,0
2015-01-07,19:00:00,1.53132,1.53179,1.53049,1.53172,0,0
2015-01-07,20:00:00,1.53172,1.53258,1.53107,1.53182,0,0
2015-01-07,21:00:00,1.53184,1.53362,1.53118,1.53212,0,0
2015-01-07,22:00:00,1.53248,1.53324,1.5321,1.53323,0,0
2015-01-07,23:00:00,1.53313,1.53322,1.53217,1.53225,0,0
2015-01-07,23:59:00,1.53225,1.53301,1.53225,1.53289,0,0
2015-01-08,01:00:00,1.53279,1.53308,1.53244,1.53288,0,0
2015-01-08,02:00:00,1.53291,1.53302,1.53196,1.53243,0,0
2015-01-08,03:00:00,1.53207,1.53312,1.53207,1.53302,0,0
2015-01-08,04:00:00,1.53302,1.53324,1.53246,1.53319,0,0
2015-01-08,05:00:00,1.53319,1.53331,1.53237,1.53259,0,0
2015-01-08,06:00:00,1.53259,1.53266,1.53182,1.53243,0,0
2015-01-08,07:00:00,1.53247,1.53318,1.53202,1.53311,0,0
2015-01-08,08:00:00,1.53308,1.5334,1.53275,1.53322,0,0
2015-01-08,09:00:00,1.5332,1.53373,1.53098,1.53151,0,0
2015-01-08,10:00:00,1.53134,1.53136,1.52907,1.53014,0,0
2015-01-08,11:00:00,1.53108,1.53414,1.53048,1.53402,0,0
2015-01-08,12:00:00,1.53458,1.53753,1.53441,1.5358,0,0
2015-01-08,13:00:00,1.53589,1.53772,1.53589,1.53712,0,0
2015-01-08,14:00:00,1.53672,1.53832,1.53592,1.53674,0,0
2015-01-08,15:00:00,1.53711,1.53788,1.53605,1.53605,0,0
2015-01-08,16:00:00,1.53592,1.53638,1.5342,1.53576,0,0
2015-01-08,17:00:00,1.53586,1.53811,1.53548,1.53587,0,0
2015-01-08,18:00:00,1.53608,1.53794,1.53558,1.53689,0,0
2015-01-08,19:00:00,1.53703,1.53741,1.53584,1.53642,0,0
2015-01-08,20:00:00,1.53616,1.5375,1.53604,1.53716,0,0
2015-01-08,21:00:00,1.53712,1.53849,1.53667,1.53683,0,0
2015-01-08,22:00:00,1.53712,1.53727,1.53628,1.53668,0,0
2015-01-08,23:00:00,1.53665,1.53667,1.53586,1.53625,0,0
2015-01-08,23:59:00,1.53625,1.53647,1.53562,1.53591,0,0
2015-01-09,01:00:00,1.53591,1.5368,1.53574,1.53629,0,0
2015-01-09,02:00:00,1.53629,1.53691,1.53591,1.53664,0,0
2015-01-09,03:00:00,1.53664,1.5367,1.53533,1.53565,0,0
2015-01-09,04:00:00,1.53564,1.53581,1.53519,1.53529,0,0
2015-01-09,05:00:00,1.53528,1.536,1.53515,1.53566,0,0
2015-01-09,06:00:00,1.53566,1.53566,1.53474,1.53521,0,0
2015-01-09,07:00:00,1.53521,1.53562,1.53488,1.53527,0,0
2015-01-09,08:00:00,1.53527,1.5367,1.535,1.53624,0,0
2015-01-09,09:00:00,1.53653,1.53815,1.53623,1.53725,0,0
2015-01-09,10:00:00,1.5372,1.53822,1.53561,1.53754,0,0
2015-01-09,11:00:00,1.53754,1.53976,1.53712,1.53785,0,0
2015-01-09,12:00:00,1.53777,1.54061,1.53696,1.5401,0,0
2015-01-09,13:00:00,1.5401,1.54134,1.53866,1.54045,0,0
2015-01-09,14:00:00,1.54036,1.54039,1.53762,1.53762,0,0
2015-01-09,15:00:00,1.53765,1.54243,1.53765,1.54032,0,0
2015-01-09,16:00:00,1.5403,1.54097,1.53902,1.54053,0,0
2015-01-09,17:00:00,1.54053,1.5407,1.53709,1.53709,0,0
2015-01-09,18:00:00,1.53703,1.54101,1.53602,1.53792,0,0
2015-01-09,19:00:00,1.5379,1.53838,1.53597,1.5369,0,0
2015-01-09,20:00:00,1.5369,1.53803,1.53651,1.53773,0,0
2015-01-09,21:00:00,1.53775,1.53882,1.53737,1.53788,0,0
2015-01-09,22:00:00,1.53788,1.53798,1.53737,1.53765,0,0
2015-01-09,23:00:00,1.53762,1.53762,1.53762,1.53762,0,0
