Date,Time,Open,High,Low,Close,Volume,OpenInt
2014-10-13,01:00:00,1.27226,1.27297,1.27208,1.27243,0,0
2014-10-13,02:00:00,1.27242,1.27331,1.27217,1.27314,0,0
2014-10-13,03:00:00,1.27312,1.27332,1.27254,1.27294,0,0
2014-10-13,04:00:00,1.27294,1.27294,1.27037,1.2705,0,0
2014-10-13,05:00:00,1.27055,1.27092,1.26946,1.26989,0,0
2014-10-13,06:00:00,1.26988,1.27044,1.26973,1.26992,0,0
2014-10-13,07:00:00,1.26996,1.27083,1.26991,1.27045,0,0
2014-10-13,08:00:00,1.27045,1.27113,1.27021,1.27093,0,0
2014-10-13,09:00:00,1.27095,1.27211,1.27037,1.2707,0,0
2014-10-13,10:00:00,1.27088,1.27133,1.26924,1.2693,0,0
2014-10-13,11:00:00,1.26932,1.27004,1.26806,1.2688,0,0
2014-10-13,12:00:00,1.26871,1.26981,1.26862,1.26897,0,0
2014-10-13,13:00:00,1.26897,1.2697,1.26864,1.26886,0,0
2014-10-13,14:00:00,1.26894,1.26937,1.26844,1.26847,0,0
2014-10-13,15:00:00,1.26852,1.26912,1.26772,1.26821,0,0
2014-10-13,16:00:00,1.26819,1.26834,1.26739,1.26801,0,0
2014-10-13,17:00:00,1.26797,1.2683,1.26595,1.26628,0,0
2014-10-13,18:00:00,1.2663,1.26709,1.26613,1.26653,0,0
2014-10-13,19:00:00,1.26653,1.26808,1.26652,1.26794,0,0
2014-10-13,20:00:00,1.26793,1.2681,1.26728,1.26734,0,0
2014-10-13,21:00:00,1.2674,1.26777,1.26655,1.26678,0,0
2014-10-13,22:00:00,1.26672,1.26698,1.26612,1.26634,0,0
2014-10-13,23:00:00,1.26635,1.26637,1.26067,1.26137,0,0
2014-10-13,23:59:00,1.26149,1.26192,1.26037,1.26153,0,0
2014-10-14,01:00:00,1.26153,1.26211,1.26153,1.26203,0,0
2014-10-14,02:00:00,1.26202,1.26277,1.26126,1.2627,0,0
2014-10-14,03:00:00,1.26269,1.26346,1.26266,1.26301,0,0
2014-10-14,04:00:00,1.263,1.26323,1.26259,1.2629,0,0
2014-10-14,05:00:00,1.26288,1.2632,1.26267,1.26289,0,0
2014-10-14,06:00:00,1.26287,1.26325,1.26285,1.26316,0,0
2014-10-14,07:00:00,1.26314,1.26354,1.26308,1.26329,0,0
2014-10-14,08:00:00,1.26329,1.2641,1.2632,1.26403,0,0
2014-10-14,09:00:00,1.264,1.2641,1.26223,1.26344,0,0
2014-10-14,10:00:00,1.26344,1.2649,1.26311,1.26377,0,0
2014-10-14,11:00:00,1.26377,1.26377,1.25695,1.25896,0,0
2014-10-14,12:00:00,1.2589,1.26225,1.25872,1.26133,0,0
2014-10-14,13:00:00,1.26142,1.26173,1.26019,1.26071,0,0
2014-10-14,14:00:00,1.26048,1.26057,1.25784,1.25819,0,0
2014-10-14,15:00:00,1.25819,1.25966,1.25773,1.25891,0,0
2014-10-14,16:00:00,1.25895,1.25919,1.25749,1.25749,0,0
2014-10-14,17:00:00,1.25745,1.25837,1.25667,1.2567,0,0
2014-10-14,18:00:00,1.25671,1.25857,1.2562,1.2583,0,0
2014-10-14,19:00:00,1.25826,1.25846,1.25726,1.25752,0,0
2014-10-14,20:00:00,1.25759,1.25809,1.25735,1.25759,0,0
2014-10-14,21:00:00,1.25761,1.25827,1.25737,1.25758,0,0
2014-10-14,22:00:00,1.25763,1.25786,1.2567,1.25681,0,0
2014-10-14,23:00:00,1.25688,1.2575,1.25624,1.25654,0,0
2014-10-14,23:59:00,1.2565,1.25693,1.25605,1.25646,0,0
2014-10-15,01:00:00,1.25646,1.25723,1.25632,1.25674,0,0
2014-10-15,02:00:00,1.25676,1.25753,1.25668,1.25696,0,0
2014-10-15,03:00:00,1.25693,1.2577,1.25657,1.2568,0,0
2014-10-15,04:00:00,1.25681,1.258,1.25659,1.2575,0,0
2014-10-15,05:00:00,1.25749,1.25827,1.25748,1.25824,0,0
2014-10-15,06:00:00,1.25817,1.25846,1.25762,1.25819,0,0
2014-10-15,07:00:00,1.25821,1.2583,1.25782,1.25799,0,0
2014-10-15,08:00:00,1.25799,1.25843,1.25763,1.25823,0,0
2014-10-15,09:00:00,1.25833,1.25864,1.25721,1.25806,0,0
2014-10-15,10:00:00,1.25793,1.25831,1.25636,1.25701,0,0
2014-10-15,11:00:00,1.25696,1.25932,1.25529,1.25774,0,0
2014-10-15,12:00:00,1.25783,1.25961,1.2577,1.2596,0,0
2014-10-15,13:00:00,1.25959,1.26005,1.25887,1.25909,0,0
2014-10-15,14:00:00,1.25914,1.25914,1.25649,1.25677,0,0
2014-10-15,15:00:00,1.25684,1.25701,1.25319,1.25456,0,0
2014-10-15,16:00:00,1.25457,1.25457,1.24692,1.25048,0,0
2014-10-15,17:00:00,1.25024,1.25268,1.24867,1.24941,0,0
2014-10-15,18:00:00,1.24944,1.25077,1.24762,1.24904,0,0
2014-10-15,19:00:00,1.24899,1.24899,1.24431,1.24625,0,0
2014-10-15,20:00:00,1.24597,1.24597,1.24274,1.24506,0,0
2014-10-15,21:00:00,1.24485,1.24706,1.24404,1.2468,0,0
2014-10-15,22:00:00,1.24679,1.24804,1.24603,1.24729,0,0
2014-10-15,23:00:00,1.24747,1.24798,1.2456,1.24795,0,0
2014-10-15,23:59:00,1.2479,1.24856,1.24746,1.24856,0,0
2014-10-16,01:00:00,1.24849,1.24931,1.24744,1.24771,0,0
2014-10-16,02:00:00,1.24776,1.2481,1.24686,1.2471,0,0
2014-10-16,03:00:00,1.2471,1.24766,1.24569,1.24596,0,0
2014-10-16,04:00:00,1.24596,1.24706,1.24578,1.24694,0,0
2014-10-16,05:00:00,1.24698,1.24702,1.24595,1.24686,0,0
2014-10-16,06:00:00,1.24689,1.24745,1.24662,1.24688,0,0
2014-10-16,07:00:00,1.24684,1.24703,1.24609,1.2464,0,0
2014-10-16,08:00:00,1.24631,1.24687,1.24603,1.24622,0,0
2014-10-16,09:00:00,1.24622,1.25005,1.2456,1.24977,0,0
2014-10-16,10:00:00,1.24977,1.25061,1.24859,1.25001,0,0
2014-10-16,11:00:00,1.24998,1.25189,1.24816,1.25062,0,0
2014-10-16,12:00:00,1.25062,1.25143,1.24846,1.25143,0,0
2014-10-16,13:00:00,1.25163,1.25821,1.25137,1.25435,0,0
2014-10-16,14:00:00,1.25436,1.25527,1.25282,1.25475,0,0
2014-10-16,15:00:00,1.25484,1.25527,1.2529,1.25481,0,0
2014-10-16,16:00:00,1.25487,1.2572,1.25386,1.25579,0,0
2014-10-16,17:00:00,1.25579,1.2564,1.25315,1.25344,0,0
2014-10-16,18:00:00,1.25346,1.25456,1.25224,1.25398,0,0
2014-10-16,19:00:00,1.25403,1.25411,1.25271,1.25293,0,0
2014-10-16,20:00:00,1.2529,1.25482,1.25254,1.25456,0,0
2014-10-16,21:00:00,1.25468,1.2557,1.25412,1.25482,0,0
2014-10-16,22:00:00,1.25459,1.25698,1.25459,1.25698,0,0
2014-10-16,23:00:00,1.25679,1.25701,1.25566,1.25597,0,0
2014-10-16,23:59:00,1.25616,1.25649,1.25518,1.25534,0,0
2014-10-17,01:00:00,1.2552,1.25642,1.2552,1.25582,0,0
2014-10-17,02:00:00,1.25579,1.25746,1.25579,1.25688,0,0
2014-10-17,03:00:00,1.25692,1.25711,1.25448,1.25498,0,0
2014-10-17,04:00:00,1.255,1.25629,1.2545,1.25621,0,0
2014-10-17,05:00:00,1.2563,1.25672,1.25597,1.25634,0,0
2014-10-17,06:00:00,1.25636,1.25663,1.25593,1.25614,0,0
2014-10-17,07:00:00,1.25614,1.25635,1.25585,1.25624,0,0
2014-10-17,08:00:00,1.25622,1.2563,1.25555,1.25556,0,0
2014-10-17,09:00:00,1.25556,1.25668,1.25405,1.25437,0,0
2014-10-17,10:00:00,1.25438,1.25695,1.25296,1.25687,0,0
2014-10-17,11:00:00,1.25675,1.25734,1.25482,1.25523,0,0
2014-10-17,12:00:00,1.25504,1.25698,1.25503,1.25563,0,0
2014-10-17,13:00:00,1.25563,1.2569,1.25521,1.25674,0,0
2014-10-17,14:00:00,1.25682,1.25782,1.25538,1.25538,0,0
2014-10-17,15:00:00,1.25539,1.25825,1.25539,1.2578,0,0
2014-10-17,16:00:00,1.25768,1.25921,1.25713,1.25901,0,0
2014-10-17,17:00:00,1.25889,1.26079,1.25847,1.26079,0,0
2014-10-17,18:00:00,1.26074,1.26176,1.25992,1.26104,0,0
2014-10-17,19:00:00,1.26109,1.2611,1.25983,1.26033,0,0
2014-10-17,20:00:00,1.2602,1.26048,1.25953,1.26048,0,0
2014-10-17,21:00:00,1.26045,1.26177,1.26026,1.26116,0,0
2014-10-17,22:00:00,1.26122,1.26181,1.26057,1.26079,0,0
2014-10-17,23:00:00,1.26083,1.26083,1.26083,1.26083,0,0
2014-10-20,01:00:00,1.26157,1.2627,1.26128,1.26234,0,0
2014-10-20,02:00:00,1.2624,1.26289,1.26204,1.26223,0,0
2014-10-20,03:00:00,1.26224,1.26224,1.26145,1.26179,0,0
2014-10-20,04:00:00,1.26179,1.26194,1.26114,1.26135,0,0
2014-10-20,05:00:00,1.26138,1.26212,1.26116,1.26194,0,0
2014-10-20,06:00:00,1.2619,1.26292,1.26171,1.26246,0,0
2014-10-20,07:00:00,1.26246,1.26289,1.26239,1.2628,0,0
2014-10-20,08:00:00,1.26278,1.26287,1.26242,1.26274,0,0
2014-10-20,09:00:00,1.26276,1.26317,1.26182,1.26292,0,0
2014-10-20,10:00:00,1.26294,1.2633,1.26094,1.26104,0,0
2014-10-20,11:00:00,1.26122,1.26362,1.26119,1.26346,0,0
2014-10-20,12:00:00,1.26349,1.26417,1.26295,1.26305,0,0
2014-10-20,13:00:00,1.26301,1.26406,1.26206,1.26237,0,0
2014-10-20,14:00:00,1.26248,1.26306,1.26113,1.26303,0,0
2014-10-20,15:00:00,1.26289,1.26429,1.26278,1.26416,0,0
2014-10-20,16:00:00,1.2642,1.26518,1.26371,1.26387,0,0
2014-10-20,17:00:00,1.26379,1.26414,1.26205,1.26218,0,0
2014-10-20,18:00:00,1.26217,1.26259,1.26194,1.26242,0,0
2014-10-20,19:00:00,1.26238,1.26284,1.26164,1.26178,0,0
2014-10-20,20:00:00,1.26173,1.26378,1.2617,1.26355,0,0
2014-10-20,21:00:00,1.26359,1.26378,1.26235,1.26241,0,0
2014-10-20,22:00:00,1.26235,1.26334,1.26213,1.26279,0,0
2014-10-20,23:00:00,1.26281,1.26311,1.2625,1.26279,0,0
2014-10-20,23:59:00,1.26263,1.26308,1.26247,1.26294,0,0
2014-10-21,01:00:00,1.26292,1.2634,1.26261,1.26308,0,0
2014-10-21,02:00:00,1.26306,1.26319,1.26263,1.26265,0,0
2014-10-21,03:00:00,1.26265,1.26341,1.26263,1.26335,0,0
2014-10-21,04:00:00,1.26332,1.26346,1.26271,1.26308,0,0
2014-10-21,05:00:00,1.26302,1.26339,1.26253,1.26283,0,0
2014-10-21,06:00:00,1.26279,1.263,1.26231,1.26243,0,0
2014-10-21,07:00:00,1.26241,1.2627,1.2618,1.26206,0,0
2014-10-21,08:00:00,1.26201,1.26228,1.26185,1.26217,0,0
2014-10-21,09:00:00,1.26215,1.26234,1.25977,1.2613,0,0
2014-10-21,10:00:00,1.26129,1.26154,1.25915,1.25994,0,0
2014-10-21,11:00:00,1.25996,1.2621,1.25994,1.26185,0,0
2014-10-21,12:00:00,1.26185,1.26611,1.26155,1.26497,0,0
2014-10-21,13:00:00,1.26501,1.26608,1.26451,1.26599,0,0
2014-10-21,14:00:00,1.26586,1.2673,1.26393,1.26409,0,0
2014-10-21,15:00:00,1.26414,1.26742,1.26414,1.26699,0,0
2014-10-21,16:00:00,1.26699,1.26886,1.26664,1.26789,0,0
2014-10-21,17:00:00,1.26802,1.26937,1.26727,1.26734,0,0
2014-10-21,18:00:00,1.26738,1.26834,1.26701,1.2679,0,0
2014-10-21,19:00:00,1.26787,1.26807,1.26694,1.2671,0,0
2014-10-21,20:00:00,1.26712,1.26743,1.26606,1.26653,0,0
2014-10-21,21:00:00,1.26651,1.26684,1.26618,1.26679,0,0
2014-10-21,22:00:00,1.26683,1.26735,1.26667,1.26732,0,0
2014-10-21,23:00:00,1.26736,1.26737,1.26678,1.26727,0,0
2014-10-21,23:59:00,1.26709,1.26805,1.26657,1.26795,0,0
2014-10-22,01:00:00,1.2678,1.26793,1.26715,1.26752,0,0
2014-10-22,02:00:00,1.26748,1.26761,1.26721,1.26731,0,0
2014-10-22,03:00:00,1.26725,1.2676,1.26677,1.26748,0,0
2014-10-22,04:00:00,1.2675,1.2675,1.2666,1.26715,0,0
2014-10-22,05:00:00,1.26716,1.2674,1.26685,1.26708,0,0
2014-10-22,06:00:00,1.26705,1.26734,1.26675,1.26714,0,0
2014-10-22,07:00:00,1.26722,1.26757,1.26687,1.26743,0,0
2014-10-22,08:00:00,1.26745,1.26763,1.26668,1.26684,0,0
2014-10-22,09:00:00,1.26686,1.26691,1.26554,1.26563,0,0
2014-10-22,10:00:00,1.26557,1.26675,1.26377,1.26467,0,0
2014-10-22,11:00:00,1.26469,1.26691,1.26184,1.26314,0,0
2014-10-22,12:00:00,1.26304,1.26436,1.26179,1.26418,0,0
2014-10-22,13:00:00,1.2642,1.26481,1.26366,1.26481,0,0
2014-10-22,14:00:00,1.26479,1.26483,1.26261,1.26373,0,0
2014-10-22,15:00:00,1.26363,1.26628,1.2635,1.26609,0,0
2014-10-22,16:00:00,1.26613,1.26651,1.26534,1.26595,0,0
2014-10-22,17:00:00,1.26599,1.2675,1.26596,1.26719,0,0
2014-10-22,18:00:00,1.26717,1.27021,1.2671,1.26942,0,0
2014-10-22,19:00:00,1.26946,1.26991,1.26881,1.26917,0,0
2014-10-22,20:00:00,1.26918,1.26964,1.26893,1.26921,0,0
2014-10-22,21:00:00,1.26917,1.26944,1.26864,1.2693,0,0
2014-10-22,22:00:00,1.26926,1.26986,1.26916,1.2693,0,0
2014-10-22,23:00:00,1.26937,1.26957,1.26894,1.26899,0,0
2014-10-22,23:59:00,1.26907,1.26924,1.2683,1.26873,0,0
2014-10-23,01:00:00,1.26871,1.26912,1.26828,1.26871,0,0
2014-10-23,02:00:00,1.26866,1.26916,1.26853,1.26907,0,0
2014-10-23,03:00:00,1.26907,1.26946,1.26881,1.26919,0,0
2014-10-23,04:00:00,1.26921,1.26987,1.26893,1.26972,0,0
2014-10-23,05:00:00,1.26975,1.2703,1.26954,1.27,0,0
2014-10-23,06:00:00,1.27,1.2702,1.26963,1.26987,0,0
2014-10-23,07:00:00,1.26987,1.27037,1.26974,1.2702,0,0
2014-10-23,08:00:00,1.27041,1.27041,1.26934,1.26952,0,0
2014-10-23,09:00:00,1.26953,1.27031,1.26879,1.26946,0,0
2014-10-23,10:00:00,1.26993,1.2704,1.26825,1.26857,0,0
2014-10-23,11:00:00,1.26862,1.26871,1.26353,1.26435,0,0
2014-10-23,12:00:00,1.26435,1.26514,1.26311,1.26503,0,0
2014-10-23,13:00:00,1.26497,1.26524,1.26359,1.26377,0,0
2014-10-23,14:00:00,1.26376,1.26538,1.26375,1.26505,0,0
2014-10-23,15:00:00,1.26493,1.26703,1.26482,1.26588,0,0
2014-10-23,16:00:00,1.26587,1.26707,1.26532,1.26636,0,0
2014-10-23,17:00:00,1.26636,1.26835,1.26613,1.26779,0,0
2014-10-23,18:00:00,1.26774,1.26774,1.26662,1.26698,0,0
2014-10-23,19:00:00,1.26698,1.26847,1.26696,1.26833,0,0
2014-10-23,20:00:00,1.2684,1.2684,1.26754,1.26766,0,0
2014-10-23,21:00:00,1.26768,1.26837,1.26701,1.26713,0,0
2014-10-23,22:00:00,1.26709,1.26709,1.26598,1.2662,0,0
2014-10-23,23:00:00,1.2663,1.26786,1.26629,1.26757,0,0
2014-10-23,23:59:00,1.2675,1.26797,1.26718,1.26751,0,0
2014-10-24,01:00:00,1.26751,1.2678,1.26688,1.26759,0,0
2014-10-24,02:00:00,1.26759,1.26778,1.26674,1.2669,0,0
2014-10-24,03:00:00,1.26687,1.26723,1.26654,1.26697,0,0
2014-10-24,04:00:00,1.26698,1.26726,1.26666,1.26679,0,0
2014-10-24,05:00:00,1.26676,1.26709,1.26649,1.26689,0,0
2014-10-24,06:00:00,1.26689,1.26726,1.26664,1.26718,0,0
2014-10-24,07:00:00,1.2672,1.26794,1.26719,1.26789,0,0
2014-10-24,08:00:00,1.26788,1.26795,1.26709,1.26743,0,0
2014-10-24,09:00:00,1.26739,1.2675,1.26592,1.26736,0,0
2014-10-24,10:00:00,1.26722,1.26882,1.267,1.26811,0,0
2014-10-24,11:00:00,1.26816,1.27011,1.2667,1.26927,0,0
2014-10-24,12:00:00,1.26926,1.26954,1.26748,1.26837,0,0
2014-10-24,13:00:00,1.26837,1.26881,1.26731,1.26779,0,0
2014-10-24,14:00:00,1.26779,1.26854,1.26706,1.26793,0,0
2014-10-24,15:00:00,1.26784,1.26887,1.26681,1.26688,0,0
2014-10-24,16:00:00,1.26708,1.26825,1.26563,1.26793,0,0
2014-10-24,17:00:00,1.26785,1.26964,1.26785,1.26939,0,0
2014-10-24,18:00:00,1.26938,1.27017,1.26904,1.27008,0,0
2014-10-24,19:00:00,1.27008,1.27045,1.26954,1.26954,0,0
2014-10-24,20:00:00,1.26942,1.26994,1.26902,1.26902,0,0
2014-10-24,21:00:00,1.269,1.2702,1.269,1.26938,0,0
2014-10-24,22:00:00,1.26925,1.27003,1.26907,1.26983,0,0
2014-10-24,23:00:00,1.26989,1.26989,1.26989,1.26989,0,0
2014-10-27,01:00:00,1.26963,1.26984,1.26861,1.26933,0,0
2014-10-27,02:00:00,1.26933,1.26939,1.26841,1.26881,0,0
2014-10-27,03:00:00,1.26877,1.26895,1.26808,1.26812,0,0
2014-10-27,04:00:00,1.2681,1.26826,1.26699,1.26723,0,0
2014-10-27,05:00:00,1.26738,1.2678,1.26689,1.26761,0,0
2014-10-27,06:00:00,1.26758,1.26768,1.26735,1.2674,0,0
2014-10-27,07:00:00,1.2674,1.26771,1.26732,1.26764,0,0
2014-10-27,08:00:00,1.26765,1.26792,1.26682,1.26778,0,0
2014-10-27,09:00:00,1.26778,1.26912,1.26764,1.26859,0,0
2014-10-27,10:00:00,1.26866,1.26879,1.26765,1.26878,0,0
2014-10-27,11:00:00,1.26905,1.27021,1.26872,1.26932,0,0
2014-10-27,12:00:00,1.26921,1.271,1.26887,1.27094,0,0
2014-10-27,13:00:00,1.27096,1.27186,1.26987,1.2699,0,0
2014-10-27,14:00:00,1.26986,1.2708,1.26965,1.27056,0,0
2014-10-27,15:00:00,1.27058,1.27092,1.26994,1.27055,0,0
2014-10-27,16:00:00,1.2705,1.27067,1.26881,1.2695,0,0
2014-10-27,17:00:00,1.26952,1.26992,1.26913,1.26913,0,0
2014-10-27,18:00:00,1.26914,1.26948,1.26841,1.26875,0,0
2014-10-27,19:00:00,1.26877,1.26969,1.26858,1.26913,0,0
2014-10-27,20:00:00,1.26906,1.26965,1.26896,1.2691,0,0
2014-10-27,21:00:00,1.26912,1.26926,1.26896,1.26917,0,0
2014-10-27,22:00:00,1.26919,1.26953,1.26907,1.2695,0,0
2014-10-27,23:00:00,1.26943,1.26958,1.26907,1.26934,0,0
2014-10-27,23:59:00,1.2693,1.26932,1.26898,1.269,0,0
2014-10-28,01:00:00,1.269,1.26965,1.269,1.26932,0,0
2014-10-28,02:00:00,1.26934,1.26976,1.26811,1.26815,0,0
2014-10-28,03:00:00,1.26829,1.26948,1.26829,1.26892,0,0
2014-10-28,04:00:00,1.26893,1.26906,1.26844,1.26885,0,0
2014-10-28,05:00:00,1.26887,1.26905,1.26858,1.26893,0,0
2014-10-28,06:00:00,1.26895,1.26957,1.26895,1.26948,0,0
2014-10-28,07:00:00,1.26948,1.26988,1.2693,1.26935,0,0
2014-10-28,08:00:00,1.26928,1.26985,1.26868,1.26879,0,0
2014-10-28,09:00:00,1.26883,1.26914,1.26758,1.26792,0,0
2014-10-28,10:00:00,1.26793,1.26817,1.26715,1.26807,0,0
2014-10-28,11:00:00,1.26831,1.26896,1.26768,1.26857,0,0
2014-10-28,12:00:00,1.26854,1.26979,1.26838,1.26957,0,0
2014-10-28,13:00:00,1.26961,1.27021,1.26814,1.26878,0,0
2014-10-28,14:00:00,1.26876,1.26953,1.26754,1.26836,0,0
2014-10-28,15:00:00,1.26827,1.26942,1.26763,1.26924,0,0
2014-10-28,16:00:00,1.26936,1.27028,1.2682,1.2682,0,0
2014-10-28,17:00:00,1.26818,1.26886,1.26723,1.26765,0,0
2014-10-28,18:00:00,1.26757,1.2682,1.26745,1.26781,0,0
2014-10-28,19:00:00,1.26781,1.26808,1.26645,1.26682,0,0
2014-10-28,20:00:00,1.26685,1.26685,1.26569,1.26634,0,0
2014-10-28,21:00:00,1.26654,1.26716,1.26627,1.26695,0,0
2014-10-28,22:00:00,1.26688,1.26719,1.26669,1.26672,0,0
2014-10-28,23:00:00,1.26671,1.26723,1.26665,1.2669,0,0
2014-10-28,23:59:00,1.26692,1.26697,1.26651,1.26683,0,0
2014-10-29,01:00:00,1.26685,1.26728,1.26667,1.26719,0,0
2014-10-29,02:00:00,1.26719,1.26746,1.26703,1.26734,0,0
2014-10-29,03:00:00,1.26739,1.26744,1.26635,1.26643,0,0
2014-10-29,04:00:00,1.2664,1.26678,1.26626,1.26634,0,0
2014-10-29,05:00:00,1.26631,1.26713,1.26627,1.26706,0,0
2014-10-29,06:00:00,1.26703,1.26738,1.26696,1.26726,0,0
2014-10-29,07:00:00,1.26726,1.26743,1.26689,1.26697,0,0
2014-10-29,08:00:00,1.26695,1.26732,1.26666,1.26702,0,0
2014-10-29,09:00:00,1.26709,1.26757,1.26672,1.26675,0,0
2014-10-29,10:00:00,1.26672,1.26738,1.26615,1.267,0,0
2014-10-29,11:00:00,1.26698,1.26734,1.26636,1.26667,0,0
2014-10-29,12:00:00,1.26668,1.26668,1.26485,1.26563,0,0
2014-10-29,13:00:00,1.26561,1.26591,1.26494,1.26585,0,0
2014-10-29,14:00:00,1.26584,1.26594,1.26484,1.26524,0,0
2014-10-29,15:00:00,1.26514,1.26577,1.26418,1.26542,0,0
2014-10-29,16:00:00,1.26554,1.26591,1.26485,1.26571,0,0
2014-10-29,17:00:00,1.26573,1.26598,1.26479,1.26542,0,0
2014-10-29,18:00:00,1.26554,1.26575,1.26464,1.2652,0,0
2014-10-29,19:00:00,1.26523,1.26616,1.26428,1.26458,0,0
2014-10-29,20:00:00,1.26402,1.26748,1.26301,1.26684,0,0
2014-10-29,21:00:00,1.26685,1.26702,1.2658,1.26654,0,0
2014-10-29,22:00:00,1.26653,1.26772,1.26626,1.26759,0,0
2014-10-29,23:00:00,1.26741,1.26781,1.2668,1.26726,0,0
2014-10-29,23:59:00,1.26728,1.26759,1.26689,1.26715,0,0
2014-10-30,01:00:00,1.26711,1.26739,1.26665,1.26687,0,0
2014-10-30,02:00:00,1.26687,1.26693,1.26508,1.26514,0,0
2014-10-30,03:00:00,1.26514,1.26612,1.26512,1.26557,0,0
2014-10-30,04:00:00,1.26555,1.26621,1.26555,1.26621,0,0
2014-10-30,05:00:00,1.26618,1.26642,1.26577,1.2664,0,0
2014-10-30,06:00:00,1.2664,1.26756,1.26631,1.26745,0,0
2014-10-30,07:00:00,1.26745,1.26886,1.26739,1.26783,0,0
2014-10-30,08:00:00,1.26786,1.26908,1.26769,1.26871,0,0
2014-10-30,09:00:00,1.26891,1.26977,1.26833,1.26919,0,0
2014-10-30,10:00:00,1.26926,1.27154,1.26924,1.27053,0,0
2014-10-30,11:00:00,1.27064,1.27177,1.2703,1.2703,0,0
2014-10-30,12:00:00,1.2703,1.27187,1.27012,1.27171,0,0
2014-10-30,13:00:00,1.27175,1.27206,1.26988,1.2702,0,0
2014-10-30,14:00:00,1.27024,1.27183,1.26898,1.26985,0,0
2014-10-30,15:00:00,1.26978,1.27067,1.26909,1.26927,0,0
2014-10-30,16:00:00,1.26947,1.27021,1.26879,1.26956,0,0
2014-10-30,17:00:00,1.2695,1.26994,1.26903,1.26941,0,0
2014-10-30,18:00:00,1.26947,1.27044,1.2693,1.27016,0,0
2014-10-30,19:00:00,1.2701,1.2701,1.26838,1.26857,0,0
2014-10-30,20:00:00,1.26854,1.26936,1.26851,1.2688,0,0
2014-10-30,21:00:00,1.26877,1.2692,1.26871,1.26911,0,0
2014-10-30,22:00:00,1.26907,1.26912,1.2686,1.26865,0,0
2014-10-30,23:00:00,1.26858,1.26921,1.26837,1.26876,0,0
2014-10-30,23:59:00,1.26874,1.26893,1.26825,1.26886,0,0
2014-10-31,01:00:00,1.26888,1.26904,1.26836,1.26883,0,0
2014-10-31,02:00:00,1.26884,1.26927,1.26871,1.26904,0,0
2014-10-31,03:00:00,1.26904,1.2694,1.26877,1.26924,0,0
2014-10-31,04:00:00,1.26924,1.26937,1.26892,1.26892,0,0
2014-10-31,05:00:00,1.26892,1.26948,1.26889,1.26909,0,0
2014-10-31,06:00:00,1.26913,1.27027,1.26888,1.27012,0,0
2014-10-31,07:00:00,1.27014,1.27136,1.27007,1.27104,0,0
2014-10-31,08:00:00,1.27134,1.27172,1.26994,1.27124,0,0
2014-10-31,09:00:00,1.27117,1.27308,1.27049,1.27237,0,0
2014-10-31,10:00:00,1.27237,1.2733,1.27132,1.27142,0,0
2014-10-31,11:00:00,1.27134,1.27305,1.27129,1.27255,0,0
2014-10-31,12:00:00,1.27222,1.27373,1.27116,1.2723,0,0
2014-10-31,13:00:00,1.27219,1.27288,1.27127,1.27185,0,0
2014-10-31,14:00:00,1.2719,1.2755,1.2719,1.27497,0,0
2014-10-31,15:00:00,1.27515,1.27716,1.27439,1.27572,0,0
2014-10-31,16:00:00,1.27566,1.2774,1.27566,1.27713,0,0
2014-10-31,17:00:00,1.27727,1.27824,1.27571,1.27688,0,0
2014-10-31,18:00:00,1.277,1.27736,1.2758,1.27612,0,0
2014-10-31,19:00:00,1.27605,1.27654,1.27561,1.27628,0,0
2014-10-31,20:00:00,1.27631,1.2769,1.27588,1.27649,0,0
2014-10-31,21:00:00,1.27646,1.27679,1.27577,1.27655,0,0
2014-10-31,22:00:00,1.2765,1.27748,1.27629,1.27703,0,0
2014-10-31,23:00:00,1.27703,1.27712,1.27703,1.27712,0,0
2014-11-03,01:00:00,1.27693,1.27784,1.2768,1.2776,0,0
2014-11-03,02:00:00,1.27752,1.28037,1.27605,1.27896,0,0
2014-11-03,03:00:00,1.27883,1.28039,1.27809,1.27974,0,0
2014-11-03,04:00:00,1.27979,1.28016,1.2792,1.27928,0,0
2014-11-03,05:00:00,1.27928,1.27997,1.27901,1.27942,0,0
2014-11-03,06:00:00,1.27944,1.27949,1.27897,1.27932,0,0
2014-11-03,07:00:00,1.27932,1.27964,1.27893,1.27906,0,0
2014-11-03,08:00:00,1.27904,1.27922,1.27817,1.27895,0,0
2014-11-03,09:00:00,1.27901,1.27951,1.27806,1.27869,0,0
2014-11-03,10:00:00,1.27869,1.28061,1.27806,1.27971,0,0
2014-11-03,11:00:00,1.27989,1.28209,1.27915,1.28055,0,0
2014-11-03,12:00:00,1.28057,1.28093,1.27961,1.28024,0,0
2014-11-03,13:00:00,1.28021,1.28095,1.27999,1.2801,0,0
2014-11-03,14:00:00,1.28026,1.28083,1.27956,1.28043,0,0
2014-11-03,15:00:00,1.28046,1.28128,1.27914,1.27935,0,0
2014-11-03,16:00:00,1.27941,1.27965,1.27816,1.27907,0,0
2014-11-03,17:00:00,1.27893,1.28071,1.2782,1.27997,0,0
2014-11-03,18:00:00,1.27989,1.28019,1.27866,1.28019,0,0
2014-11-03,19:00:00,1.2802,1.28077,1.27982,1.28049,0,0
2014-11-03,20:00:00,1.28039,1.28101,1.28004,1.28019,0,0
2014-11-03,21:00:00,1.28021,1.28066,1.27877,1.27916,0,0
2014-11-03,22:00:00,1.27915,1.2799,1.27894,1.27894,0,0
2014-11-03,23:00:00,1.2788,1.27981,1.2788,1.27957,0,0
2014-11-03,23:59:00,1.27962,1.27986,1.27879,1.27906,0,0
2014-11-04,01:00:00,1.27908,1.27926,1.27841,1.2788,0,0
2014-11-04,02:00:00,1.27884,1.27901,1.27742,1.278,0,0
2014-11-04,03:00:00,1.27802,1.27888,1.27776,1.27877,0,0
2014-11-04,04:00:00,1.27877,1.279,1.27809,1.27809,0,0
2014-11-04,05:00:00,1.27817,1.27863,1.277,1.27719,0,0
2014-11-04,06:00:00,1.27723,1.27788,1.27706,1.27773,0,0
2014-11-04,07:00:00,1.27775,1.27795,1.27706,1.27766,0,0
2014-11-04,08:00:00,1.27766,1.2783,1.27693,1.27812,0,0
2014-11-04,09:00:00,1.27813,1.2791,1.27812,1.27856,0,0
2014-11-04,10:00:00,1.27858,1.27993,1.27858,1.27908,0,0
2014-11-04,11:00:00,1.27911,1.27983,1.27776,1.27828,0,0
2014-11-04,12:00:00,1.2781,1.27896,1.277,1.27772,0,0
2014-11-04,13:00:00,1.2776,1.27875,1.27747,1.27846,0,0
2014-11-04,14:00:00,1.2785,1.2793,1.27815,1.27889,0,0
2014-11-04,15:00:00,1.27892,1.27919,1.27793,1.27852,0,0
2014-11-04,16:00:00,1.27851,1.27982,1.27847,1.27962,0,0
2014-11-04,17:00:00,1.27947,1.27955,1.27333,1.27333,0,0
2014-11-04,18:00:00,1.27337,1.2746,1.27329,1.27374,0,0
2014-11-04,19:00:00,1.27376,1.27485,1.27367,1.27475,0,0
2014-11-04,20:00:00,1.27478,1.27524,1.27461,1.2747,0,0
2014-11-04,21:00:00,1.27473,1.27506,1.27422,1.27441,0,0
2014-11-04,22:00:00,1.27444,1.27525,1.27444,1.27514,0,0
2014-11-04,23:00:00,1.27514,1.27563,1.27497,1.27544,0,0
2014-11-04,23:59:00,1.27543,1.27607,1.27463,1.27498,0,0
2014-11-05,01:00:00,1.27504,1.27526,1.27442,1.27504,0,0
2014-11-05,02:00:00,1.27504,1.27531,1.27442,1.27449,0,0
2014-11-05,03:00:00,1.27444,1.27494,1.27418,1.27491,0,0
2014-11-05,04:00:00,1.27489,1.27515,1.27454,1.27476,0,0
2014-11-05,05:00:00,1.27476,1.27482,1.27436,1.27461,0,0
2014-11-05,06:00:00,1.27465,1.27576,1.2744,1.27558,0,0
2014-11-05,07:00:00,1.27554,1.27598,1.27497,1.27506,0,0
2014-11-05,08:00:00,1.27495,1.27577,1.27242,1.27355,0,0
2014-11-05,09:00:00,1.27346,1.27481,1.27327,1.27444,0,0
2014-11-05,10:00:00,1.2745,1.27589,1.2739,1.27519,0,0
2014-11-05,11:00:00,1.27525,1.27577,1.27214,1.27291,0,0
2014-11-05,12:00:00,1.27291,1.27342,1.27166,1.27231,0,0
2014-11-05,13:00:00,1.27233,1.27421,1.27227,1.27401,0,0
2014-11-05,14:00:00,1.27413,1.27522,1.27379,1.27519,0,0
2014-11-05,15:00:00,1.27519,1.27786,1.27393,1.27786,0,0
2014-11-05,16:00:00,1.27789,1.27955,1.2776,1.27919,0,0
2014-11-05,17:00:00,1.27913,1.28016,1.2782,1.27924,0,0
2014-11-05,18:00:00,1.27927,1.28052,1.2786,1.27991,0,0
2014-11-05,19:00:00,1.2799,1.28025,1.27918,1.27918,0,0
2014-11-05,20:00:00,1.27917,1.28002,1.27868,1.28002,0,0
2014-11-05,21:00:00,1.28002,1.28064,1.27972,1.28018,0,0
2014-11-05,22:00:00,1.28028,1.28053,1.2796,1.27996,0,0
2014-11-05,23:00:00,1.27997,1.27997,1.27924,1.27951,0,0
2014-11-05,23:59:00,1.27945,1.27967,1.27865,1.2793,0,0
2014-11-06,01:00:00,1.2793,1.27984,1.2789,1.27937,0,0
2014-11-06,02:00:00,1.27937,1.27953,1.27859,1.27871,0,0
2014-11-06,03:00:00,1.27884,1.27931,1.27812,1.27858,0,0
2014-11-06,04:00:00,1.27858,1.27884,1.27802,1.27842,0,0
2014-11-06,05:00:00,1.27837,1.27886,1.27776,1.27818,0,0
2014-11-06,06:00:00,1.27818,1.27833,1.27665,1.27684,0,0
2014-11-06,07:00:00,1.27684,1.27754,1.27621,1.27625,0,0
2014-11-06,08:00:00,1.27612,1.27726,1.276,1.27698,0,0
2014-11-06,09:00:00,1.27703,1.27832,1.27696,1.27801,0,0
2014-11-06,10:00:00,1.27797,1.27844,1.27722,1.27797,0,0
2014-11-06,11:00:00,1.27808,1.27838,1.2757,1.27612,0,0
2014-11-06,12:00:00,1.27606,1.27628,1.27298,1.27432,0,0
2014-11-06,13:00:00,1.27441,1.27497,1.27268,1.2742,0,0
2014-11-06,14:00:00,1.27436,1.27494,1.27227,1.27237,0,0
2014-11-06,15:00:00,1.27235,1.28174,1.27166,1.28105,0,0
2014-11-06,16:00:00,1.281,1.28221,1.27917,1.27977,0,0
2014-11-06,17:00:00,1.27996,1.28046,1.27848,1.27871,0,0
2014-11-06,18:00:00,1.27881,1.27938,1.27697,1.27785,0,0
2014-11-06,19:00:00,1.27785,1.27816,1.27725,1.27749,0,0
2014-11-06,20:00:00,1.27755,1.27919,1.27743,1.27857,0,0
2014-11-06,21:00:00,1.27859,1.27897,1.27826,1.27864,0,0
2014-11-06,22:00:00,1.27859,1.27972,1.27853,1.27932,0,0
2014-11-06,23:00:00,1.27937,1.27995,1.27926,1.27938,0,0
2014-11-06,23:59:00,1.27932,1.27965,1.27874,1.27936,0,0
2014-11-07,01:00:00,1.27922,1.27983,1.27904,1.27962,0,0
2014-11-07,02:00:00,1.27955,1.28007,1.27908,1.27956,0,0
2014-11-07,03:00:00,1.2796,1.27976,1.27901,1.27917,0,0
2014-11-07,04:00:00,1.27917,1.27958,1.27917,1.27943,0,0
2014-11-07,05:00:00,1.27945,1.27945,1.27844,1.27852,0,0
2014-11-07,06:00:00,1.27852,1.27885,1.27821,1.27859,0,0
2014-11-07,07:00:00,1.27863,1.27892,1.27835,1.27875,0,0
2014-11-07,08:00:00,1.27869,1.27905,1.27825,1.27898,0,0
2014-11-07,09:00:00,1.27902,1.27924,1.27791,1.27869,0,0
2014-11-07,10:00:00,1.27867,1.27883,1.2765,1.27679,0,0
2014-11-07,11:00:00,1.2768,1.27726,1.27536,1.27584,0,0
2014-11-07,12:00:00,1.27582,1.27684,1.27577,1.27633,0,0
2014-11-07,13:00:00,1.27639,1.27731,1.27555,1.27729,0,0
2014-11-07,14:00:00,1.27731,1.27731,1.27631,1.27651,0,0
2014-11-07,15:00:00,1.27651,1.27786,1.27426,1.27764,0,0
2014-11-07,16:00:00,1.27767,1.27769,1.27418,1.27448,0,0
2014-11-07,17:00:00,1.2745,1.2763,1.27382,1.27619,0,0
2014-11-07,18:00:00,1.27621,1.27622,1.27501,1.27553,0,0
2014-11-07,19:00:00,1.27545,1.27571,1.27399,1.27457,0,0
2014-11-07,20:00:00,1.27458,1.27474,1.27245,1.2738,0,0
2014-11-07,21:00:00,1.27388,1.2758,1.27359,1.27506,0,0
2014-11-07,22:00:00,1.2751,1.27545,1.27424,1.27468,0,0
2014-11-07,23:00:00,1.27462,1.27462,1.27462,1.27462,0,0
2014-11-10,01:00:00,1.27428,1.27482,1.27336,1.27449,0,0
2014-11-10,02:00:00,1.27439,1.2748,1.27402,1.27402,0,0
2014-11-10,03:00:00,1.27402,1.27494,1.27402,1.27464,0,0
2014-11-10,04:00:00,1.27435,1.27451,1.27351,1.27416,0,0
2014-11-10,05:00:00,1.27418,1.27418,1.27355,1.27379,0,0
2014-11-10,06:00:00,1.27379,1.27423,1.27362,1.27407,0,0
2014-11-10,07:00:00,1.27403,1.27459,1.27387,1.27449,0,0
2014-11-10,08:00:00,1.27449,1.2753,1.27446,1.27478,0,0
2014-11-10,09:00:00,1.27491,1.27585,1.2743,1.27472,0,0
2014-11-10,10:00:00,1.27465,1.27478,1.27309,1.27328,0,0
2014-11-10,11:00:00,1.27327,1.27387,1.2729,1.2736,0,0
2014-11-10,12:00:00,1.2736,1.27417,1.2719,1.27199,0,0
2014-11-10,13:00:00,1.27202,1.27342,1.27194,1.27331,0,0
2014-11-10,14:00:00,1.27351,1.27382,1.27239,1.27277,0,0
2014-11-10,15:00:00,1.2729,1.27421,1.27282,1.27379,0,0
2014-11-10,16:00:00,1.27379,1.27579,1.27364,1.27579,0,0
2014-11-10,17:00:00,1.27579,1.27651,1.27548,1.27558,0,0
2014-11-10,18:00:00,1.27538,1.27731,1.27535,1.27635,0,0
2014-11-10,19:00:00,1.27614,1.27653,1.27595,1.27612,0,0
2014-11-10,20:00:00,1.27613,1.27641,1.27544,1.27553,0,0
2014-11-10,21:00:00,1.27547,1.27594,1.2753,1.27591,0,0
2014-11-10,22:00:00,1.27582,1.2761,1.27563,1.2759,0,0
2014-11-10,23:00:00,1.27595,1.27595,1.27479,1.27555,0,0
2014-11-10,23:59:00,1.27593,1.27593,1.2751,1.27536,0,0
2014-11-11,01:00:00,1.27537,1.27577,1.27518,1.27556,0,0
2014-11-11,02:00:00,1.27536,1.27544,1.27487,1.27494,0,0
2014-11-11,03:00:00,1.27496,1.27511,1.27456,1.27489,0,0
2014-11-11,04:00:00,1.27501,1.27501,1.27434,1.27451,0,0
2014-11-11,05:00:00,1.27444,1.27475,1.27419,1.27475,0,0
2014-11-11,06:00:00,1.27475,1.27541,1.27463,1.2753,0,0
2014-11-11,07:00:00,1.27543,1.27553,1.27497,1.27505,0,0
2014-11-11,08:00:00,1.27504,1.27599,1.27492,1.27592,0,0
2014-11-11,09:00:00,1.27614,1.27744,1.27557,1.27706,0,0
2014-11-11,10:00:00,1.27697,1.27766,1.27616,1.27661,0,0
2014-11-11,11:00:00,1.27661,1.27842,1.27661,1.27805,0,0
2014-11-11,12:00:00,1.27787,1.27839,1.27689,1.27706,0,0
2014-11-11,13:00:00,1.27704,1.27807,1.27665,1.27807,0,0
2014-11-11,14:00:00,1.27806,1.27818,1.27628,1.27663,0,0
2014-11-11,15:00:00,1.27686,1.2771,1.27552,1.27687,0,0
2014-11-11,16:00:00,1.27705,1.27718,1.27643,1.27695,0,0
2014-11-11,17:00:00,1.27702,1.27771,1.27673,1.27723,0,0
2014-11-11,18:00:00,1.27722,1.27759,1.27509,1.27576,0,0
2014-11-11,19:00:00,1.27576,1.27636,1.27451,1.27451,0,0
2014-11-11,20:00:00,1.27461,1.2758,1.27421,1.27546,0,0
2014-11-11,21:00:00,1.27555,1.2764,1.27529,1.27596,0,0
2014-11-11,22:00:00,1.27608,1.27609,1.2755,1.27585,0,0
2014-11-11,23:00:00,1.27585,1.27634,1.27581,1.27583,0,0
2014-11-11,23:59:00,1.27572,1.27659,1.27555,1.2763,0,0
2014-11-12,01:00:00,1.2763,1.27667,1.27596,1.27647,0,0
2014-11-12,02:00:00,1.27643,1.27737,1.27631,1.27703,0,0
2014-11-12,03:00:00,1.27703,1.27725,1.27672,1.27687,0,0
2014-11-12,04:00:00,1.27689,1.27706,1.27639,1.27675,0,0
2014-11-12,05:00:00,1.27675,1.27691,1.27615,1.27628,0,0
2014-11-12,06:00:00,1.27628,1.27658,1.27591,1.27618,0,0
2014-11-12,07:00:00,1.27618,1.27626,1.27573,1.27584,0,0
2014-11-12,08:00:00,1.27579,1.27612,1.27509,1.27538,0,0
2014-11-12,09:00:00,1.27547,1.27565,1.27468,1.27481,0,0
2014-11-12,10:00:00,1.27487,1.27795,1.27485,1.27692,0,0
2014-11-12,11:00:00,1.27657,1.28156,1.27549,1.28074,0,0
2014-11-12,12:00:00,1.2807,1.2808,1.27363,1.27426,0,0
2014-11-12,13:00:00,1.27416,1.27443,1.26938,1.27137,0,0
2014-11-12,14:00:00,1.27142,1.27142,1.26869,1.26908,0,0
2014-11-12,15:00:00,1.26908,1.26997,1.26803,1.26929,0,0
2014-11-12,16:00:00,1.26951,1.27122,1.26891,1.26891,0,0
2014-11-12,17:00:00,1.26897,1.26936,1.26746,1.26885,0,0
2014-11-12,18:00:00,1.26875,1.26975,1.26777,1.26955,0,0
2014-11-12,19:00:00,1.26955,1.27052,1.26923,1.26992,0,0
2014-11-12,20:00:00,1.26979,1.27134,1.26979,1.27041,0,0
2014-11-12,21:00:00,1.27038,1.27045,1.26936,1.26946,0,0
2014-11-12,22:00:00,1.26954,1.26997,1.26923,1.26955,0,0
2014-11-12,23:00:00,1.26943,1.2695,1.26854,1.2686,0,0
2014-11-12,23:59:00,1.2686,1.26882,1.26763,1.2686,0,0
2014-11-13,01:00:00,1.26839,1.26897,1.26808,1.26864,0,0
2014-11-13,02:00:00,1.26865,1.26884,1.26804,1.26817,0,0
2014-11-13,03:00:00,1.26817,1.26857,1.26747,1.26747,0,0
2014-11-13,04:00:00,1.26749,1.26804,1.26695,1.26779,0,0
2014-11-13,05:00:00,1.26779,1.26818,1.26746,1.26777,0,0
2014-11-13,06:00:00,1.26773,1.26782,1.26727,1.26737,0,0
2014-11-13,07:00:00,1.26739,1.26762,1.26694,1.26755,0,0
2014-11-13,08:00:00,1.26719,1.26782,1.26701,1.2678,0,0
2014-11-13,09:00:00,1.2678,1.26837,1.26582,1.26607,0,0
2014-11-13,10:00:00,1.26619,1.26677,1.26519,1.26536,0,0
2014-11-13,11:00:00,1.26536,1.26551,1.26428,1.26451,0,0
2014-11-13,12:00:00,1.26449,1.26481,1.26326,1.26455,0,0
2014-11-13,13:00:00,1.26455,1.26502,1.26388,1.26388,0,0
2014-11-13,14:00:00,1.26402,1.26414,1.26274,1.26374,0,0
2014-11-13,15:00:00,1.26376,1.26409,1.26284,1.2637,0,0
2014-11-13,16:00:00,1.26358,1.26364,1.2625,1.26328,0,0
2014-11-13,17:00:00,1.26328,1.26328,1.2603,1.26138,0,0
2014-11-13,18:00:00,1.26143,1.26184,1.25948,1.25958,0,0
2014-11-13,19:00:00,1.25958,1.26031,1.25944,1.26025,0,0
2014-11-13,20:00:00,1.26008,1.26016,1.25892,1.25904,0,0
2014-11-13,21:00:00,1.259,1.25912,1.25845,1.25886,0,0
2014-11-13,22:00:00,1.25886,1.25936,1.25874,1.2591,0,0
2014-11-13,23:00:00,1.25913,1.25947,1.25874,1.25902,0,0
2014-11-13,23:59:00,1.25902,1.25933,1.25838,1.2589,0,0
2014-11-14,01:00:00,1.25881,1.25909,1.25863,1.25872,0,0
2014-11-14,02:00:00,1.25872,1.25924,1.25766,1.25875,0,0
2014-11-14,03:00:00,1.25875,1.25914,1.25833,1.25867,0,0
2014-11-14,04:00:00,1.25865,1.25928,1.25834,1.25879,0,0
2014-11-14,05:00:00,1.25881,1.25905,1.25861,1.25889,0,0
2014-11-14,06:00:00,1.25889,1.25951,1.25849,1.25951,0,0
2014-11-14,07:00:00,1.25949,1.25977,1.25898,1.25965,0,0
2014-11-14,08:00:00,1.25975,1.25999,1.2589,1.25918,0,0
2014-11-14,09:00:00,1.25886,1.26025,1.25881,1.25945,0,0
2014-11-14,10:00:00,1.25921,1.25943,1.25785,1.25799,0,0
2014-11-14,11:00:00,1.25799,1.25997,1.25751,1.25782,0,0
2014-11-14,12:00:00,1.25773,1.25845,1.25691,1.25766,0,0
2014-11-14,13:00:00,1.25768,1.25839,1.25737,1.25793,0,0
2014-11-14,14:00:00,1.25796,1.25891,1.25775,1.25812,0,0
2014-11-14,15:00:00,1.25836,1.25999,1.25825,1.25902,0,0
2014-11-14,16:00:00,1.2591,1.25914,1.25622,1.25649,0,0
2014-11-14,17:00:00,1.25649,1.25649,1.25298,1.25386,0,0
2014-11-14,18:00:00,1.25387,1.2549,1.25287,1.25303,0,0
2014-11-14,19:00:00,1.25301,1.25302,1.25027,1.25113,0,0
2014-11-14,20:00:00,1.25101,1.25244,1.2508,1.25225,0,0
2014-11-14,21:00:00,1.25203,1.25209,1.25103,1.25189,0,0
2014-11-14,22:00:00,1.25191,1.25217,1.251,1.25108,0,0
2014-11-14,23:00:00,1.25109,1.25109,1.25109,1.25109,0,0
2014-11-17,01:00:00,1.25142,1.25178,1.25108,1.25108,0,0
2014-11-17,02:00:00,1.25101,1.25155,1.25031,1.25155,0,0
2014-11-17,03:00:00,1.25155,1.25155,1.25031,1.25111,0,0
2014-11-17,04:00:00,1.25102,1.25131,1.24959,1.2511,0,0
2014-11-17,05:00:00,1.25115,1.25198,1.25079,1.25198,0,0
2014-11-17,06:00:00,1.25196,1.25326,1.25174,1.25318,0,0
2014-11-17,07:00:00,1.2532,1.25328,1.25281,1.25311,0,0
2014-11-17,08:00:00,1.25311,1.25336,1.25278,1.25289,0,0
2014-11-17,09:00:00,1.25284,1.25331,1.25122,1.25147,0,0
2014-11-17,10:00:00,1.25145,1.2516,1.25023,1.25084,0,0
2014-11-17,11:00:00,1.2509,1.25197,1.25055,1.25096,0,0
2014-11-17,12:00:00,1.25101,1.25171,1.25068,1.25116,0,0
2014-11-17,13:00:00,1.25116,1.25238,1.25099,1.25236,0,0
2014-11-17,14:00:00,1.25232,1.25232,1.25163,1.2519,0,0
2014-11-17,15:00:00,1.2519,1.25217,1.251,1.25167,0,0
2014-11-17,16:00:00,1.25167,1.25458,1.25167,1.25447,0,0
2014-11-17,17:00:00,1.25479,1.25604,1.25458,1.25595,0,0
2014-11-17,18:00:00,1.25621,1.25705,1.25602,1.25689,0,0
2014-11-17,19:00:00,1.25689,1.25692,1.25599,1.25635,0,0
2014-11-17,20:00:00,1.25626,1.25685,1.25593,1.25593,0,0
2014-11-17,21:00:00,1.25593,1.25628,1.2555,1.25608,0,0
2014-11-17,22:00:00,1.25608,1.25628,1.25593,1.25628,0,0
2014-11-17,23:00:00,1.25624,1.25635,1.25591,1.25632,0,0
2014-11-17,23:59:00,1.25632,1.25661,1.25573,1.25582,0,0
2014-11-18,01:00:00,1.25582,1.25656,1.25578,1.2561,0,0
2014-11-18,02:00:00,1.2561,1.25617,1.2548,1.25515,0,0
2014-11-18,03:00:00,1.25517,1.25526,1.25485,1.25517,0,0
2014-11-18,04:00:00,1.25517,1.25521,1.2548,1.25498,0,0
2014-11-18,05:00:00,1.25498,1.25505,1.25463,1.25463,0,0
2014-11-18,06:00:00,1.25464,1.25519,1.25462,1.25493,0,0
2014-11-18,07:00:00,1.25505,1.25523,1.25475,1.25482,0,0
2014-11-18,08:00:00,1.25477,1.2554,1.25456,1.25508,0,0
2014-11-18,09:00:00,1.25508,1.25527,1.25356,1.25413,0,0
2014-11-18,10:00:00,1.25417,1.25444,1.25305,1.25325,0,0
2014-11-18,11:00:00,1.25324,1.25324,1.25078,1.25093,0,0
2014-11-18,12:00:00,1.25093,1.25163,1.24841,1.25153,0,0
2014-11-18,13:00:00,1.25155,1.2522,1.25063,1.25199,0,0
2014-11-18,14:00:00,1.25189,1.25192,1.25075,1.2512,0,0
2014-11-18,15:00:00,1.25115,1.25125,1.24942,1.24962,0,0
2014-11-18,16:00:00,1.24956,1.25179,1.24949,1.25062,0,0
2014-11-18,17:00:00,1.25065,1.25117,1.24823,1.24894,0,0
2014-11-18,18:00:00,1.2483,1.24856,1.24733,1.2485,0,0
2014-11-18,19:00:00,1.24848,1.24899,1.2482,1.24872,0,0
2014-11-18,20:00:00,1.24869,1.24869,1.24703,1.24707,0,0
2014-11-18,21:00:00,1.24708,1.24773,1.247,1.24765,0,0
2014-11-18,22:00:00,1.24735,1.24768,1.24693,1.24695,0,0
2014-11-18,23:00:00,1.24695,1.24724,1.24681,1.24711,0,0
2014-11-18,23:59:00,1.24711,1.24747,1.24644,1.24655,0,0
2014-11-19,01:00:00,1.24652,1.24716,1.24652,1.24697,0,0
2014-11-19,02:00:00,1.24697,1.2475,1.24633,1.24669,0,0
2014-11-19,03:00:00,1.24677,1.24742,1.24649,1.24649,0,0
2014-11-19,04:00:00,1.24653,1.24727,1.24652,1.247,0,0
2014-11-19,05:00:00,1.247,1.24733,1.2465,1.247,0,0
2014-11-19,06:00:00,1.24703,1.24715,1.24652,1.24656,0,0
2014-11-19,07:00:00,1.24654,1.24746,1.24648,1.24695,0,0
2014-11-19,08:00:00,1.24687,1.24761,1.24667,1.24761,0,0
2014-11-19,09:00:00,1.2476,1.24808,1.24569,1.24572,0,0
2014-11-19,10:00:00,1.24572,1.24662,1.24418,1.24418,0,0
2014-11-19,11:00:00,1.24407,1.24924,1.24397,1.24882,0,0
2014-11-19,12:00:00,1.24884,1.2512,1.24884,1.2511,0,0
2014-11-19,13:00:00,1.25106,1.25169,1.25007,1.25112,0,0
2014-11-19,14:00:00,1.25112,1.25119,1.24982,1.25018,0,0
2014-11-19,15:00:00,1.25014,1.25044,1.24854,1.24882,0,0
2014-11-19,16:00:00,1.24882,1.24934,1.24828,1.24867,0,0
2014-11-19,17:00:00,1.24872,1.24989,1.24852,1.24895,0,0
2014-11-19,18:00:00,1.24926,1.24942,1.24854,1.24866,0,0
2014-11-19,19:00:00,1.24868,1.24988,1.24808,1.24972,0,0
2014-11-19,20:00:00,1.2497,1.25002,1.24926,1.24939,0,0
2014-11-19,21:00:00,1.24705,1.25089,1.24705,1.24975,0,0
2014-11-19,22:00:00,1.2497,1.25003,1.24953,1.24982,0,0
2014-11-19,23:00:00,1.24988,1.25,1.24913,1.24926,0,0
2014-11-19,23:59:00,1.24926,1.25031,1.24912,1.25013,0,0
2014-11-20,01:00:00,1.25013,1.25013,1.24938,1.24971,0,0
2014-11-20,02:00:00,1.24969,1.25027,1.24962,1.24994,0,0
2014-11-20,03:00:00,1.24986,1.25051,1.24976,1.24976,0,0
2014-11-20,04:00:00,1.2497,1.25007,1.24939,1.24951,0,0
2014-11-20,05:00:00,1.24951,1.24977,1.24921,1.2494,0,0
2014-11-20,06:00:00,1.2494,1.24966,1.24901,1.24915,0,0
2014-11-20,07:00:00,1.24937,1.24965,1.24894,1.24907,0,0
2014-11-20,08:00:00,1.24907,1.24921,1.24887,1.249,0,0
2014-11-20,09:00:00,1.24895,1.24895,1.24731,1.24822,0,0
2014-11-20,10:00:00,1.24849,1.25082,1.2459,1.25052,0,0
2014-11-20,11:00:00,1.25039,1.25357,1.25001,1.25224,0,0
2014-11-20,12:00:00,1.25217,1.25217,1.24972,1.25066,0,0
2014-11-20,13:00:00,1.25066,1.25137,1.25038,1.25137,0,0
2014-11-20,14:00:00,1.25153,1.2519,1.25047,1.25155,0,0
2014-11-20,15:00:00,1.25155,1.2533,1.25076,1.25169,0,0
2014-11-20,16:00:00,1.25169,1.25323,1.25021,1.25297,0,0
2014-11-20,17:00:00,1.25297,1.254,1.25226,1.25226,0,0
2014-11-20,18:00:00,1.25226,1.2527,1.2518,1.25212,0,0
2014-11-20,19:00:00,1.25195,1.25229,1.25087,1.25116,0,0
2014-11-20,20:00:00,1.25111,1.2518,1.25097,1.25119,0,0
2014-11-20,21:00:00,1.25119,1.25134,1.25064,1.25103,0,0
2014-11-20,22:00:00,1.25103,1.25177,1.25091,1.2512,0,0
2014-11-20,23:00:00,1.2512,1.25154,1.251,1.2514,0,0
2014-11-20,23:59:00,1.25138,1.25163,1.25075,1.25121,0,0
2014-11-21,01:00:00,1.25121,1.25142,1.25049,1.25104,0,0
2014-11-21,02:00:00,1.2511,1.25119,1.25048,1.25056,0,0
2014-11-21,03:00:00,1.25055,1.25082,1.25009,1.25071,0,0
2014-11-21,04:00:00,1.25075,1.25079,1.25016,1.25033,0,0
2014-11-21,05:00:00,1.25033,1.25066,1.24993,1.25005,0,0
2014-11-21,06:00:00,1.25,1.25069,1.24984,1.25049,0,0
2014-11-21,07:00:00,1.2504,1.25087,1.25004,1.25039,0,0
2014-11-21,08:00:00,1.2504,1.25069,1.24956,1.25022,0,0
2014-11-21,09:00:00,1.25026,1.25113,1.2499,1.25095,0,0
2014-11-21,10:00:00,1.25095,1.2546,1.24971,1.25428,0,0
2014-11-21,11:00:00,1.25446,1.25763,1.25437,1.2576,0,0
2014-11-21,12:00:00,1.2576,1.26053,1.25694,1.26026,0,0
2014-11-21,13:00:00,1.26026,1.26128,1.25943,1.26083,0,0
2014-11-21,14:00:00,1.26083,1.2617,1.25925,1.26156,0,0
2014-11-21,15:00:00,1.26156,1.26339,1.25936,1.25982,0,0
2014-11-21,16:00:00,1.25982,1.26314,1.2596,1.25974,0,0
2014-11-21,17:00:00,1.26002,1.2631,1.26002,1.26308,0,0
2014-11-21,18:00:00,1.26309,1.26473,1.26265,1.26459,0,0
2014-11-21,19:00:00,1.26447,1.26474,1.2632,1.26346,0,0
2014-11-21,20:00:00,1.26346,1.26448,1.26328,1.26378,0,0
2014-11-21,21:00:00,1.26373,1.26373,1.26227,1.26311,0,0
2014-11-21,22:00:00,1.2631,1.26387,1.26267,1.26387,0,0
2014-11-21,23:00:00,1.26386,1.26386,1.26366,1.26381,0,0
2014-11-24,01:00:00,1.26489,1.26541,1.26436,1.26454,0,0
2014-11-24,02:00:00,1.26457,1.26457,1.26384,1.26414,0,0
2014-11-24,03:00:00,1.26421,1.26457,1.26395,1.2641,0,0
2014-11-24,04:00:00,1.2641,1.2644,1.26377,1.26426,0,0
2014-11-24,05:00:00,1.26427,1.26427,1.26317,1.26372,0,0
2014-11-24,06:00:00,1.26372,1.26372,1.26299,1.26356,0,0
2014-11-24,07:00:00,1.26358,1.26386,1.2632,1.26333,0,0
2014-11-24,08:00:00,1.26333,1.26406,1.26324,1.26403,0,0
2014-11-24,09:00:00,1.26404,1.26443,1.26272,1.26295,0,0
2014-11-24,10:00:00,1.26281,1.26392,1.26253,1.26328,0,0
2014-11-24,11:00:00,1.26322,1.26323,1.26026,1.261,0,0
2014-11-24,12:00:00,1.26129,1.2623,1.2609,1.26173,0,0
2014-11-24,13:00:00,1.2617,1.26448,1.26131,1.264,0,0
2014-11-24,14:00:00,1.26398,1.26494,1.26343,1.26391,0,0
2014-11-24,15:00:00,1.26391,1.26426,1.26234,1.2625,0,0
2014-11-24,16:00:00,1.26252,1.26353,1.26218,1.26278,0,0
2014-11-24,17:00:00,1.26287,1.26299,1.26198,1.26219,0,0
2014-11-24,18:00:00,1.2622,1.26357,1.26192,1.26339,0,0
2014-11-24,19:00:00,1.26337,1.26354,1.26267,1.263,0,0
2014-11-24,20:00:00,1.26306,1.26342,1.26197,1.26197,0,0
2014-11-24,21:00:00,1.26197,1.26289,1.2619,1.26236,0,0
2014-11-24,22:00:00,1.26231,1.26282,1.26215,1.26228,0,0
2014-11-24,23:00:00,1.26227,1.26276,1.26214,1.26241,0,0
2014-11-24,23:59:00,1.2623,1.26275,1.26218,1.26252,0,0
2014-11-25,01:00:00,1.26256,1.26302,1.26231,1.2625,0,0
2014-11-25,02:00:00,1.26252,1.26302,1.26223,1.26294,0,0
2014-11-25,03:00:00,1.26292,1.26299,1.26199,1.26212,0,0
2014-11-25,04:00:00,1.26212,1.26237,1.26196,1.2622,0,0
2014-11-25,05:00:00,1.26224,1.26226,1.26142,1.26176,0,0
2014-11-25,06:00:00,1.26178,1.26263,1.26168,1.26252,0,0
2014-11-25,07:00:00,1.26252,1.26264,1.26222,1.26244,0,0
2014-11-25,08:00:00,1.26241,1.26271,1.26198,1.26211,0,0
2014-11-25,09:00:00,1.26211,1.26235,1.26132,1.2615,0,0
2014-11-25,10:00:00,1.26139,1.26177,1.25983,1.26153,0,0
2014-11-25,11:00:00,1.26151,1.26176,1.26013,1.26116,0,0
2014-11-25,12:00:00,1.26114,1.26179,1.25989,1.26027,0,0
2014-11-25,13:00:00,1.2603,1.26098,1.2598,1.26031,0,0
2014-11-25,14:00:00,1.26003,1.2617,1.26003,1.26077,0,0
2014-11-25,15:00:00,1.26072,1.26228,1.26043,1.26211,0,0
2014-11-25,16:00:00,1.26212,1.26229,1.25952,1.26061,0,0
2014-11-25,17:00:00,1.26033,1.26075,1.25912,1.25958,0,0
2014-11-25,18:00:00,1.25951,1.26058,1.25951,1.25999,0,0
2014-11-25,19:00:00,1.26,1.26057,1.25982,1.26055,0,0
2014-11-25,20:00:00,1.26058,1.26079,1.25918,1.2592,0,0
2014-11-25,21:00:00,1.25926,1.2598,1.25908,1.2596,0,0
2014-11-25,22:00:00,1.25957,1.25967,1.25888,1.25912,0,0
2014-11-25,23:00:00,1.2591,1.25932,1.25884,1.2592,0,0
2014-11-25,23:59:00,1.25923,1.25941,1.25901,1.2592,0,0
2014-11-26,01:00:00,1.25924,1.25975,1.25906,1.25969,0,0
2014-11-26,02:00:00,1.25965,1.25984,1.25912,1.25916,0,0
2014-11-26,03:00:00,1.25916,1.25986,1.25892,1.25971,0,0
2014-11-26,04:00:00,1.25971,1.2598,1.25913,1.25917,0,0
2014-11-26,05:00:00,1.25917,1.25948,1.25894,1.25907,0,0
2014-11-26,06:00:00,1.25906,1.25911,1.25833,1.25842,0,0
2014-11-26,07:00:00,1.25834,1.25902,1.25833,1.25887,0,0
2014-11-26,08:00:00,1.25884,1.25964,1.25883,1.25948,0,0
2014-11-26,09:00:00,1.25954,1.26038,1.25929,1.26003,0,0
2014-11-26,10:00:00,1.26007,1.26007,1.25834,1.25917,0,0
2014-11-26,11:00:00,1.25942,1.26102,1.25781,1.26047,0,0
2014-11-26,12:00:00,1.26053,1.26362,1.25991,1.26226,0,0
2014-11-26,13:00:00,1.26239,1.2647,1.26225,1.26433,0,0
2014-11-26,14:00:00,1.2644,1.26625,1.26369,1.26383,0,0
2014-11-26,15:00:00,1.26382,1.26486,1.26293,1.26343,0,0
2014-11-26,16:00:00,1.26347,1.264,1.2629,1.26317,0,0
2014-11-26,17:00:00,1.26323,1.26323,1.26049,1.26058,0,0
2014-11-26,18:00:00,1.26066,1.2627,1.25987,1.26266,0,0
2014-11-26,19:00:00,1.26265,1.2628,1.26197,1.26208,0,0
2014-11-26,20:00:00,1.26219,1.26285,1.26183,1.26249,0,0
2014-11-26,21:00:00,1.26249,1.26299,1.2623,1.26244,0,0
2014-11-26,22:00:00,1.26242,1.26327,1.26238,1.26276,0,0
2014-11-26,23:00:00,1.26276,1.26313,1.26237,1.2627,0,0
2014-11-26,23:59:00,1.26275,1.26313,1.26236,1.26289,0,0
2014-11-27,01:00:00,1.26285,1.26293,1.26236,1.26259,0,0
2014-11-27,02:00:00,1.26259,1.26316,1.2624,1.26314,0,0
2014-11-27,03:00:00,1.26314,1.26334,1.26267,1.26272,0,0
2014-11-27,04:00:00,1.2627,1.26328,1.26265,1.26288,0,0
2014-11-27,05:00:00,1.26279,1.2629,1.26217,1.26247,0,0
2014-11-27,06:00:00,1.26247,1.26276,1.26222,1.26241,0,0
2014-11-27,07:00:00,1.26241,1.26286,1.26185,1.2622,0,0
2014-11-27,08:00:00,1.26235,1.26286,1.26232,1.26269,0,0
2014-11-27,09:00:00,1.2627,1.26382,1.26262,1.26352,0,0
2014-11-27,10:00:00,1.26352,1.26469,1.26337,1.26363,0,0
2014-11-27,11:00:00,1.26366,1.26475,1.26253,1.26393,0,0
2014-11-27,12:00:00,1.26393,1.2646,1.26218,1.26263,0,0
2014-11-27,13:00:00,1.26263,1.26331,1.26236,1.26278,0,0
2014-11-27,14:00:00,1.26272,1.26316,1.2616,1.26207,0,0
2014-11-27,15:00:00,1.26196,1.26282,1.26126,1.2615,0,0
2014-11-27,16:00:00,1.26153,1.26205,1.26079,1.26132,0,0
2014-11-27,17:00:00,1.26121,1.2617,1.25941,1.25978,0,0
2014-11-27,18:00:00,1.25965,1.26068,1.25897,1.26059,0,0
2014-11-27,19:00:00,1.26057,1.26076,1.26,1.26074,0,0
2014-11-27,20:00:00,1.26075,1.26207,1.26055,1.26196,0,0
2014-11-27,21:00:00,1.26199,1.26202,1.26133,1.26173,0,0
2014-11-27,22:00:00,1.26186,1.26272,1.26169,1.26265,0,0
2014-11-27,23:00:00,1.26262,1.26269,1.26211,1.26215,0,0
2014-11-27,23:59:00,1.26217,1.26256,1.26138,1.26186,0,0
2014-11-28,01:00:00,1.26181,1.26216,1.26159,1.26215,0,0
2014-11-28,02:00:00,1.26214,1.26253,1.26128,1.26168,0,0
2014-11-28,03:00:00,1.26167,1.26217,1.2616,1.26188,0,0
2014-11-28,04:00:00,1.26189,1.26223,1.26167,1.26222,0,0
2014-11-28,05:00:00,1.26217,1.26222,1.26168,1.26202,0,0
2014-11-28,06:00:00,1.26202,1.2622,1.26179,1.262,0,0
2014-11-28,07:00:00,1.26198,1.26222,1.26175,1.26208,0,0
2014-11-28,08:00:00,1.26212,1.26235,1.2617,1.26177,0,0
2014-11-28,09:00:00,1.26179,1.26194,1.26005,1.26092,0,0
2014-11-28,10:00:00,1.26092,1.26231,1.26079,1.26189,0,0
2014-11-28,11:00:00,1.26187,1.26364,1.26088,1.2628,0,0
2014-11-28,12:00:00,1.26268,1.26268,1.25983,1.26025,0,0
2014-11-28,13:00:00,1.2603,1.26041,1.25771,1.25883,0,0
2014-11-28,14:00:00,1.25891,1.25908,1.25739,1.25777,0,0
2014-11-28,15:00:00,1.25776,1.25799,1.25684,1.25703,0,0
2014-11-28,16:00:00,1.257,1.25748,1.25634,1.25725,0,0
2014-11-28,17:00:00,1.25722,1.25739,1.25462,1.25638,0,0
2014-11-28,18:00:00,1.25651,1.25833,1.25607,1.2573,0,0
2014-11-28,19:00:00,1.2573,1.25794,1.25602,1.25616,0,0
2014-11-28,20:00:00,1.25643,1.25653,1.25548,1.25647,0,0
2014-11-28,21:00:00,1.25649,1.25678,1.25552,1.25601,0,0
2014-11-28,22:00:00,1.25605,1.25698,1.2558,1.25698,0,0
2014-11-28,23:00:00,1.25709,1.25723,1.25666,1.25671,0,0
2014-12-01,01:00:00,1.25603,1.25685,1.25482,1.25532,0,0
2014-12-01,02:00:00,1.25528,1.2559,1.25411,1.2548,0,0
2014-12-01,03:00:00,1.25481,1.25523,1.25387,1.25472,0,0
2014-12-01,04:00:00,1.25472,1.25481,1.25406,1.25427,0,0
2014-12-01,05:00:00,1.25429,1.25431,1.25378,1.25382,0,0
2014-12-01,06:00:00,1.25375,1.25397,1.25361,1.25384,0,0
2014-12-01,07:00:00,1.25385,1.25446,1.2537,1.2543,0,0
2014-12-01,08:00:00,1.2543,1.25553,1.25407,1.25553,0,0
2014-12-01,09:00:00,1.25569,1.25699,1.25562,1.25634,0,0
2014-12-01,10:00:00,1.25635,1.25882,1.25584,1.2582,0,0
2014-12-01,11:00:00,1.25826,1.259,1.25724,1.2579,0,0
2014-12-01,12:00:00,1.2579,1.26144,1.25788,1.26088,0,0
2014-12-01,13:00:00,1.26086,1.26149,1.25982,1.26071,0,0
2014-12-01,14:00:00,1.26069,1.26117,1.25987,1.26024,0,0
2014-12-01,15:00:00,1.26017,1.26199,1.26006,1.26077,0,0
2014-12-01,16:00:00,1.26073,1.26151,1.26008,1.26022,0,0
2014-12-01,17:00:00,1.25989,1.26101,1.25941,1.26019,0,0
2014-12-01,18:00:00,1.26015,1.26067,1.25988,1.26039,0,0
2014-12-01,19:00:00,1.2604,1.26121,1.26011,1.26066,0,0
2014-12-01,20:00:00,1.26061,1.2621,1.26058,1.26202,0,0
2014-12-01,21:00:00,1.26195,1.26218,1.26141,1.26141,0,0
2014-12-01,22:00:00,1.26144,1.26203,1.26144,1.26202,0,0
2014-12-01,23:00:00,1.26197,1.26206,1.26135,1.26138,0,0
2014-12-01,23:59:00,1.26152,1.26169,1.26126,1.26145,0,0
2014-12-02,01:00:00,1.26139,1.26188,1.26106,1.26176,0,0
2014-12-02,02:00:00,1.26176,1.26194,1.26121,1.26126,0,0
2014-12-02,03:00:00,1.26126,1.26234,1.26126,1.26198,0,0
2014-12-02,04:00:00,1.26198,1.26217,1.26174,1.2618,0,0
2014-12-02,05:00:00,1.2618,1.26223,1.26152,1.26215,0,0
2014-12-02,06:00:00,1.26215,1.26216,1.26157,1.26157,0,0
2014-12-02,07:00:00,1.26157,1.26179,1.26139,1.26153,0,0
2014-12-02,08:00:00,1.26155,1.26189,1.26117,1.26185,0,0
2014-12-02,09:00:00,1.26189,1.26225,1.261,1.26163,0,0
2014-12-02,10:00:00,1.26155,1.26413,1.26152,1.26412,0,0
2014-12-02,11:00:00,1.26408,1.26414,1.26187,1.2631,0,0
2014-12-02,12:00:00,1.2631,1.26394,1.26258,1.26258,0,0
2014-12-02,13:00:00,1.26257,1.26259,1.26027,1.26035,0,0
2014-12-02,14:00:00,1.26054,1.26054,1.25925,1.25997,0,0
2014-12-02,15:00:00,1.25997,1.26117,1.2596,1.26094,0,0
2014-12-02,16:00:00,1.26094,1.2613,1.26074,1.26103,0,0
2014-12-02,17:00:00,1.26097,1.26254,1.26094,1.26205,0,0
2014-12-02,18:00:00,1.26212,1.2632,1.26119,1.2632,0,0
2014-12-02,19:00:00,1.26314,1.26321,1.26227,1.26265,0,0
2014-12-02,20:00:00,1.26271,1.26367,1.26228,1.2633,0,0
2014-12-02,21:00:00,1.26334,1.26334,1.26245,1.26321,0,0
2014-12-02,22:00:00,1.26323,1.26338,1.263,1.26323,0,0
2014-12-02,23:00:00,1.2631,1.26339,1.2628,1.2628,0,0
2014-12-02,23:59:00,1.26275,1.26332,1.2627,1.2627,0,0
2014-12-03,01:00:00,1.26281,1.26333,1.26249,1.26305,0,0
2014-12-03,02:00:00,1.26311,1.26329,1.2625,1.26282,0,0
2014-12-03,03:00:00,1.26284,1.26334,1.26281,1.26298,0,0
2014-12-03,04:00:00,1.26296,1.26328,1.26266,1.26308,0,0
2014-12-03,05:00:00,1.26316,1.26326,1.26292,1.26316,0,0
2014-12-03,06:00:00,1.26314,1.2634,1.26291,1.26325,0,0
2014-12-03,07:00:00,1.26325,1.26383,1.26317,1.26378,0,0
2014-12-03,08:00:00,1.26429,1.26476,1.26378,1.26428,0,0
2014-12-03,09:00:00,1.26424,1.26511,1.26326,1.26377,0,0
2014-12-03,10:00:00,1.2638,1.26873,1.26318,1.26853,0,0
2014-12-03,11:00:00,1.26857,1.26975,1.2676,1.26917,0,0
2014-12-03,12:00:00,1.26912,1.27081,1.26792,1.27044,0,0
2014-12-03,13:00:00,1.27041,1.2708,1.26891,1.27061,0,0
2014-12-03,14:00:00,1.2706,1.27143,1.27051,1.27083,0,0
2014-12-03,15:00:00,1.27091,1.27264,1.27086,1.27236,0,0
2014-12-03,16:00:00,1.27237,1.27409,1.27231,1.27358,0,0
2014-12-03,17:00:00,1.27369,1.27527,1.27351,1.2751,0,0
2014-12-03,18:00:00,1.27519,1.2767,1.27519,1.27588,0,0
2014-12-03,19:00:00,1.27591,1.2763,1.2754,1.27616,0,0
2014-12-03,20:00:00,1.27613,1.27622,1.27442,1.27486,0,0
2014-12-03,21:00:00,1.27484,1.27498,1.27419,1.27421,0,0
2014-12-03,22:00:00,1.27423,1.27431,1.2735,1.27418,0,0
2014-12-03,23:00:00,1.27414,1.27444,1.27403,1.27415,0,0
2014-12-03,23:59:00,1.27418,1.27454,1.274,1.27426,0,0
2014-12-04,01:00:00,1.27424,1.27448,1.27393,1.27435,0,0
2014-12-04,02:00:00,1.27429,1.27508,1.27407,1.27472,0,0
2014-12-04,03:00:00,1.27483,1.27489,1.27408,1.27424,0,0
2014-12-04,04:00:00,1.27426,1.27464,1.27395,1.27418,0,0
2014-12-04,05:00:00,1.27418,1.27443,1.27394,1.2743,0,0
2014-12-04,06:00:00,1.2743,1.27459,1.27404,1.27457,0,0
2014-12-04,07:00:00,1.27459,1.27462,1.27362,1.27396,0,0
2014-12-04,08:00:00,1.27397,1.27482,1.27376,1.27435,0,0
2014-12-04,09:00:00,1.27435,1.27549,1.27416,1.27526,0,0
2014-12-04,10:00:00,1.27524,1.2753,1.27231,1.27279,0,0
2014-12-04,11:00:00,1.27285,1.27293,1.27169,1.27277,0,0
2014-12-04,12:00:00,1.27276,1.27443,1.27276,1.27443,0,0
2014-12-04,13:00:00,1.27442,1.27445,1.27219,1.2738,0,0
2014-12-04,14:00:00,1.27391,1.27404,1.27194,1.2723,0,0
2014-12-04,15:00:00,1.27225,1.27396,1.26543,1.26644,0,0
2014-12-04,16:00:00,1.2665,1.26833,1.26394,1.26416,0,0
2014-12-04,17:00:00,1.2641,1.26518,1.26232,1.26232,0,0
2014-12-04,18:00:00,1.26245,1.26385,1.26233,1.2634,0,0
2014-12-04,19:00:00,1.26339,1.26771,1.26335,1.26667,0,0
2014-12-04,20:00:00,1.26666,1.26758,1.26643,1.26758,0,0
2014-12-04,21:00:00,1.26763,1.2678,1.26691,1.26724,0,0
2014-12-04,22:00:00,1.26715,1.26717,1.26578,1.26601,0,0
2014-12-04,23:00:00,1.26601,1.26637,1.26551,1.26613,0,0
2014-12-04,23:59:00,1.26621,1.26643,1.26575,1.26603,0,0
2014-12-05,01:00:00,1.26605,1.26623,1.26555,1.26595,0,0
2014-12-05,02:00:00,1.26595,1.26618,1.26262,1.26352,0,0
2014-12-05,03:00:00,1.26361,1.26486,1.26349,1.26484,0,0
2014-12-05,04:00:00,1.26482,1.26535,1.26456,1.26469,0,0
2014-12-05,05:00:00,1.26469,1.26485,1.26421,1.26432,0,0
2014-12-05,06:00:00,1.26432,1.26449,1.26332,1.26336,0,0
2014-12-05,07:00:00,1.26338,1.26357,1.26238,1.26247,0,0
2014-12-05,08:00:00,1.26249,1.26456,1.26211,1.26423,0,0
2014-12-05,09:00:00,1.26434,1.26538,1.26331,1.26408,0,0
2014-12-05,10:00:00,1.26402,1.26566,1.26402,1.26554,0,0
2014-12-05,11:00:00,1.26565,1.2677,1.26555,1.26715,0,0
2014-12-05,12:00:00,1.26717,1.2695,1.26712,1.26894,0,0
2014-12-05,13:00:00,1.26896,1.27043,1.26891,1.2692,0,0
2014-12-05,14:00:00,1.26934,1.27051,1.26834,1.26837,0,0
2014-12-05,15:00:00,1.2683,1.27384,1.26763,1.27107,0,0
2014-12-05,16:00:00,1.27113,1.27129,1.26878,1.26938,0,0
2014-12-05,17:00:00,1.26921,1.26921,1.2674,1.268,0,0
2014-12-05,18:00:00,1.26801,1.26867,1.26723,1.26764,0,0
2014-12-05,19:00:00,1.26782,1.26871,1.2676,1.26832,0,0
2014-12-05,20:00:00,1.2682,1.26919,1.26806,1.26911,0,0
2014-12-05,21:00:00,1.26919,1.26926,1.26768,1.26799,0,0
2014-12-05,22:00:00,1.26794,1.26809,1.26703,1.26713,0,0
2014-12-05,23:00:00,1.26705,1.26735,1.26705,1.26726,0,0
2014-12-08,01:00:00,1.26687,1.26687,1.2655,1.26615,0,0
2014-12-08,02:00:00,1.26616,1.26729,1.26604,1.26709,0,0
2014-12-08,03:00:00,1.26711,1.26718,1.26623,1.26705,0,0
2014-12-08,04:00:00,1.26702,1.2674,1.26667,1.26682,0,0
2014-12-08,05:00:00,1.26684,1.26689,1.26632,1.26677,0,0
2014-12-08,06:00:00,1.26678,1.26683,1.26618,1.26621,0,0
2014-12-08,07:00:00,1.26635,1.26659,1.26587,1.26595,0,0
2014-12-08,08:00:00,1.26593,1.26696,1.26593,1.26679,0,0
2014-12-08,09:00:00,1.26668,1.26767,1.26599,1.26713,0,0
2014-12-08,10:00:00,1.26715,1.26996,1.2669,1.26925,0,0
2014-12-08,11:00:00,1.26933,1.27137,1.26911,1.27114,0,0
2014-12-08,12:00:00,1.2712,1.27291,1.27085,1.27265,0,0
2014-12-08,13:00:00,1.27269,1.27421,1.27268,1.27338,0,0
2014-12-08,14:00:00,1.27351,1.27442,1.27329,1.27442,0,0
2014-12-08,15:00:00,1.2744,1.27467,1.2732,1.27353,0,0
2014-12-08,16:00:00,1.27352,1.27397,1.27213,1.27234,0,0
2014-12-08,17:00:00,1.27231,1.27303,1.27099,1.27105,0,0
2014-12-08,18:00:00,1.27097,1.27168,1.27054,1.2712,0,0
2014-12-08,19:00:00,1.27118,1.27141,1.26961,1.26999,0,0
2014-12-08,20:00:00,1.26994,1.27116,1.26959,1.27116,0,0
2014-12-08,21:00:00,1.27125,1.2713,1.27025,1.27075,0,0
2014-12-08,22:00:00,1.27081,1.27101,1.27048,1.27091,0,0
2014-12-08,23:00:00,1.27073,1.27144,1.27056,1.27076,0,0
2014-12-08,23:59:00,1.27068,1.27168,1.27049,1.27105,0,0
2014-12-09,01:00:00,1.27105,1.27137,1.27064,1.27086,0,0
2014-12-09,02:00:00,1.27088,1.27121,1.27051,1.27103,0,0
2014-12-09,03:00:00,1.27103,1.27122,1.2704,1.27081,0,0
2014-12-09,04:00:00,1.27088,1.27091,1.27029,1.2705,0,0
2014-12-09,05:00:00,1.27049,1.27154,1.27019,1.27139,0,0
2014-12-09,06:00:00,1.27139,1.27146,1.27011,1.27038,0,0
2014-12-09,07:00:00,1.27034,1.27062,1.2694,1.26994,0,0
2014-12-09,08:00:00,1.26997,1.27014,1.26877,1.26946,0,0
2014-12-09,09:00:00,1.26949,1.2711,1.26933,1.27044,0,0
2014-12-09,10:00:00,1.27039,1.27051,1.26791,1.26867,0,0
2014-12-09,11:00:00,1.26875,1.26889,1.26663,1.26686,0,0
2014-12-09,12:00:00,1.26686,1.26725,1.26555,1.26599,0,0
2014-12-09,13:00:00,1.26603,1.26645,1.26574,1.26574,0,0
2014-12-09,14:00:00,1.26576,1.26613,1.2648,1.26514,0,0
2014-12-09,15:00:00,1.26515,1.26601,1.26412,1.26475,0,0
2014-12-09,16:00:00,1.26472,1.2648,1.26336,1.26342,0,0
2014-12-09,17:00:00,1.26342,1.26372,1.261,1.2629,0,0
2014-12-09,18:00:00,1.26292,1.26545,1.26292,1.26425,0,0
2014-12-09,19:00:00,1.26412,1.2657,1.26409,1.26564,0,0
2014-12-09,20:00:00,1.26549,1.2661,1.26483,1.26534,0,0
2014-12-09,21:00:00,1.26535,1.26573,1.26469,1.26565,0,0
2014-12-09,22:00:00,1.26567,1.26662,1.26552,1.26634,0,0
2014-12-09,23:00:00,1.26634,1.26652,1.26599,1.26619,0,0
2014-12-09,23:59:00,1.26605,1.2665,1.26559,1.26613,0,0
2014-12-10,01:00:00,1.26611,1.26644,1.26551,1.26608,0,0
2014-12-10,02:00:00,1.26607,1.26634,1.2654,1.26566,0,0
2014-12-10,03:00:00,1.26563,1.26702,1.26556,1.26695,0,0
2014-12-10,04:00:00,1.26692,1.26707,1.26636,1.2665,0,0
2014-12-10,05:00:00,1.26646,1.26647,1.26565,1.26576,0,0
2014-12-10,06:00:00,1.26576,1.26586,1.26489,1.26503,0,0
2014-12-10,07:00:00,1.26505,1.26581,1.26489,1.26578,0,0
2014-12-10,08:00:00,1.26576,1.26656,1.26558,1.2664,0,0
2014-12-10,09:00:00,1.26642,1.26763,1.2661,1.26619,0,0
2014-12-10,10:00:00,1.26621,1.26769,1.26594,1.26595,0,0
2014-12-10,11:00:00,1.26596,1.26692,1.26391,1.26465,0,0
2014-12-10,12:00:00,1.26465,1.26585,1.26441,1.26482,0,0
2014-12-10,13:00:00,1.26479,1.2682,1.26472,1.26817,0,0
2014-12-10,14:00:00,1.26807,1.26829,1.26668,1.26729,0,0
2014-12-10,15:00:00,1.2673,1.26775,1.26575,1.26628,0,0
2014-12-10,16:00:00,1.2663,1.26646,1.26403,1.26404,0,0
2014-12-10,17:00:00,1.26404,1.26449,1.26315,1.2639,0,0
2014-12-10,18:00:00,1.26386,1.26438,1.26258,1.26267,0,0
2014-12-10,19:00:00,1.26267,1.26414,1.26236,1.26389,0,0
2014-12-10,20:00:00,1.26395,1.26409,1.26257,1.26257,0,0
2014-12-10,21:00:00,1.26257,1.2629,1.26217,1.26222,0,0
2014-12-10,22:00:00,1.26224,1.26347,1.26217,1.26255,0,0
2014-12-10,23:00:00,1.26249,1.26298,1.26228,1.26249,0,0
2014-12-10,23:59:00,1.26247,1.2629,1.26227,1.2627,0,0
2014-12-11,01:00:00,1.26274,1.26439,1.26147,1.262,0,0
2014-12-11,02:00:00,1.26195,1.26248,1.26052,1.26146,0,0
2014-12-11,03:00:00,1.26136,1.26236,1.26064,1.26226,0,0
2014-12-11,04:00:00,1.26225,1.26276,1.26121,1.26164,0,0
2014-12-11,05:00:00,1.2616,1.26201,1.2613,1.26177,0,0
2014-12-11,06:00:00,1.26173,1.26223,1.26146,1.26218,0,0
2014-12-11,07:00:00,1.26216,1.26314,1.26188,1.26257,0,0
2014-12-11,08:00:00,1.26257,1.26314,1.26209,1.26211,0,0
2014-12-11,09:00:00,1.26211,1.26228,1.25903,1.2592,0,0
2014-12-11,10:00:00,1.25916,1.26142,1.25916,1.25949,0,0
2014-12-11,11:00:00,1.25957,1.26131,1.25942,1.26117,0,0
2014-12-11,12:00:00,1.26111,1.26155,1.25743,1.25743,0,0
2014-12-11,13:00:00,1.25759,1.25908,1.25718,1.25849,0,0
2014-12-11,14:00:00,1.25857,1.26135,1.2582,1.26135,0,0
2014-12-11,15:00:00,1.26136,1.2633,1.26079,1.26324,0,0
2014-12-11,16:00:00,1.26329,1.26637,1.26323,1.2652,0,0
2014-12-11,17:00:00,1.26525,1.26801,1.26504,1.26768,0,0
2014-12-11,18:00:00,1.26781,1.26852,1.26691,1.26728,0,0
2014-12-11,19:00:00,1.26731,1.26855,1.26699,1.26793,0,0
2014-12-11,20:00:00,1.26796,1.26925,1.26755,1.269,0,0
2014-12-11,21:00:00,1.26898,1.26928,1.26757,1.2678,0,0
2014-12-11,22:00:00,1.2678,1.26902,1.2678,1.26883,0,0
2014-12-11,23:00:00,1.26883,1.26883,1.26726,1.26736,0,0
2014-12-11,23:59:00,1.26758,1.26846,1.26754,1.26782,0,0
2014-12-12,01:00:00,1.26773,1.26882,1.26773,1.2683,0,0
2014-12-12,02:00:00,1.26832,1.26902,1.26718,1.26786,0,0
2014-12-12,03:00:00,1.26789,1.26889,1.26777,1.26785,0,0
2014-12-12,04:00:00,1.26785,1.26851,1.26779,1.26796,0,0
2014-12-12,05:00:00,1.26794,1.26861,1.26794,1.26854,0,0
2014-12-12,06:00:00,1.26853,1.2688,1.26789,1.26832,0,0
2014-12-12,07:00:00,1.26824,1.26875,1.26813,1.26865,0,0
2014-12-12,08:00:00,1.26867,1.26911,1.26811,1.26907,0,0
2014-12-12,09:00:00,1.26905,1.27003,1.26711,1.26711,0,0
2014-12-12,10:00:00,1.26709,1.26756,1.26323,1.26384,0,0
2014-12-12,11:00:00,1.26388,1.26419,1.2628,1.26404,0,0
2014-12-12,12:00:00,1.26401,1.26408,1.2629,1.26352,0,0
2014-12-12,13:00:00,1.2635,1.26403,1.26124,1.26189,0,0
2014-12-12,14:00:00,1.26197,1.26334,1.26179,1.26188,0,0
2014-12-12,15:00:00,1.2619,1.26282,1.26136,1.26208,0,0
2014-12-12,16:00:00,1.2621,1.26351,1.26155,1.26351,0,0
2014-12-12,17:00:00,1.26362,1.26377,1.25941,1.25943,0,0
2014-12-12,18:00:00,1.25976,1.26223,1.25969,1.25974,0,0
2014-12-12,19:00:00,1.2598,1.26142,1.2598,1.26142,0,0
2014-12-12,20:00:00,1.26146,1.26262,1.26096,1.26236,0,0
2014-12-12,21:00:00,1.2624,1.2624,1.26069,1.26151,0,0
2014-12-12,22:00:00,1.26151,1.26216,1.26107,1.26207,0,0
2014-12-12,23:00:00,1.26212,1.26226,1.26209,1.26211,0,0
2014-12-15,01:00:00,1.26075,1.26254,1.26069,1.26149,0,0
2014-12-15,02:00:00,1.26149,1.26261,1.26131,1.26206,0,0
2014-12-15,03:00:00,1.26197,1.2621,1.26127,1.26149,0,0
2014-12-15,04:00:00,1.26145,1.26177,1.26129,1.26171,0,0
2014-12-15,05:00:00,1.26171,1.26322,1.26167,1.26322,0,0
2014-12-15,06:00:00,1.2632,1.26327,1.26275,1.26317,0,0
2014-12-15,07:00:00,1.26322,1.26341,1.26282,1.26322,0,0
2014-12-15,08:00:00,1.26322,1.26424,1.26283,1.26401,0,0
2014-12-15,09:00:00,1.26401,1.26419,1.26211,1.26315,0,0
2014-12-15,10:00:00,1.26316,1.26454,1.26305,1.2636,0,0
2014-12-15,11:00:00,1.26362,1.26468,1.2636,1.26426,0,0
2014-12-15,12:00:00,1.26431,1.26433,1.26101,1.26125,0,0
2014-12-15,13:00:00,1.26123,1.26149,1.25997,1.26057,0,0
2014-12-15,14:00:00,1.26061,1.26105,1.26,1.26034,0,0
2014-12-15,15:00:00,1.2603,1.2606,1.25874,1.2598,0,0
2014-12-15,16:00:00,1.25983,1.25987,1.2588,1.25919,0,0
2014-12-15,17:00:00,1.2592,1.25934,1.25603,1.2571,0,0
2014-12-15,18:00:00,1.25708,1.25717,1.25439,1.2559,0,0
2014-12-15,19:00:00,1.25604,1.25837,1.25574,1.25775,0,0
2014-12-15,20:00:00,1.25769,1.25846,1.25745,1.25794,0,0
2014-12-15,21:00:00,1.25794,1.25796,1.25676,1.2579,0,0
2014-12-15,22:00:00,1.25797,1.25829,1.25714,1.25714,0,0
2014-12-15,23:00:00,1.25706,1.25754,1.25705,1.25728,0,0
2014-12-15,23:59:00,1.25732,1.25772,1.2571,1.25715,0,0
2014-12-16,01:00:00,1.25699,1.25741,1.25686,1.25738,0,0
2014-12-16,02:00:00,1.25738,1.25738,1.25646,1.25703,0,0
2014-12-16,03:00:00,1.25699,1.25746,1.25692,1.2573,0,0
2014-12-16,04:00:00,1.25725,1.25744,1.25679,1.2571,0,0
2014-12-16,05:00:00,1.2571,1.25739,1.25603,1.25629,0,0
2014-12-16,06:00:00,1.25627,1.25677,1.25617,1.25668,0,0
2014-12-16,07:00:00,1.25654,1.25682,1.25624,1.25645,0,0
2014-12-16,08:00:00,1.25646,1.25904,1.25629,1.25852,0,0
2014-12-16,09:00:00,1.25842,1.25897,1.25688,1.25701,0,0
2014-12-16,10:00:00,1.257,1.25787,1.25405,1.25461,0,0
2014-12-16,11:00:00,1.25443,1.25621,1.24904,1.25513,0,0
2014-12-16,12:00:00,1.25528,1.2576,1.25416,1.25742,0,0
2014-12-16,13:00:00,1.25743,1.25798,1.25415,1.25451,0,0
2014-12-16,14:00:00,1.25463,1.25715,1.25367,1.2554,0,0
2014-12-16,15:00:00,1.2554,1.25854,1.25484,1.25797,0,0
2014-12-16,16:00:00,1.2581,1.25918,1.25686,1.25793,0,0
2014-12-16,17:00:00,1.25793,1.25896,1.25716,1.25741,0,0
2014-12-16,18:00:00,1.25745,1.25951,1.2564,1.25838,0,0
2014-12-16,19:00:00,1.25842,1.25996,1.25788,1.2595,0,0
2014-12-16,20:00:00,1.25949,1.25963,1.25816,1.25942,0,0
2014-12-16,21:00:00,1.2595,1.26025,1.25926,1.25965,0,0
2014-12-16,22:00:00,1.25958,1.25958,1.25731,1.25736,0,0
2014-12-16,23:00:00,1.25745,1.25924,1.25724,1.25879,0,0
2014-12-16,23:59:00,1.25888,1.2592,1.25833,1.25867,0,0
2014-12-17,01:00:00,1.25867,1.25902,1.25818,1.25836,0,0
2014-12-17,02:00:00,1.25834,1.25893,1.25799,1.2588,0,0
2014-12-17,03:00:00,1.25886,1.25886,1.25791,1.25816,0,0
2014-12-17,04:00:00,1.25813,1.2582,1.25711,1.2581,0,0
2014-12-17,05:00:00,1.25808,1.25907,1.25789,1.25891,0,0
2014-12-17,06:00:00,1.25884,1.25925,1.25824,1.25892,0,0
2014-12-17,07:00:00,1.25892,1.25931,1.25879,1.25925,0,0
2014-12-17,08:00:00,1.25925,1.25985,1.25904,1.25979,0,0
2014-12-17,09:00:00,1.25978,1.26062,1.25879,1.26058,0,0
2014-12-17,10:00:00,1.26055,1.26197,1.25801,1.25925,0,0
2014-12-17,11:00:00,1.25914,1.26206,1.25833,1.26087,0,0
2014-12-17,12:00:00,1.26116,1.26187,1.26,1.26163,0,0
2014-12-17,13:00:00,1.26157,1.26313,1.26121,1.26234,0,0
2014-12-17,14:00:00,1.26244,1.26261,1.26024,1.26132,0,0
2014-12-17,15:00:00,1.26134,1.26155,1.2599,1.26067,0,0
2014-12-17,16:00:00,1.26087,1.26207,1.26001,1.26118,0,0
2014-12-17,17:00:00,1.26133,1.26408,1.26105,1.26215,0,0
2014-12-17,18:00:00,1.26217,1.26238,1.26079,1.26164,0,0
2014-12-17,19:00:00,1.26154,1.26237,1.26011,1.26104,0,0
2014-12-17,20:00:00,1.26102,1.26164,1.25969,1.26109,0,0
2014-12-17,21:00:00,1.26121,1.26418,1.25728,1.26162,0,0
2014-12-17,22:00:00,1.26154,1.2628,1.25973,1.26182,0,0
2014-12-17,23:00:00,1.26166,1.26276,1.26159,1.262,0,0
2014-12-17,23:59:00,1.26189,1.26291,1.26147,1.26258,0,0
2014-12-18,01:00:00,1.26258,1.26306,1.26205,1.26225,0,0
2014-12-18,02:00:00,1.26225,1.26368,1.26225,1.26284,0,0
2014-12-18,03:00:00,1.26292,1.26295,1.26241,1.26261,0,0
2014-12-18,04:00:00,1.26255,1.2632,1.26253,1.26279,0,0
2014-12-18,05:00:00,1.26276,1.26281,1.26241,1.26248,0,0
2014-12-18,06:00:00,1.26248,1.26306,1.26248,1.26301,0,0
2014-12-18,07:00:00,1.26302,1.26318,1.26255,1.26296,0,0
2014-12-18,08:00:00,1.26292,1.26425,1.26279,1.26384,0,0
2014-12-18,09:00:00,1.26386,1.26737,1.26327,1.26396,0,0
2014-12-18,10:00:00,1.26403,1.26603,1.2633,1.26486,0,0
2014-12-18,11:00:00,1.26486,1.27183,1.2637,1.26983,0,0
2014-12-18,12:00:00,1.26967,1.26982,1.26824,1.2698,0,0
2014-12-18,13:00:00,1.26968,1.27187,1.26882,1.2712,0,0
2014-12-18,14:00:00,1.2712,1.2723,1.27055,1.27168,0,0
2014-12-18,15:00:00,1.27158,1.27231,1.27075,1.27181,0,0
2014-12-18,16:00:00,1.27187,1.27521,1.27172,1.27451,0,0
2014-12-18,17:00:00,1.27466,1.2761,1.27352,1.27352,0,0
2014-12-18,18:00:00,1.27338,1.27591,1.27338,1.27421,0,0
2014-12-18,19:00:00,1.27414,1.27522,1.27356,1.2749,0,0
2014-12-18,20:00:00,1.27486,1.27601,1.27456,1.27594,0,0
2014-12-18,21:00:00,1.27588,1.27606,1.275,1.27571,0,0
2014-12-18,22:00:00,1.27571,1.27602,1.27542,1.27576,0,0
2014-12-18,23:00:00,1.27573,1.27573,1.27491,1.27546,0,0
2014-12-18,23:59:00,1.27552,1.27563,1.2749,1.27519,0,0
2014-12-19,01:00:00,1.27518,1.27549,1.2748,1.27496,0,0
2014-12-19,02:00:00,1.27497,1.27552,1.27482,1.27509,0,0
2014-12-19,03:00:00,1.27513,1.27582,1.27461,1.27464,0,0
2014-12-19,04:00:00,1.27464,1.27553,1.27461,1.27546,0,0
2014-12-19,05:00:00,1.27548,1.27552,1.27468,1.27537,0,0
2014-12-19,06:00:00,1.27537,1.27547,1.27477,1.27482,0,0
2014-12-19,07:00:00,1.27486,1.27496,1.27426,1.2745,0,0
2014-12-19,08:00:00,1.2745,1.27475,1.2739,1.27414,0,0
2014-12-19,09:00:00,1.2741,1.27501,1.27372,1.27428,0,0
2014-12-19,10:00:00,1.27436,1.27703,1.27395,1.27501,0,0
2014-12-19,11:00:00,1.27508,1.2767,1.27412,1.27515,0,0
2014-12-19,12:00:00,1.27531,1.27634,1.27324,1.27622,0,0
2014-12-19,13:00:00,1.27624,1.27682,1.27291,1.27384,0,0
2014-12-19,14:00:00,1.27385,1.27474,1.27244,1.27435,0,0
2014-12-19,15:00:00,1.27438,1.27564,1.27285,1.27312,0,0
2014-12-19,16:00:00,1.27329,1.27543,1.27281,1.27341,0,0
2014-12-19,17:00:00,1.27347,1.27522,1.27329,1.27513,0,0
2014-12-19,18:00:00,1.27518,1.27784,1.27518,1.27574,0,0
2014-12-19,19:00:00,1.27573,1.27665,1.27539,1.27617,0,0
2014-12-19,20:00:00,1.27617,1.27796,1.27601,1.27783,0,0
2014-12-19,21:00:00,1.2779,1.27891,1.27751,1.27875,0,0
2014-12-19,22:00:00,1.27878,1.27988,1.27839,1.27849,0,0
2014-12-19,23:00:00,1.27847,1.27847,1.27798,1.27812,0,0
2014-12-22,01:00:00,1.27846,1.27863,1.27794,1.27829,0,0
2014-12-22,02:00:00,1.27829,1.27861,1.27772,1.27803,0,0
2014-12-22,03:00:00,1.27803,1.27841,1.27776,1.27802,0,0
2014-12-22,04:00:00,1.27816,1.27816,1.27724,1.27731,0,0
2014-12-22,05:00:00,1.27731,1.27779,1.27707,1.27779,0,0
2014-12-22,06:00:00,1.27779,1.27784,1.27737,1.27744,0,0
2014-12-22,07:00:00,1.27756,1.27814,1.27721,1.27753,0,0
2014-12-22,08:00:00,1.27763,1.27771,1.27652,1.2766,0,0
2014-12-22,09:00:00,1.27656,1.27732,1.27565,1.27648,0,0
2014-12-22,10:00:00,1.27651,1.277,1.27455,1.27474,0,0
2014-12-22,11:00:00,1.27474,1.27503,1.27346,1.27375,0,0
2014-12-22,12:00:00,1.27375,1.27485,1.27341,1.27434,0,0
2014-12-22,13:00:00,1.27406,1.2742,1.27231,1.2734,0,0
2014-12-22,14:00:00,1.27347,1.27505,1.27332,1.27481,0,0
2014-12-22,15:00:00,1.27471,1.27502,1.27275,1.27394,0,0
2014-12-22,16:00:00,1.27394,1.2745,1.27368,1.27441,0,0
2014-12-22,17:00:00,1.27423,1.27524,1.2726,1.27476,0,0
2014-12-22,18:00:00,1.27482,1.27487,1.27356,1.27473,0,0
2014-12-22,19:00:00,1.27473,1.27583,1.27344,1.27368,0,0
2014-12-22,20:00:00,1.27368,1.27503,1.27368,1.27503,0,0
2014-12-22,21:00:00,1.27503,1.27603,1.27479,1.27603,0,0
2014-12-22,22:00:00,1.27603,1.27616,1.27411,1.27456,0,0
2014-12-22,23:00:00,1.2743,1.2749,1.27429,1.27469,0,0
2014-12-22,23:59:00,1.27476,1.27527,1.27412,1.27446,0,0
2014-12-23,01:00:00,1.27444,1.27462,1.27387,1.27448,0,0
2014-12-23,02:00:00,1.27444,1.27481,1.27419,1.27444,0,0
2014-12-23,03:00:00,1.27431,1.27462,1.274,1.27441,0,0
2014-12-23,04:00:00,1.27434,1.27506,1.27431,1.27472,0,0
2014-12-23,05:00:00,1.27471,1.27497,1.2746,1.27476,0,0
2014-12-23,06:00:00,1.27476,1.2749,1.27443,1.27454,0,0
2014-12-23,07:00:00,1.2746,1.27465,1.27415,1.27415,0,0
2014-12-23,08:00:00,1.27439,1.27462,1.27369,1.27426,0,0
2014-12-23,09:00:00,1.27426,1.27488,1.2736,1.27457,0,0
2014-12-23,10:00:00,1.27449,1.2746,1.2729,1.27423,0,0
2014-12-23,11:00:00,1.27425,1.27583,1.2711,1.27319,0,0
2014-12-23,12:00:00,1.27319,1.27334,1.27254,1.27275,0,0
2014-12-23,13:00:00,1.2727,1.27394,1.27103,1.27248,0,0
2014-12-23,14:00:00,1.27248,1.27327,1.27097,1.27106,0,0
2014-12-23,15:00:00,1.27107,1.27371,1.27107,1.27199,0,0
2014-12-23,16:00:00,1.27199,1.27354,1.27127,1.27305,0,0
2014-12-23,17:00:00,1.27309,1.27482,1.27208,1.27482,0,0
2014-12-23,18:00:00,1.27474,1.27481,1.27295,1.27379,0,0
2014-12-23,19:00:00,1.27378,1.27459,1.27349,1.27412,0,0
2014-12-23,20:00:00,1.27419,1.27468,1.27271,1.27384,0,0
2014-12-23,21:00:00,1.27387,1.2749,1.27366,1.27465,0,0
2014-12-23,22:00:00,1.27442,1.27455,1.27365,1.27399,0,0
2014-12-23,23:00:00,1.27385,1.27509,1.27358,1.27491,0,0
2014-12-23,23:59:00,1.27488,1.27497,1.27409,1.27463,0,0
2014-12-24,01:00:00,1.27455,1.2751,1.27454,1.2747,0,0
2014-12-24,02:00:00,1.2747,1.2747,1.27387,1.27387,0,0
2014-12-24,03:00:00,1.27388,1.27413,1.27362,1.27404,0,0
2014-12-24,04:00:00,1.27403,1.27471,1.27381,1.27396,0,0
2014-12-24,05:00:00,1.27417,1.27422,1.2738,1.27416,0,0
2014-12-24,06:00:00,1.27416,1.27437,1.27386,1.27407,0,0
2014-12-24,07:00:00,1.27407,1.27477,1.27393,1.27475,0,0
2014-12-24,08:00:00,1.2747,1.27506,1.27445,1.27475,0,0
2014-12-24,09:00:00,1.27472,1.27539,1.27341,1.27508,0,0
2014-12-24,10:00:00,1.27508,1.27572,1.27446,1.27476,0,0
2014-12-24,11:00:00,1.27455,1.27477,1.27314,1.27392,0,0
2014-12-24,12:00:00,1.27392,1.27522,1.2738,1.27497,0,0
2014-12-24,13:00:00,1.27497,1.27563,1.27399,1.27433,0,0
2014-12-24,14:00:00,1.2742,1.27471,1.27275,1.27275,0,0
2014-12-24,15:00:00,1.27284,1.27333,1.2713,1.27296,0,0
2014-12-24,16:00:00,1.27296,1.27512,1.27286,1.27497,0,0
2014-12-24,17:00:00,1.2747,1.27571,1.2746,1.27562,0,0
2014-12-24,18:00:00,1.27562,1.27612,1.27502,1.27582,0,0
2014-12-24,19:00:00,1.27577,1.27617,1.27438,1.27562,0,0
2014-12-24,20:00:00,1.27577,1.27581,1.27436,1.27448,0,0
2014-12-24,21:00:00,1.27422,1.27604,1.27422,1.27586,0,0
2014-12-24,22:00:00,1.27595,1.2765,1.27434,1.27434,0,0
2014-12-24,23:00:00,1.27434,1.27535,1.27434,1.275,0,0
2014-12-24,23:59:00,1.27579,1.27579,1.27442,1.27502,0,0
2014-12-26,01:00:00,1.27308,1.27481,1.27273,1.27418,0,0
2014-12-26,02:00:00,1.27418,1.27468,1.27387,1.2744,0,0
2014-12-26,03:00:00,1.27426,1.27437,1.27357,1.27373,0,0
2014-12-26,04:00:00,1.27375,1.27396,1.27339,1.27349,0,0
2014-12-26,05:00:00,1.27349,1.27359,1.27315,1.27317,0,0
2014-12-26,06:00:00,1.27316,1.2735,1.273,1.27346,0,0
2014-12-26,07:00:00,1.27344,1.27366,1.27329,1.27341,0,0
2014-12-26,08:00:00,1.27343,1.2744,1.27322,1.27436,0,0
2014-12-26,09:00:00,1.27436,1.27483,1.27417,1.27472,0,0
2014-12-26,10:00:00,1.27476,1.27613,1.27476,1.27577,0,0
2014-12-26,11:00:00,1.27571,1.27613,1.27545,1.27568,0,0
2014-12-26,12:00:00,1.27566,1.27586,1.27512,1.27542,0,0
2014-12-26,13:00:00,1.2756,1.27687,1.2756,1.27634,0,0
2014-12-26,14:00:00,1.27642,1.27691,1.27587,1.27629,0,0
2014-12-26,15:00:00,1.27633,1.27764,1.27583,1.27754,0,0
2014-12-26,16:00:00,1.27754,1.27797,1.27741,1.27792,0,0
2014-12-26,17:00:00,1.27796,1.27828,1.27734,1.27826,0,0
2014-12-26,18:00:00,1.27826,1.27867,1.2773,1.27732,0,0
2014-12-26,19:00:00,1.2773,1.27767,1.27716,1.27737,0,0
2014-12-26,20:00:00,1.27747,1.27802,1.27709,1.27709,0,0
2014-12-26,21:00:00,1.27709,1.2778,1.27709,1.27768,0,0
2014-12-26,22:00:00,1.27766,1.27778,1.27712,1.27725,0,0
2014-12-26,23:00:00,1.27725,1.27725,1.27725,1.27725,0,0
2014-12-29,01:00:00,1.27724,1.27803,1.27724,1.27797,0,0
2014-12-29,02:00:00,1.27793,1.27795,1.27683,1.2772,0,0
2014-12-29,03:00:00,1.27726,1.27786,1.27705,1.27782,0,0
2014-12-29,04:00:00,1.27769,1.27784,1.27708,1.27723,0,0
2014-12-29,05:00:00,1.27727,1.27766,1.27723,1.2776,0,0
2014-12-29,06:00:00,1.2776,1.27781,1.27729,1.27744,0,0
2014-12-29,07:00:00,1.27748,1.278,1.27729,1.27747,0,0
2014-12-29,08:00:00,1.27745,1.2781,1.27734,1.27804,0,0
2014-12-29,09:00:00,1.27823,1.27847,1.27757,1.27791,0,0
2014-12-29,10:00:00,1.27791,1.27824,1.27724,1.27824,0,0
2014-12-29,11:00:00,1.27823,1.27846,1.2749,1.27582,0,0
2014-12-29,12:00:00,1.27484,1.27706,1.27484,1.27612,0,0
2014-12-29,13:00:00,1.27585,1.27599,1.2743,1.27533,0,0
2014-12-29,14:00:00,1.27526,1.27543,1.27412,1.27536,0,0
2014-12-29,15:00:00,1.27542,1.27542,1.27328,1.27328,0,0
2014-12-29,16:00:00,1.27329,1.27457,1.27329,1.27457,0,0
2014-12-29,17:00:00,1.2744,1.27498,1.27336,1.27485,0,0
2014-12-29,18:00:00,1.27496,1.27551,1.27372,1.27436,0,0
2014-12-29,19:00:00,1.27466,1.27518,1.2741,1.27511,0,0
2014-12-29,20:00:00,1.27513,1.27748,1.27513,1.27726,0,0
2014-12-29,21:00:00,1.27726,1.27726,1.2764,1.27683,0,0
2014-12-29,22:00:00,1.27683,1.27703,1.2761,1.27634,0,0
2014-12-29,23:00:00,1.27636,1.27697,1.27631,1.27666,0,0
2014-12-29,23:59:00,1.27666,1.27702,1.27585,1.27591,0,0
2014-12-30,01:00:00,1.27617,1.27689,1.27606,1.27646,0,0
2014-12-30,02:00:00,1.27646,1.27646,1.27553,1.27617,0,0
2014-12-30,03:00:00,1.27627,1.27713,1.27621,1.27707,0,0
2014-12-30,04:00:00,1.27707,1.27832,1.27707,1.27832,0,0
2014-12-30,05:00:00,1.27818,1.27869,1.2781,1.27838,0,0
2014-12-30,06:00:00,1.27838,1.27884,1.27809,1.2782,0,0
2014-12-30,07:00:00,1.27818,1.27839,1.27788,1.27829,0,0
2014-12-30,08:00:00,1.27852,1.27928,1.27796,1.27806,0,0
2014-12-30,09:00:00,1.27794,1.27835,1.27512,1.27662,0,0
2014-12-30,10:00:00,1.2766,1.27697,1.2749,1.2765,0,0
2014-12-30,11:00:00,1.27646,1.27742,1.27624,1.27727,0,0
2014-12-30,12:00:00,1.27727,1.27767,1.27636,1.27712,0,0
2014-12-30,13:00:00,1.27713,1.27811,1.27675,1.27699,0,0
2014-12-30,14:00:00,1.277,1.27895,1.277,1.27805,0,0
2014-12-30,15:00:00,1.27793,1.27871,1.27678,1.27709,0,0
2014-12-30,16:00:00,1.27719,1.27825,1.27714,1.2778,0,0
2014-12-30,17:00:00,1.27792,1.27928,1.2773,1.27902,0,0
2014-12-30,18:00:00,1.27902,1.2796,1.27873,1.27913,0,0
2014-12-30,19:00:00,1.27905,1.27979,1.27852,1.27967,0,0
2014-12-30,20:00:00,1.27965,1.27997,1.27959,1.2799,0,0
2014-12-30,21:00:00,1.2799,1.28024,1.27985,1.28006,0,0
2014-12-30,22:00:00,1.28004,1.28013,1.27958,1.2798,0,0
2014-12-30,23:00:00,1.27973,1.28037,1.27965,1.28027,0,0
2014-12-30,23:59:00,1.28031,1.28042,1.27918,1.27978,0,0
2014-12-31,01:00:00,1.2797,1.2803,1.27969,1.27994,0,0
2014-12-31,02:00:00,1.27956,1.28039,1.27956,1.28025,0,0
2014-12-31,03:00:00,1.28031,1.28035,1.27982,1.27999,0,0
2014-12-31,04:00:00,1.27982,1.28004,1.27957,1.27963,0,0
2014-12-31,05:00:00,1.27955,1.27987,1.27914,1.27944,0,0
2014-12-31,06:00:00,1.27932,1.28011,1.2793,1.27995,0,0
2014-12-31,07:00:00,1.27999,1.28035,1.27986,1.2803,0,0
2014-12-31,08:00:00,1.28024,1.28039,1.27997,1.28019,0,0
2014-12-31,09:00:00,1.28012,1.28035,1.27934,1.28024,0,0
2014-12-31,10:00:00,1.28029,1.28219,1.27956,1.28111,0,0
2014-12-31,11:00:00,1.28113,1.28224,1.28093,1.282,0,0
2014-12-31,12:00:00,1.282,1.28222,1.28117,1.28202,0,0
2014-12-31,13:00:00,1.28267,1.28458,1.2823,1.28412,0,0
2014-12-31,14:00:00,1.28412,1.28485,1.2832,1.28322,0,0
2014-12-31,15:00:00,1.28304,1.2846,1.28297,1.28448,0,0
2014-12-31,16:00:00,1.28457,1.28622,1.28285,1.28295,0,0
2014-12-31,17:00:00,1.28304,1.28716,1.28275,1.28714,0,0
2014-12-31,18:00:00,1.28769,1.28859,1.28705,1.28718,0,0
2014-12-31,19:00:00,1.28718,1.28858,1.28676,1.2876,0,0
2014-12-31,20:00:00,1.28758,1.28781,1.28686,1.28723,0,0
2014-12-31,21:00:00,1.28723,1.28778,1.28677,1.2877,0,0
2014-12-31,22:00:00,1.28796,1.28838,1.28754,1.28806,0,0
2014-12-31,23:00:00,1.28812,1.2882,1.28672,1.28743,0,0
2014-12-31,23:59:00,1.28762,1.28843,1.28746,1.28827,0,0
2015-01-02,01:00:00,1.28744,1.28922,1.28696,1.28897,0,0
2015-01-02,02:00:00,1.28895,1.28975,1.28842,1.28971,0,0
2015-01-02,03:00:00,1.28973,1.29032,1.28877,1.28879,0,0
2015-01-02,04:00:00,1.28892,1.28984,1.28879,1.28903,0,0
2015-01-02,05:00:00,1.28903,1.28999,1.28871,1.28998,0,0
2015-01-02,06:00:00,1.29012,1.29026,1.28951,1.2897,0,0
2015-01-02,07:00:00,1.2897,1.29007,1.28912,1.28998,0,0
2015-01-02,08:00:00,1.28998,1.29025,1.2893,1.28955,0,0
2015-01-02,09:00:00,1.28955,1.2911,1.28877,1.28893,0,0
2015-01-02,10:00:00,1.28893,1.28947,1.28751,1.28906,0,0
2015-01-02,11:00:00,1.28906,1.28975,1.28367,1.28379,0,0
2015-01-02,12:00:00,1.28377,1.28408,1.2815,1.28156,0,0
2015-01-02,13:00:00,1.28168,1.28221,1.27985,1.28098,0,0
2015-01-02,14:00:00,1.28082,1.28158,1.27969,1.28148,0,0
2015-01-02,15:00:00,1.28147,1.28228,1.28092,1.28148,0,0
2015-01-02,16:00:00,1.28148,1.28225,1.28038,1.28146,0,0
2015-01-02,17:00:00,1.28119,1.28172,1.27956,1.27956,0,0
2015-01-02,18:00:00,1.27956,1.27956,1.27798,1.27859,0,0
2015-01-02,19:00:00,1.27858,1.27932,1.27834,1.27881,0,0
2015-01-02,20:00:00,1.27883,1.27883,1.27789,1.27827,0,0
2015-01-02,21:00:00,1.27813,1.27856,1.2767,1.27748,0,0
2015-01-02,22:00:00,1.27728,1.27783,1.2769,1.27763,0,0
2015-01-02,23:00:00,1.27763,1.27763,1.27745,1.27745,0,0
2015-01-05,01:00:00,1.27903,1.28041,1.27814,1.27928,0,0
2015-01-05,02:00:00,1.27926,1.2802,1.27877,1.27961,0,0
2015-01-05,03:00:00,1.27963,1.28004,1.27912,1.28004,0,0
2015-01-05,04:00:00,1.28003,1.28004,1.27868,1.27887,0,0
2015-01-05,05:00:00,1.27886,1.28,1.27881,1.27997,0,0
2015-01-05,06:00:00,1.28037,1.28061,1.27975,1.28034,0,0
2015-01-05,07:00:00,1.28034,1.28104,1.27988,1.28077,0,0
2015-01-05,08:00:00,1.28087,1.28092,1.27898,1.27906,0,0
2015-01-05,09:00:00,1.27917,1.28039,1.2788,1.27897,0,0
2015-01-05,10:00:00,1.27896,1.28052,1.27856,1.28007,0,0
2015-01-05,11:00:00,1.2801,1.28176,1.27902,1.28024,0,0
2015-01-05,12:00:00,1.28031,1.28175,1.27998,1.28076,0,0
2015-01-05,13:00:00,1.28076,1.28199,1.28006,1.28137,0,0
2015-01-05,14:00:00,1.28113,1.28125,1.27792,1.27853,0,0
2015-01-05,15:00:00,1.27853,1.27872,1.27581,1.27665,0,0
2015-01-05,16:00:00,1.27661,1.27785,1.27483,1.27633,0,0
2015-01-05,17:00:00,1.27633,1.27811,1.27577,1.27683,0,0
2015-01-05,18:00:00,1.27681,1.27822,1.2766,1.27813,0,0
2015-01-05,19:00:00,1.27813,1.27863,1.27683,1.27694,0,0
2015-01-05,20:00:00,1.27703,1.27856,1.27701,1.27779,0,0
2015-01-05,21:00:00,1.27779,1.27829,1.27749,1.27762,0,0
2015-01-05,22:00:00,1.27762,1.27851,1.27751,1.27776,0,0
2015-01-05,23:00:00,1.27785,1.27839,1.27771,1.27792,0,0
2015-01-05,23:59:00,1.27792,1.27862,1.27762,1.27821,0,0
2015-01-06,01:00:00,1.27828,1.27833,1.27795,1.27807,0,0
2015-01-06,02:00:00,1.27807,1.27874,1.2779,1.27811,0,0
2015-01-06,03:00:00,1.27813,1.2783,1.27776,1.27799,0,0
2015-01-06,04:00:00,1.27808,1.27808,1.27748,1.27771,0,0
2015-01-06,05:00:00,1.27771,1.27786,1.27736,1.27769,0,0
2015-01-06,06:00:00,1.27757,1.27766,1.2769,1.27703,0,0
2015-01-06,07:00:00,1.27703,1.27722,1.27613,1.27638,0,0
2015-01-06,08:00:00,1.27639,1.27641,1.27587,1.27587,0,0
2015-01-06,09:00:00,1.27587,1.27639,1.27522,1.27535,0,0
2015-01-06,10:00:00,1.27529,1.27701,1.27511,1.27622,0,0
2015-01-06,11:00:00,1.27622,1.27707,1.27415,1.27695,0,0
2015-01-06,12:00:00,1.2764,1.27692,1.27441,1.27638,0,0
2015-01-06,13:00:00,1.27641,1.27785,1.2755,1.27743,0,0
2015-01-06,14:00:00,1.27743,1.2783,1.27575,1.27592,0,0
2015-01-06,15:00:00,1.27592,1.276,1.27446,1.27481,0,0
2015-01-06,16:00:00,1.27476,1.27573,1.2731,1.2742,0,0
2015-01-06,17:00:00,1.2742,1.27468,1.27269,1.27276,0,0
2015-01-06,18:00:00,1.2727,1.2728,1.27093,1.27124,0,0
2015-01-06,19:00:00,1.27124,1.27262,1.26992,1.27261,0,0
2015-01-06,20:00:00,1.27262,1.27301,1.27214,1.27278,0,0
2015-01-06,21:00:00,1.27277,1.27288,1.27203,1.27271,0,0
2015-01-06,22:00:00,1.27289,1.27423,1.27267,1.27337,0,0
2015-01-06,23:00:00,1.27334,1.27433,1.27333,1.27433,0,0
2015-01-06,23:59:00,1.27428,1.27731,1.27418,1.27526,0,0
2015-01-07,01:00:00,1.27506,1.27525,1.27429,1.2748,0,0
2015-01-07,02:00:00,1.2748,1.27508,1.27414,1.27459,0,0
2015-01-07,03:00:00,1.27458,1.27513,1.27421,1.27507,0,0
2015-01-07,04:00:00,1.27511,1.27539,1.27455,1.27539,0,0
2015-01-07,05:00:00,1.27537,1.27552,1.27509,1.27518,0,0
2015-01-07,06:00:00,1.27503,1.27551,1.27466,1.27469,0,0
2015-01-07,07:00:00,1.27473,1.27486,1.27436,1.27449,0,0
2015-01-07,08:00:00,1.27449,1.27578,1.27432,1.27511,0,0
2015-01-07,09:00:00,1.27514,1.27563,1.27365,1.27382,0,0
2015-01-07,10:00:00,1.27382,1.27569,1.27382,1.27456,0,0
2015-01-07,11:00:00,1.27456,1.27576,1.27436,1.27558,0,0
2015-01-07,12:00:00,1.27565,1.27738,1.27326,1.27728,0,0
2015-01-07,13:00:00,1.27729,1.2795,1.27633,1.27904,0,0
2015-01-07,14:00:00,1.27904,1.27941,1.27732,1.27813,0,0
2015-01-07,15:00:00,1.27805,1.27894,1.27644,1.27682,0,0
2015-01-07,16:00:00,1.27693,1.27742,1.27601,1.2761,0,0
2015-01-07,17:00:00,1.27634,1.27719,1.2758,1.27602,0,0
2015-01-07,18:00:00,1.27627,1.27669,1.27488,1.27518,0,0
2015-01-07,19:00:00,1.27518,1.27555,1.27457,1.27549,0,0
2015-01-07,20:00:00,1.27549,1.27628,1.27499,1.27573,0,0
2015-01-07,21:00:00,1.27587,1.27699,1.27512,1.27597,0,0
2015-01-07,22:00:00,1.27626,1.27687,1.27586,1.27681,0,0
2015-01-07,23:00:00,1.27673,1.27678,1.276,1.27622,0,0
2015-01-07,23:59:00,1.27622,1.2767,1.27605,1.27659,0,0
2015-01-08,01:00:00,1.27645,1.27669,1.27615,1.27648,0,0
2015-01-08,02:00:00,1.27649,1.2766,1.27574,1.27614,0,0
2015-01-08,03:00:00,1.27587,1.27674,1.27587,1.27659,0,0
2015-01-08,04:00:00,1.27658,1.27675,1.27606,1.27649,0,0
2015-01-08,05:00:00,1.27649,1.27685,1.27597,1.27618,0,0
2015-01-08,06:00:00,1.27618,1.27625,1.27554,1.27594,0,0
2015-01-08,07:00:00,1.27592,1.27646,1.27556,1.27641,0,0
2015-01-08,08:00:00,1.27637,1.27664,1.276,1.2765,0,0
2015-01-08,09:00:00,1.27652,1.27701,1.27492,1.27534,0,0
2015-01-08,10:00:00,1.2752,1.2752,1.27323,1.27413,0,0
2015-01-08,11:00:00,1.27501,1.27756,1.27439,1.27747,0,0
2015-01-08,12:00:00,1.27794,1.28042,1.27779,1.27897,0,0
2015-01-08,13:00:00,1.279,1.28052,1.279,1.27988,0,0
2015-01-08,14:00:00,1.27955,1.28105,1.27906,1.27975,0,0
2015-01-08,15:00:00,1.28004,1.28067,1.27911,1.27911,0,0
2015-01-08,16:00:00,1.27902,1.27939,1.27747,1.27894,0,0
2015-01-08,17:00:00,1.27901,1.28086,1.27878,1.27878,0,0
2015-01-08,18:00:00,1.27894,1.28049,1.27845,1.27982,0,0
2015-01-08,19:00:00,1.27993,1.2802,1.27882,1.27934,0,0
2015-01-08,20:00:00,1.27915,1.28027,1.27906,1.27999,0,0
2015-01-08,21:00:00,1.27996,1.28109,1.27952,1.27968,0,0
2015-01-08,22:00:00,1.27993,1.28007,1.27922,1.27954,0,0
2015-01-08,23:00:00,1.27954,1.27957,1.27895,1.27946,0,0
2015-01-08,23:59:00,1.27946,1.27946,1.2788,1.279,0,0
2015-01-09,01:00:00,1.279,1.27972,1.2789,1.27931,0,0
2015-01-09,02:00:00,1.27931,1.27984,1.27894,1.27959,0,0
2015-01-09,03:00:00,1.27959,1.27967,1.2785,1.27871,0,0
2015-01-09,04:00:00,1.27868,1.27884,1.2783,1.27843,0,0
2015-01-09,05:00:00,1.27841,1.27902,1.27834,1.27872,0,0
2015-01-09,06:00:00,1.27872,1.27873,1.27794,1.27834,0,0
2015-01-09,07:00:00,1.27834,1.2787,1.27805,1.27832,0,0
2015-01-09,08:00:00,1.27832,1.27943,1.27808,1.27915,0,0
2015-01-09,09:00:00,1.27936,1.28086,1.27915,1.28006,0,0
2015-01-09,10:00:00,1.28002,1.28096,1.27874,1.28038,0,0
2015-01-09,11:00:00,1.28038,1.28221,1.28001,1.28055,0,0
2015-01-09,12:00:00,1.28051,1.28297,1.27991,1.28257,0,0
2015-01-09,13:00:00,1.28257,1.28355,1.28135,1.28288,0,0
2015-01-09,14:00:00,1.28282,1.28282,1.28047,1.28047,0,0
2015-01-09,15:00:00,1.28052,1.28455,1.28052,1.28276,0,0
2015-01-09,16:00:00,1.28274,1.28326,1.2816,1.28291,0,0
2015-01-09,17:00:00,1.28291,1.28316,1.28007,1.28007,0,0
2015-01-09,18:00:00,1.28002,1.28311,1.27927,1.28071,0,0
2015-01-09,19:00:00,1.28069,1.28107,1.27918,1.27991,0,0
2015-01-09,20:00:00,1.27991,1.2808,1.27956,1.28055,0,0
2015-01-09,21:00:00,1.28051,1.28144,1.28023,1.28069,0,0
2015-01-09,22:00:00,1.28069,1.28078,1.28025,1.28048,0,0
2015-01-09,23:00:00,1.28046,1.28046,1.28046,1.28046,0,0
