Date,Time,Open,High,Low,Close,Volume,OpenInt
2014-10-13,01:00:00,172.678,172.83,172.446,172.652,0,0
2014-10-13,02:00:00,172.65,172.766,172.624,172.723,0,0
2014-10-13,03:00:00,172.719,172.778,172.524,172.627,0,0
2014-10-13,04:00:00,172.627,172.732,172.502,172.722,0,0
2014-10-13,05:00:00,172.721,172.746,172.58,172.658,0,0
2014-10-13,06:00:00,172.664,172.765,172.6,172.698,0,0
2014-10-13,07:00:00,172.699,172.746,172.627,172.693,0,0
2014-10-13,08:00:00,172.693,172.812,172.646,172.754,0,0
2014-10-13,09:00:00,172.757,172.992,172.705,172.719,0,0
2014-10-13,10:00:00,172.737,172.814,172.568,172.6,0,0
2014-10-13,11:00:00,172.602,172.94,172.522,172.901,0,0
2014-10-13,12:00:00,172.889,172.936,172.629,172.728,0,0
2014-10-13,13:00:00,172.741,172.91,172.731,172.826,0,0
2014-10-13,14:00:00,172.829,172.874,172.589,172.596,0,0
2014-10-13,15:00:00,172.611,172.661,172.468,172.544,0,0
2014-10-13,16:00:00,172.541,172.801,172.436,172.589,0,0
2014-10-13,17:00:00,172.581,172.664,172.255,172.367,0,0
2014-10-13,18:00:00,172.355,172.587,172.334,172.51,0,0
2014-10-13,19:00:00,172.51,172.634,172.421,172.577,0,0
2014-10-13,20:00:00,172.566,172.598,172.386,172.459,0,0
2014-10-13,21:00:00,172.459,172.513,172.344,172.374,0,0
2014-10-13,22:00:00,172.363,172.377,172.065,172.078,0,0
2014-10-13,23:00:00,172.073,172.262,171.731,171.82,0,0
2014-10-13,23:59:00,171.82,171.971,171.721,171.952,0,0
2014-10-14,01:00:00,171.947,172.058,171.86,171.962,0,0
2014-10-14,02:00:00,171.959,172.055,171.92,171.969,0,0
2014-10-14,03:00:00,171.964,172.159,171.964,172.039,0,0
2014-10-14,04:00:00,172.039,172.359,172.012,172.328,0,0
2014-10-14,05:00:00,172.331,172.463,172.288,172.345,0,0
2014-10-14,06:00:00,172.343,172.384,172.134,172.268,0,0
2014-10-14,07:00:00,172.272,172.337,172.125,172.206,0,0
2014-10-14,08:00:00,172.211,172.289,172.072,172.252,0,0
2014-10-14,09:00:00,172.242,172.242,171.874,171.995,0,0
2014-10-14,10:00:00,171.981,172.184,171.841,172.097,0,0
2014-10-14,11:00:00,172.118,172.118,170.72,170.747,0,0
2014-10-14,12:00:00,170.742,170.746,170.397,170.416,0,0
2014-10-14,13:00:00,170.425,170.843,170.331,170.471,0,0
2014-10-14,14:00:00,170.44,170.442,169.934,170.108,0,0
2014-10-14,15:00:00,170.102,170.677,170.079,170.366,0,0
2014-10-14,16:00:00,170.372,170.669,170.234,170.282,0,0
2014-10-14,17:00:00,170.271,170.552,170.206,170.401,0,0
2014-10-14,18:00:00,170.407,170.756,170.341,170.687,0,0
2014-10-14,19:00:00,170.684,170.706,170.438,170.439,0,0
2014-10-14,20:00:00,170.443,170.54,170.353,170.394,0,0
2014-10-14,21:00:00,170.403,170.421,170.083,170.083,0,0
2014-10-14,22:00:00,170.089,170.232,169.96,170.197,0,0
2014-10-14,23:00:00,170.185,170.285,170.153,170.24,0,0
2014-10-14,23:59:00,170.234,170.446,170.209,170.383,0,0
2014-10-15,01:00:00,170.383,170.531,170.282,170.428,0,0
2014-10-15,02:00:00,170.428,170.596,170.401,170.516,0,0
2014-10-15,03:00:00,170.516,170.587,170.304,170.326,0,0
2014-10-15,04:00:00,170.319,170.382,170.094,170.189,0,0
2014-10-15,05:00:00,170.187,170.335,170.13,170.306,0,0
2014-10-15,06:00:00,170.304,170.55,170.235,170.515,0,0
2014-10-15,07:00:00,170.524,170.67,170.482,170.549,0,0
2014-10-15,08:00:00,170.553,170.691,170.497,170.654,0,0
2014-10-15,09:00:00,170.664,171.137,170.59,171.04,0,0
2014-10-15,10:00:00,171.038,171.078,170.442,170.464,0,0
2014-10-15,11:00:00,170.444,170.974,170.331,170.539,0,0
2014-10-15,12:00:00,170.543,170.959,170.422,170.941,0,0
2014-10-15,13:00:00,170.949,170.954,170.64,170.676,0,0
2014-10-15,14:00:00,170.67,170.674,170.202,170.274,0,0
2014-10-15,15:00:00,170.279,170.381,169.787,169.914,0,0
2014-10-15,16:00:00,169.918,170.021,169.009,169.71,0,0
2014-10-15,17:00:00,169.635,169.858,169.22,169.296,0,0
2014-10-15,18:00:00,169.309,169.543,169.178,169.286,0,0
2014-10-15,19:00:00,169.287,169.287,168.357,168.643,0,0
2014-10-15,20:00:00,168.624,168.624,168.014,168.442,0,0
2014-10-15,21:00:00,168.426,168.914,168.303,168.834,0,0
2014-10-15,22:00:00,168.842,169.562,168.801,169.472,0,0
2014-10-15,23:00:00,169.461,169.703,169.108,169.647,0,0
2014-10-15,23:59:00,169.627,169.731,169.486,169.686,0,0
2014-10-16,01:00:00,169.68,169.68,169.35,169.599,0,0
2014-10-16,02:00:00,169.594,169.621,169.427,169.471,0,0
2014-10-16,03:00:00,169.471,169.7,169.188,169.653,0,0
2014-10-16,04:00:00,169.643,169.694,169.367,169.61,0,0
2014-10-16,05:00:00,169.599,169.719,169.395,169.528,0,0
2014-10-16,06:00:00,169.523,169.663,169.504,169.551,0,0
2014-10-16,07:00:00,169.551,169.687,169.507,169.591,0,0
2014-10-16,08:00:00,169.586,169.631,169.48,169.484,0,0
2014-10-16,09:00:00,169.471,169.971,169.332,169.851,0,0
2014-10-16,10:00:00,169.865,169.912,169.204,169.381,0,0
2014-10-16,11:00:00,169.373,169.842,169.228,169.545,0,0
2014-10-16,12:00:00,169.537,169.578,168.668,168.806,0,0
2014-10-16,13:00:00,168.836,169.048,168.453,168.909,0,0
2014-10-16,14:00:00,168.902,169.183,168.654,169.141,0,0
2014-10-16,15:00:00,169.143,169.364,169.048,169.059,0,0
2014-10-16,16:00:00,169.056,169.872,169.02,169.704,0,0
2014-10-16,17:00:00,169.726,170.333,169.422,169.935,0,0
2014-10-16,18:00:00,169.937,170.465,169.774,170.244,0,0
2014-10-16,19:00:00,170.241,170.48,170.071,170.452,0,0
2014-10-16,20:00:00,170.45,170.878,170.45,170.582,0,0
2014-10-16,21:00:00,170.595,170.665,170.393,170.487,0,0
2014-10-16,22:00:00,170.47,171.194,170.47,171.194,0,0
2014-10-16,23:00:00,171.167,171.167,170.937,171.025,0,0
2014-10-16,23:59:00,171.006,171.046,170.775,170.814,0,0
2014-10-17,01:00:00,170.8,171.064,170.8,171.06,0,0
2014-10-17,02:00:00,171.061,171.515,171.058,171.296,0,0
2014-10-17,03:00:00,171.295,171.314,170.871,170.904,0,0
2014-10-17,04:00:00,170.908,171.139,170.811,171.046,0,0
2014-10-17,05:00:00,171.047,171.09,170.871,170.99,0,0
2014-10-17,06:00:00,170.993,171.007,170.584,170.631,0,0
2014-10-17,07:00:00,170.629,170.884,170.608,170.802,0,0
2014-10-17,08:00:00,170.808,170.821,170.632,170.771,0,0
2014-10-17,09:00:00,170.776,170.865,170.355,170.479,0,0
2014-10-17,10:00:00,170.484,171.009,170.192,171.001,0,0
2014-10-17,11:00:00,170.987,171.565,170.886,171.565,0,0
2014-10-17,12:00:00,171.525,171.639,171.219,171.318,0,0
2014-10-17,13:00:00,171.318,171.594,171.288,171.479,0,0
2014-10-17,14:00:00,171.467,171.815,171.4,171.4,0,0
2014-10-17,15:00:00,171.388,171.707,171.388,171.457,0,0
2014-10-17,16:00:00,171.426,171.496,171.22,171.346,0,0
2014-10-17,17:00:00,171.316,171.731,171.29,171.655,0,0
2014-10-17,18:00:00,171.645,171.798,171.587,171.645,0,0
2014-10-17,19:00:00,171.652,171.715,171.6,171.661,0,0
2014-10-17,20:00:00,171.656,171.791,171.597,171.778,0,0
2014-10-17,21:00:00,171.773,171.853,171.629,171.844,0,0
2014-10-17,22:00:00,171.846,172.033,171.783,171.99,0,0
2014-10-17,23:00:00,171.988,171.993,171.988,171.993,0,0
2014-10-20,01:00:00,172.288,172.43,172.175,172.36,0,0
2014-10-20,02:00:00,172.35,172.533,172.344,172.419,0,0
2014-10-20,03:00:00,172.418,172.418,172.27,172.378,0,0
2014-10-20,04:00:00,172.378,172.69,172.353,172.556,0,0
2014-10-20,05:00:00,172.548,172.716,172.466,172.677,0,0
2014-10-20,06:00:00,172.683,172.994,172.658,172.934,0,0
2014-10-20,07:00:00,172.933,172.977,172.83,172.922,0,0
2014-10-20,08:00:00,172.923,172.931,172.692,172.727,0,0
2014-10-20,09:00:00,172.734,172.796,172.47,172.513,0,0
2014-10-20,10:00:00,172.516,172.588,172.274,172.376,0,0
2014-10-20,11:00:00,172.401,172.624,172.352,172.487,0,0
2014-10-20,12:00:00,172.482,172.871,172.469,172.8,0,0
2014-10-20,13:00:00,172.802,172.863,172.424,172.488,0,0
2014-10-20,14:00:00,172.457,172.521,172.277,172.305,0,0
2014-10-20,15:00:00,172.297,172.688,172.297,172.603,0,0
2014-10-20,16:00:00,172.61,172.624,172.341,172.493,0,0
2014-10-20,17:00:00,172.494,172.586,172.309,172.414,0,0
2014-10-20,18:00:00,172.407,172.504,172.353,172.461,0,0
2014-10-20,19:00:00,172.448,172.552,172.388,172.433,0,0
2014-10-20,20:00:00,172.414,172.849,172.413,172.762,0,0
2014-10-20,21:00:00,172.766,172.878,172.707,172.745,0,0
2014-10-20,22:00:00,172.74,172.877,172.713,172.782,0,0
2014-10-20,23:00:00,172.786,172.873,172.716,172.853,0,0
2014-10-20,23:59:00,172.834,172.931,172.789,172.826,0,0
2014-10-21,01:00:00,172.823,172.871,172.722,172.8,0,0
2014-10-21,02:00:00,172.797,172.855,172.679,172.679,0,0
2014-10-21,03:00:00,172.685,172.703,172.502,172.613,0,0
2014-10-21,04:00:00,172.612,172.63,172.419,172.57,0,0
2014-10-21,05:00:00,172.585,172.731,172.527,172.563,0,0
2014-10-21,06:00:00,172.563,172.599,172.221,172.347,0,0
2014-10-21,07:00:00,172.344,172.416,172.006,172.07,0,0
2014-10-21,08:00:00,172.085,172.209,171.941,172.131,0,0
2014-10-21,09:00:00,172.127,172.213,171.789,171.961,0,0
2014-10-21,10:00:00,171.962,172.306,171.898,172.233,0,0
2014-10-21,11:00:00,172.221,172.476,172.152,172.448,0,0
2014-10-21,12:00:00,172.452,172.676,172.33,172.45,0,0
2014-10-21,13:00:00,172.446,172.662,172.437,172.589,0,0
2014-10-21,14:00:00,172.582,172.619,172.431,172.504,0,0
2014-10-21,15:00:00,172.497,172.588,172.327,172.42,0,0
2014-10-21,16:00:00,172.419,172.526,172.33,172.361,0,0
2014-10-21,17:00:00,172.382,172.475,172.106,172.122,0,0
2014-10-21,18:00:00,172.136,172.218,172.009,172.132,0,0
2014-10-21,19:00:00,172.132,172.19,171.976,172.043,0,0
2014-10-21,20:00:00,172.046,172.123,172.034,172.123,0,0
2014-10-21,21:00:00,172.112,172.234,172.108,172.233,0,0
2014-10-21,22:00:00,172.245,172.314,172.216,172.254,0,0
2014-10-21,23:00:00,172.246,172.408,172.197,172.398,0,0
2014-10-21,23:59:00,172.378,172.668,172.308,172.575,0,0
2014-10-22,01:00:00,172.546,172.585,172.377,172.419,0,0
2014-10-22,02:00:00,172.407,172.476,172.331,172.409,0,0
2014-10-22,03:00:00,172.395,172.495,172.279,172.42,0,0
2014-10-22,04:00:00,172.417,172.446,172.226,172.369,0,0
2014-10-22,05:00:00,172.363,172.376,172.275,172.303,0,0
2014-10-22,06:00:00,172.3,172.397,172.262,172.382,0,0
2014-10-22,07:00:00,172.393,172.511,172.32,172.488,0,0
2014-10-22,08:00:00,172.494,172.599,172.334,172.334,0,0
2014-10-22,09:00:00,172.345,172.413,172.23,172.246,0,0
2014-10-22,10:00:00,172.222,172.242,171.757,171.977,0,0
2014-10-22,11:00:00,171.982,172.003,171.07,171.272,0,0
2014-10-22,12:00:00,171.255,171.585,171.203,171.49,0,0
2014-10-22,13:00:00,171.489,171.752,171.467,171.739,0,0
2014-10-22,14:00:00,171.734,171.76,171.609,171.661,0,0
2014-10-22,15:00:00,171.66,172.018,171.624,172.004,0,0
2014-10-22,16:00:00,171.998,172.097,171.928,171.961,0,0
2014-10-22,17:00:00,171.972,172.108,171.847,172.086,0,0
2014-10-22,18:00:00,172.085,172.499,172.046,172.446,0,0
2014-10-22,19:00:00,172.434,172.538,172.28,172.397,0,0
2014-10-22,20:00:00,172.403,172.439,172.083,172.09,0,0
2014-10-22,21:00:00,172.09,172.15,171.933,172.053,0,0
2014-10-22,22:00:00,172.045,172.126,171.898,171.924,0,0
2014-10-22,23:00:00,171.933,171.995,171.881,171.947,0,0
2014-10-22,23:59:00,171.946,172.007,171.857,171.977,0,0
2014-10-23,01:00:00,171.967,172.05,171.919,171.959,0,0
2014-10-23,02:00:00,171.957,171.976,171.879,171.895,0,0
2014-10-23,03:00:00,171.897,172.044,171.875,171.926,0,0
2014-10-23,04:00:00,171.926,172.115,171.888,172.037,0,0
2014-10-23,05:00:00,172.038,172.236,172.006,172.172,0,0
2014-10-23,06:00:00,172.172,172.292,172.111,172.24,0,0
2014-10-23,07:00:00,172.24,172.334,172.075,172.169,0,0
2014-10-23,08:00:00,172.194,172.206,172.085,172.168,0,0
2014-10-23,09:00:00,172.168,172.241,172.082,172.115,0,0
2014-10-23,10:00:00,172.095,172.098,171.704,171.951,0,0
2014-10-23,11:00:00,171.961,172.542,171.961,172.121,0,0
2014-10-23,12:00:00,172.12,172.258,171.98,172.217,0,0
2014-10-23,13:00:00,172.199,172.306,172.003,172.003,0,0
2014-10-23,14:00:00,171.999,172.488,171.999,172.48,0,0
2014-10-23,15:00:00,172.474,172.871,172.455,172.859,0,0
2014-10-23,16:00:00,172.85,173.103,172.839,172.901,0,0
2014-10-23,17:00:00,172.898,173.437,172.882,173.383,0,0
2014-10-23,18:00:00,173.377,173.441,173.222,173.433,0,0
2014-10-23,19:00:00,173.433,173.641,173.406,173.538,0,0
2014-10-23,20:00:00,173.531,173.615,173.501,173.522,0,0
2014-10-23,21:00:00,173.525,173.644,173.378,173.426,0,0
2014-10-23,22:00:00,173.41,173.431,173.2,173.249,0,0
2014-10-23,23:00:00,173.264,173.607,173.264,173.522,0,0
2014-10-23,23:59:00,173.519,173.621,173.432,173.573,0,0
2014-10-24,01:00:00,173.573,173.573,173.43,173.487,0,0
2014-10-24,02:00:00,173.48,173.487,173.328,173.334,0,0
2014-10-24,03:00:00,173.322,173.365,172.968,173.189,0,0
2014-10-24,04:00:00,173.175,173.235,172.963,173.235,0,0
2014-10-24,05:00:00,173.217,173.269,173.043,173.116,0,0
2014-10-24,06:00:00,173.117,173.198,173.098,173.173,0,0
2014-10-24,07:00:00,173.176,173.248,173.151,173.232,0,0
2014-10-24,08:00:00,173.234,173.319,173.133,173.15,0,0
2014-10-24,09:00:00,173.15,173.283,172.976,173.253,0,0
2014-10-24,10:00:00,173.226,173.592,173.226,173.516,0,0
2014-10-24,11:00:00,173.519,173.89,173.195,173.743,0,0
2014-10-24,12:00:00,173.746,173.763,173.36,173.496,0,0
2014-10-24,13:00:00,173.489,173.587,173.402,173.481,0,0
2014-10-24,14:00:00,173.478,173.524,173.263,173.28,0,0
2014-10-24,15:00:00,173.273,173.534,173.17,173.49,0,0
2014-10-24,16:00:00,173.505,173.721,173.333,173.571,0,0
2014-10-24,17:00:00,173.557,173.949,173.492,173.945,0,0
2014-10-24,18:00:00,173.948,174.005,173.832,173.94,0,0
2014-10-24,19:00:00,173.94,173.967,173.689,173.694,0,0
2014-10-24,20:00:00,173.667,173.84,173.662,173.741,0,0
2014-10-24,21:00:00,173.738,173.877,173.717,173.742,0,0
2014-10-24,22:00:00,173.734,173.926,173.729,173.911,0,0
2014-10-24,23:00:00,173.906,173.907,173.906,173.907,0,0
2014-10-27,01:00:00,174.094,174.194,174.027,174.068,0,0
2014-10-27,02:00:00,174.057,174.057,173.799,173.816,0,0
2014-10-27,03:00:00,173.812,173.912,173.754,173.88,0,0
2014-10-27,04:00:00,173.878,173.886,173.7,173.77,0,0
2014-10-27,05:00:00,173.773,173.926,173.677,173.924,0,0
2014-10-27,06:00:00,173.941,173.978,173.82,173.867,0,0
2014-10-27,07:00:00,173.867,173.88,173.73,173.802,0,0
2014-10-27,08:00:00,173.789,173.812,173.693,173.764,0,0
2014-10-27,09:00:00,173.761,173.993,173.761,173.907,0,0
2014-10-27,10:00:00,173.92,173.92,173.555,173.736,0,0
2014-10-27,11:00:00,173.747,173.832,173.57,173.608,0,0
2014-10-27,12:00:00,173.595,173.689,173.388,173.63,0,0
2014-10-27,13:00:00,173.632,173.894,173.613,173.65,0,0
2014-10-27,14:00:00,173.639,173.831,173.632,173.783,0,0
2014-10-27,15:00:00,173.787,173.805,173.639,173.726,0,0
2014-10-27,16:00:00,173.74,173.947,173.61,173.882,0,0
2014-10-27,17:00:00,173.89,174.015,173.749,173.75,0,0
2014-10-27,18:00:00,173.757,173.851,173.565,173.623,0,0
2014-10-27,19:00:00,173.625,173.753,173.625,173.663,0,0
2014-10-27,20:00:00,173.676,173.789,173.656,173.67,0,0
2014-10-27,21:00:00,173.663,173.803,173.663,173.789,0,0
2014-10-27,22:00:00,173.791,173.799,173.713,173.785,0,0
2014-10-27,23:00:00,173.769,173.845,173.721,173.811,0,0
2014-10-27,23:59:00,173.803,173.83,173.713,173.717,0,0
2014-10-28,01:00:00,173.717,173.945,173.717,173.871,0,0
2014-10-28,02:00:00,173.874,174.041,173.874,173.954,0,0
2014-10-28,03:00:00,173.972,174.142,173.918,173.946,0,0
2014-10-28,04:00:00,173.962,173.964,173.843,173.845,0,0
2014-10-28,05:00:00,173.85,173.915,173.815,173.865,0,0
2014-10-28,06:00:00,173.857,173.981,173.846,173.951,0,0
2014-10-28,07:00:00,173.949,174.004,173.859,173.87,0,0
2014-10-28,08:00:00,173.87,173.932,173.685,173.769,0,0
2014-10-28,09:00:00,173.773,173.905,173.768,173.84,0,0
2014-10-28,10:00:00,173.822,173.946,173.759,173.813,0,0
2014-10-28,11:00:00,173.818,174.034,173.702,174.028,0,0
2014-10-28,12:00:00,174.04,174.223,174.01,174.188,0,0
2014-10-28,13:00:00,174.206,174.326,174.135,174.273,0,0
2014-10-28,14:00:00,174.265,174.412,174.154,174.314,0,0
2014-10-28,15:00:00,174.309,174.598,174.248,174.571,0,0
2014-10-28,16:00:00,174.571,174.733,174.503,174.517,0,0
2014-10-28,17:00:00,174.519,174.59,174.423,174.505,0,0
2014-10-28,18:00:00,174.489,174.659,174.487,174.61,0,0
2014-10-28,19:00:00,174.612,174.63,174.304,174.367,0,0
2014-10-28,20:00:00,174.367,174.394,174.233,174.327,0,0
2014-10-28,21:00:00,174.331,174.537,174.319,174.526,0,0
2014-10-28,22:00:00,174.518,174.538,174.435,174.452,0,0
2014-10-28,23:00:00,174.421,174.519,174.412,174.43,0,0
2014-10-28,23:59:00,174.433,174.433,174.35,174.416,0,0
2014-10-29,01:00:00,174.417,174.552,174.391,174.511,0,0
2014-10-29,02:00:00,174.512,174.595,174.429,174.56,0,0
2014-10-29,03:00:00,174.576,174.609,174.418,174.489,0,0
2014-10-29,04:00:00,174.479,174.546,174.408,174.408,0,0
2014-10-29,05:00:00,174.415,174.524,174.412,174.524,0,0
2014-10-29,06:00:00,174.524,174.526,174.47,174.507,0,0
2014-10-29,07:00:00,174.507,174.54,174.469,174.481,0,0
2014-10-29,08:00:00,174.481,174.543,174.335,174.335,0,0
2014-10-29,09:00:00,174.334,174.516,174.334,174.378,0,0
2014-10-29,10:00:00,174.371,174.397,174.048,174.116,0,0
2014-10-29,11:00:00,174.11,174.33,174.11,174.247,0,0
2014-10-29,12:00:00,174.247,174.288,174.122,174.266,0,0
2014-10-29,13:00:00,174.266,174.291,174.183,174.272,0,0
2014-10-29,14:00:00,174.267,174.336,174.2,174.247,0,0
2014-10-29,15:00:00,174.247,174.392,174.149,174.345,0,0
2014-10-29,16:00:00,174.349,174.544,174.302,174.512,0,0
2014-10-29,17:00:00,174.524,174.672,174.416,174.547,0,0
2014-10-29,18:00:00,174.581,174.617,174.373,174.526,0,0
2014-10-29,19:00:00,174.526,174.539,174.021,174.086,0,0
2014-10-29,20:00:00,173.984,174.432,173.938,174.259,0,0
2014-10-29,21:00:00,174.268,174.287,174.157,174.251,0,0
2014-10-29,22:00:00,174.254,174.411,174.229,174.336,0,0
2014-10-29,23:00:00,174.325,174.352,174.219,174.27,0,0
2014-10-29,23:59:00,174.254,174.31,174.174,174.22,0,0
2014-10-30,01:00:00,174.216,174.265,174.1,174.165,0,0
2014-10-30,02:00:00,174.162,174.233,173.988,174.047,0,0
2014-10-30,03:00:00,174.045,174.303,174.033,174.282,0,0
2014-10-30,04:00:00,174.277,174.328,174.137,174.214,0,0
2014-10-30,05:00:00,174.214,174.279,174.162,174.251,0,0
2014-10-30,06:00:00,174.251,174.31,174.195,174.261,0,0
2014-10-30,07:00:00,174.268,174.347,174.198,174.223,0,0
2014-10-30,08:00:00,174.23,174.464,174.23,174.433,0,0
2014-10-30,09:00:00,174.424,174.502,174.279,174.44,0,0
2014-10-30,10:00:00,174.45,174.604,174.319,174.365,0,0
2014-10-30,11:00:00,174.373,174.436,174.222,174.318,0,0
2014-10-30,12:00:00,174.337,174.525,174.314,174.52,0,0
2014-10-30,13:00:00,174.515,174.554,174.257,174.265,0,0
2014-10-30,14:00:00,174.269,174.514,174.232,174.263,0,0
2014-10-30,15:00:00,174.286,174.508,174.237,174.361,0,0
2014-10-30,16:00:00,174.394,174.579,174.326,174.574,0,0
2014-10-30,17:00:00,174.584,174.585,174.428,174.535,0,0
2014-10-30,18:00:00,174.556,174.733,174.513,174.606,0,0
2014-10-30,19:00:00,174.601,175.074,174.565,175.011,0,0
2014-10-30,20:00:00,175.008,175.154,174.894,174.957,0,0
2014-10-30,21:00:00,174.951,174.962,174.73,174.786,0,0
2014-10-30,22:00:00,174.789,174.827,174.696,174.742,0,0
2014-10-30,23:00:00,174.702,174.88,174.702,174.839,0,0
2014-10-30,23:59:00,174.836,175.012,174.834,174.884,0,0
2014-10-31,01:00:00,174.88,174.934,174.663,174.751,0,0
2014-10-31,02:00:00,174.743,174.866,174.671,174.817,0,0
2014-10-31,03:00:00,174.825,174.882,174.76,174.843,0,0
2014-10-31,04:00:00,174.843,174.943,174.828,174.856,0,0
2014-10-31,05:00:00,174.853,174.988,174.816,174.964,0,0
2014-10-31,06:00:00,174.972,176.262,174.813,176.129,0,0
2014-10-31,07:00:00,176.162,177.358,176.162,177.258,0,0
2014-10-31,08:00:00,177.109,177.584,176.85,177.481,0,0
2014-10-31,09:00:00,177.467,178.098,177.453,177.857,0,0
2014-10-31,10:00:00,177.857,178.229,177.606,178.228,0,0
2014-10-31,11:00:00,178.221,178.519,178.209,178.43,0,0
2014-10-31,12:00:00,178.49,178.952,178.409,178.811,0,0
2014-10-31,13:00:00,178.79,178.986,178.401,178.594,0,0
2014-10-31,14:00:00,178.568,178.879,178.541,178.735,0,0
2014-10-31,15:00:00,178.716,178.953,178.602,178.686,0,0
2014-10-31,16:00:00,178.694,179.536,178.684,179.341,0,0
2014-10-31,17:00:00,179.354,179.445,179.235,179.324,0,0
2014-10-31,18:00:00,179.33,179.42,178.96,179.161,0,0
2014-10-31,19:00:00,179.154,179.362,178.994,179.331,0,0
2014-10-31,20:00:00,179.334,179.565,179.325,179.552,0,0
2014-10-31,21:00:00,179.554,179.678,179.319,179.649,0,0
2014-10-31,22:00:00,179.636,179.794,179.506,179.631,0,0
2014-10-31,23:00:00,179.595,179.595,179.595,179.595,0,0
2014-11-03,01:00:00,180.404,180.477,180.149,180.219,0,0
2014-11-03,02:00:00,180.205,180.213,179.635,179.784,0,0
2014-11-03,03:00:00,179.781,179.844,179.672,179.807,0,0
2014-11-03,04:00:00,179.812,179.98,179.768,179.939,0,0
2014-11-03,05:00:00,179.939,180.136,179.907,180.023,0,0
2014-11-03,06:00:00,180.026,180.07,179.904,180.032,0,0
2014-11-03,07:00:00,180.032,180.075,179.956,179.956,0,0
2014-11-03,08:00:00,179.956,180.01,179.874,179.968,0,0
2014-11-03,09:00:00,179.974,180.272,179.881,180.133,0,0
2014-11-03,10:00:00,180.144,180.541,180.048,180.482,0,0
2014-11-03,11:00:00,180.51,180.693,180.381,180.639,0,0
2014-11-03,12:00:00,180.642,181.442,180.619,181.286,0,0
2014-11-03,13:00:00,181.278,181.942,181.187,181.775,0,0
2014-11-03,14:00:00,181.798,181.965,181.589,181.86,0,0
2014-11-03,15:00:00,181.863,182.165,181.828,182.048,0,0
2014-11-03,16:00:00,182.048,182.066,181.793,181.834,0,0
2014-11-03,17:00:00,181.817,182.502,181.695,182.462,0,0
2014-11-03,18:00:00,182.434,182.44,181.755,182.104,0,0
2014-11-03,19:00:00,182.1,182.231,181.967,182.146,0,0
2014-11-03,20:00:00,182.145,182.163,181.855,181.862,0,0
2014-11-03,21:00:00,181.862,181.917,181.607,181.746,0,0
2014-11-03,22:00:00,181.734,181.893,181.726,181.758,0,0
2014-11-03,23:00:00,181.739,182.153,181.739,182.117,0,0
2014-11-03,23:59:00,182.128,182.128,181.694,181.769,0,0
2014-11-04,01:00:00,181.755,181.82,181.533,181.638,0,0
2014-11-04,02:00:00,181.642,181.677,181.362,181.533,0,0
2014-11-04,03:00:00,181.533,181.635,181.298,181.561,0,0
2014-11-04,04:00:00,181.558,181.767,181.52,181.748,0,0
2014-11-04,05:00:00,181.76,181.79,181.642,181.686,0,0
2014-11-04,06:00:00,181.69,181.699,181.5,181.531,0,0
2014-11-04,07:00:00,181.542,181.621,181.354,181.384,0,0
2014-11-04,08:00:00,181.402,181.603,181.201,181.586,0,0
2014-11-04,09:00:00,181.596,181.76,181.501,181.592,0,0
2014-11-04,10:00:00,181.589,181.989,181.589,181.773,0,0
2014-11-04,11:00:00,181.763,181.931,181.117,181.302,0,0
2014-11-04,12:00:00,181.284,181.505,181.124,181.311,0,0
2014-11-04,13:00:00,181.298,181.448,181.222,181.39,0,0
2014-11-04,14:00:00,181.405,181.659,181.349,181.449,0,0
2014-11-04,15:00:00,181.455,181.623,181.362,181.57,0,0
2014-11-04,16:00:00,181.577,182.012,181.555,181.971,0,0
2014-11-04,17:00:00,181.968,182.009,181.336,181.336,0,0
2014-11-04,18:00:00,181.336,181.534,181.251,181.383,0,0
2014-11-04,19:00:00,181.379,181.618,181.372,181.538,0,0
2014-11-04,20:00:00,181.537,181.704,181.425,181.652,0,0
2014-11-04,21:00:00,181.657,181.746,181.614,181.734,0,0
2014-11-04,22:00:00,181.73,181.833,181.68,181.833,0,0
2014-11-04,23:00:00,181.831,181.835,181.726,181.735,0,0
2014-11-04,23:59:00,181.757,181.772,181.49,181.523,0,0
2014-11-05,01:00:00,181.55,181.75,181.532,181.666,0,0
2014-11-05,02:00:00,181.666,182.032,181.622,181.847,0,0
2014-11-05,03:00:00,181.831,181.842,181.658,181.821,0,0
2014-11-05,04:00:00,181.818,182.026,181.744,181.878,0,0
2014-11-05,05:00:00,181.881,182.092,181.838,182.049,0,0
2014-11-05,06:00:00,182.062,182.725,182.04,182.619,0,0
2014-11-05,07:00:00,182.618,182.872,182.462,182.806,0,0
2014-11-05,08:00:00,182.781,182.876,182.138,182.25,0,0
2014-11-05,09:00:00,182.243,182.784,182.206,182.516,0,0
2014-11-05,10:00:00,182.514,182.694,182.381,182.439,0,0
2014-11-05,11:00:00,182.457,182.577,181.793,181.998,0,0
2014-11-05,12:00:00,181.986,181.986,181.707,181.85,0,0
2014-11-05,13:00:00,181.856,182.081,181.831,182.06,0,0
2014-11-05,14:00:00,182.078,182.576,182.052,182.539,0,0
2014-11-05,15:00:00,182.539,183.112,182.279,183.112,0,0
2014-11-05,16:00:00,183.143,183.398,183.047,183.199,0,0
2014-11-05,17:00:00,183.177,183.196,182.689,182.904,0,0
2014-11-05,18:00:00,182.902,183.241,182.854,183.201,0,0
2014-11-05,19:00:00,183.196,183.256,183.032,183.182,0,0
2014-11-05,20:00:00,183.178,183.354,183.134,183.252,0,0
2014-11-05,21:00:00,183.251,183.278,183.148,183.248,0,0
2014-11-05,22:00:00,183.24,183.343,183.191,183.332,0,0
2014-11-05,23:00:00,183.338,183.338,183.129,183.144,0,0
2014-11-05,23:59:00,183.126,183.177,183.026,183.09,0,0
2014-11-06,01:00:00,183.076,183.154,182.983,183.022,0,0
2014-11-06,02:00:00,183.022,183.17,182.844,182.884,0,0
2014-11-06,03:00:00,182.871,183.503,182.871,183.476,0,0
2014-11-06,04:00:00,183.482,183.677,183.142,183.667,0,0
2014-11-06,05:00:00,183.658,184.289,183.648,183.964,0,0
2014-11-06,06:00:00,183.962,183.962,182.671,182.763,0,0
2014-11-06,07:00:00,182.765,183.068,182.48,182.649,0,0
2014-11-06,08:00:00,182.651,183.212,182.592,182.919,0,0
2014-11-06,09:00:00,182.905,183.101,182.749,182.932,0,0
2014-11-06,10:00:00,182.929,183.195,182.929,183.147,0,0
2014-11-06,11:00:00,183.153,183.193,182.806,182.87,0,0
2014-11-06,12:00:00,182.864,183.015,182.581,182.719,0,0
2014-11-06,13:00:00,182.739,182.998,182.668,182.881,0,0
2014-11-06,14:00:00,182.896,182.948,182.545,182.55,0,0
2014-11-06,15:00:00,182.545,182.872,182.32,182.725,0,0
2014-11-06,16:00:00,182.685,182.835,182.324,182.391,0,0
2014-11-06,17:00:00,182.407,182.436,181.864,182.409,0,0
2014-11-06,18:00:00,182.422,182.506,182.077,182.195,0,0
2014-11-06,19:00:00,182.198,182.198,181.958,181.958,0,0
2014-11-06,20:00:00,181.968,182.226,181.903,182.055,0,0
2014-11-06,21:00:00,182.057,182.124,181.964,182.037,0,0
2014-11-06,22:00:00,182.033,182.37,181.975,182.334,0,0
2014-11-06,23:00:00,182.332,182.392,182.255,182.354,0,0
2014-11-06,23:59:00,182.359,182.533,182.308,182.459,0,0
2014-11-07,01:00:00,182.422,182.661,182.339,182.452,0,0
2014-11-07,02:00:00,182.444,182.526,182.283,182.365,0,0
2014-11-07,03:00:00,182.374,182.648,182.339,182.468,0,0
2014-11-07,04:00:00,182.468,182.523,182.415,182.523,0,0
2014-11-07,05:00:00,182.525,182.525,182.357,182.452,0,0
2014-11-07,06:00:00,182.452,182.602,182.374,182.599,0,0
2014-11-07,07:00:00,182.6,182.661,182.4,182.541,0,0
2014-11-07,08:00:00,182.561,182.724,182.527,182.676,0,0
2014-11-07,09:00:00,182.69,182.696,182.462,182.535,0,0
2014-11-07,10:00:00,182.534,182.546,182.223,182.299,0,0
2014-11-07,11:00:00,182.296,182.457,182.072,182.188,0,0
2014-11-07,12:00:00,182.191,182.378,182.152,182.302,0,0
2014-11-07,13:00:00,182.304,182.393,182.186,182.387,0,0
2014-11-07,14:00:00,182.378,182.513,182.189,182.427,0,0
2014-11-07,15:00:00,182.416,182.66,181.68,182.232,0,0
2014-11-07,16:00:00,182.24,182.251,181.469,181.561,0,0
2014-11-07,17:00:00,181.608,182.124,181.379,182.121,0,0
2014-11-07,18:00:00,182.12,182.155,181.717,181.756,0,0
2014-11-07,19:00:00,181.756,181.782,181.615,181.721,0,0
2014-11-07,20:00:00,181.718,181.747,181.205,181.358,0,0
2014-11-07,21:00:00,181.372,181.705,181.328,181.693,0,0
2014-11-07,22:00:00,181.683,181.984,181.575,181.927,0,0
2014-11-07,23:00:00,181.907,181.907,181.907,181.907,0,0
2014-11-10,01:00:00,181.781,181.948,181.739,181.884,0,0
2014-11-10,02:00:00,181.84,181.864,181.457,181.514,0,0
2014-11-10,03:00:00,181.514,181.753,181.476,181.522,0,0
2014-11-10,04:00:00,181.532,181.62,181.359,181.611,0,0
2014-11-10,05:00:00,181.617,181.623,181.457,181.604,0,0
2014-11-10,06:00:00,181.607,181.73,181.492,181.513,0,0
2014-11-10,07:00:00,181.507,181.542,181.261,181.511,0,0
2014-11-10,08:00:00,181.511,181.654,181.427,181.554,0,0
2014-11-10,09:00:00,181.534,181.679,181.113,181.242,0,0
2014-11-10,10:00:00,181.256,181.383,181.064,181.168,0,0
2014-11-10,11:00:00,181.155,181.39,181.149,181.307,0,0
2014-11-10,12:00:00,181.307,181.446,181.251,181.383,0,0
2014-11-10,13:00:00,181.39,181.593,181.272,181.557,0,0
2014-11-10,14:00:00,181.595,181.626,181.383,181.456,0,0
2014-11-10,15:00:00,181.461,181.865,181.452,181.774,0,0
2014-11-10,16:00:00,181.774,182.004,181.715,181.987,0,0
2014-11-10,17:00:00,181.987,182.134,181.871,181.99,0,0
2014-11-10,18:00:00,181.938,182.239,181.918,182.021,0,0
2014-11-10,19:00:00,182.017,182.045,181.914,181.939,0,0
2014-11-10,20:00:00,181.941,182.011,181.905,181.966,0,0
2014-11-10,21:00:00,181.967,182.101,181.95,182.086,0,0
2014-11-10,22:00:00,182.096,182.108,181.975,181.99,0,0
2014-11-10,23:00:00,181.992,182.013,181.77,181.948,0,0
2014-11-10,23:59:00,181.913,181.97,181.85,181.952,0,0
2014-11-11,01:00:00,181.941,182.005,181.835,181.931,0,0
2014-11-11,02:00:00,181.911,182.169,181.856,181.878,0,0
2014-11-11,03:00:00,181.868,181.949,181.772,181.869,0,0
2014-11-11,04:00:00,181.868,181.988,181.85,181.889,0,0
2014-11-11,05:00:00,181.883,182.156,181.845,182.156,0,0
2014-11-11,06:00:00,182.155,182.64,182.104,182.551,0,0
2014-11-11,07:00:00,182.551,182.653,182.424,182.437,0,0
2014-11-11,08:00:00,182.444,182.894,182.391,182.864,0,0
2014-11-11,09:00:00,182.86,183.583,182.776,183.469,0,0
2014-11-11,10:00:00,183.447,183.711,183.312,183.45,0,0
2014-11-11,11:00:00,183.466,183.958,183.425,183.841,0,0
2014-11-11,12:00:00,183.774,183.977,183.692,183.777,0,0
2014-11-11,13:00:00,183.777,183.929,183.696,183.929,0,0
2014-11-11,14:00:00,183.891,183.907,183.675,183.681,0,0
2014-11-11,15:00:00,183.733,183.757,183.308,183.598,0,0
2014-11-11,16:00:00,183.673,183.674,183.455,183.516,0,0
2014-11-11,17:00:00,183.541,183.868,183.537,183.795,0,0
2014-11-11,18:00:00,183.803,183.867,183.403,183.576,0,0
2014-11-11,19:00:00,183.574,183.936,183.507,183.807,0,0
2014-11-11,20:00:00,183.796,184.021,183.795,183.88,0,0
2014-11-11,21:00:00,183.905,183.905,183.424,183.692,0,0
2014-11-11,22:00:00,183.689,183.796,183.593,183.784,0,0
2014-11-11,23:00:00,183.784,184.364,183.715,184.244,0,0
2014-11-11,23:59:00,184.221,184.624,184.137,184.387,0,0
2014-11-12,01:00:00,184.387,184.484,184.164,184.298,0,0
2014-11-12,02:00:00,184.302,184.333,184.053,184.214,0,0
2014-11-12,03:00:00,184.214,184.242,183.882,184.065,0,0
2014-11-12,04:00:00,184.063,184.167,183.49,183.749,0,0
2014-11-12,05:00:00,183.749,184.139,183.673,184.139,0,0
2014-11-12,06:00:00,184.139,184.295,183.857,183.916,0,0
2014-11-12,07:00:00,183.916,184.058,183.476,183.602,0,0
2014-11-12,08:00:00,183.591,183.735,183.334,183.662,0,0
2014-11-12,09:00:00,183.721,183.735,183.472,183.532,0,0
2014-11-12,10:00:00,183.583,183.87,183.405,183.524,0,0
2014-11-12,11:00:00,183.525,183.888,183.266,183.614,0,0
2014-11-12,12:00:00,183.624,183.825,182.892,183.044,0,0
2014-11-12,13:00:00,183.035,183.068,182.403,182.584,0,0
2014-11-12,14:00:00,182.594,182.594,182.263,182.303,0,0
2014-11-12,15:00:00,182.303,182.318,181.972,182.306,0,0
2014-11-12,16:00:00,182.358,182.472,182.035,182.066,0,0
2014-11-12,17:00:00,182.076,182.314,181.984,182.267,0,0
2014-11-12,18:00:00,182.265,182.532,182.092,182.523,0,0
2014-11-12,19:00:00,182.523,182.523,182.273,182.337,0,0
2014-11-12,20:00:00,182.332,182.662,182.332,182.593,0,0
2014-11-12,21:00:00,182.588,182.657,182.273,182.344,0,0
2014-11-12,22:00:00,182.339,182.493,182.294,182.493,0,0
2014-11-12,23:00:00,182.466,182.476,182.143,182.143,0,0
2014-11-12,23:59:00,182.143,182.333,182.06,182.212,0,0
2014-11-13,01:00:00,182.222,182.344,182.107,182.263,0,0
2014-11-13,02:00:00,182.274,182.344,182.076,182.229,0,0
2014-11-13,03:00:00,182.218,182.447,182.158,182.324,0,0
2014-11-13,04:00:00,182.31,182.337,182.184,182.278,0,0
2014-11-13,05:00:00,182.283,182.694,182.257,182.521,0,0
2014-11-13,06:00:00,182.518,182.588,182.391,182.454,0,0
2014-11-13,07:00:00,182.455,182.583,182.393,182.574,0,0
2014-11-13,08:00:00,182.522,182.708,182.497,182.63,0,0
2014-11-13,09:00:00,182.635,182.767,182.499,182.546,0,0
2014-11-13,10:00:00,182.552,182.647,182.185,182.212,0,0
2014-11-13,11:00:00,182.212,182.23,181.952,182.046,0,0
2014-11-13,12:00:00,182.051,182.229,181.871,182.106,0,0
2014-11-13,13:00:00,182.108,182.331,182.063,182.188,0,0
2014-11-13,14:00:00,182.194,182.212,181.874,181.926,0,0
2014-11-13,15:00:00,181.912,181.914,181.667,181.811,0,0
2014-11-13,16:00:00,181.78,182.111,181.66,182.111,0,0
2014-11-13,17:00:00,182.111,182.302,181.896,182.181,0,0
2014-11-13,18:00:00,182.17,182.176,181.678,181.692,0,0
2014-11-13,19:00:00,181.692,181.869,181.652,181.827,0,0
2014-11-13,20:00:00,181.818,181.845,181.539,181.712,0,0
2014-11-13,21:00:00,181.707,181.924,181.614,181.844,0,0
2014-11-13,22:00:00,181.844,181.932,181.777,181.88,0,0
2014-11-13,23:00:00,181.828,181.984,181.79,181.827,0,0
2014-11-13,23:59:00,181.827,181.908,181.746,181.788,0,0
2014-11-14,01:00:00,181.781,181.932,181.746,181.855,0,0
2014-11-14,02:00:00,181.855,182.268,181.792,182.175,0,0
2014-11-14,03:00:00,182.173,182.179,181.594,181.756,0,0
2014-11-14,04:00:00,181.755,181.901,181.666,181.893,0,0
2014-11-14,05:00:00,181.898,182.234,181.808,181.931,0,0
2014-11-14,06:00:00,181.931,181.931,181.765,181.832,0,0
2014-11-14,07:00:00,181.827,182.063,181.751,182.026,0,0
2014-11-14,08:00:00,182.069,182.099,181.935,181.995,0,0
2014-11-14,09:00:00,182.017,182.391,182.015,182.347,0,0
2014-11-14,10:00:00,182.296,182.468,182.081,182.339,0,0
2014-11-14,11:00:00,182.339,182.63,182.32,182.372,0,0
2014-11-14,12:00:00,182.364,182.424,182.249,182.341,0,0
2014-11-14,13:00:00,182.355,182.465,182.219,182.294,0,0
2014-11-14,14:00:00,182.303,182.39,182.243,182.31,0,0
2014-11-14,15:00:00,182.263,182.583,182.244,182.382,0,0
2014-11-14,16:00:00,182.404,182.409,181.913,181.933,0,0
2014-11-14,17:00:00,181.933,182.28,181.807,182.268,0,0
2014-11-14,18:00:00,182.238,182.472,182.215,182.385,0,0
2014-11-14,19:00:00,182.417,182.445,181.985,182.111,0,0
2014-11-14,20:00:00,182.134,182.341,182.086,182.282,0,0
2014-11-14,21:00:00,182.261,182.289,182.143,182.258,0,0
2014-11-14,22:00:00,182.251,182.328,182.178,182.211,0,0
2014-11-14,23:00:00,182.217,182.217,182.217,182.217,0,0
2014-11-17,01:00:00,182.642,183.363,182.568,183.101,0,0
2014-11-17,02:00:00,183.066,183.066,182.38,182.477,0,0
2014-11-17,03:00:00,182.474,182.474,181.91,182.17,0,0
2014-11-17,04:00:00,182.12,182.135,181.423,182.055,0,0
2014-11-17,05:00:00,182.048,182.236,181.888,182.11,0,0
2014-11-17,06:00:00,182.125,182.133,181.953,182.077,0,0
2014-11-17,07:00:00,182.085,182.097,181.535,181.742,0,0
2014-11-17,08:00:00,181.742,181.947,181.685,181.685,0,0
2014-11-17,09:00:00,181.666,181.931,181.632,181.834,0,0
2014-11-17,10:00:00,181.823,181.953,181.729,181.797,0,0
2014-11-17,11:00:00,181.815,181.816,181.096,181.356,0,0
2014-11-17,12:00:00,181.395,181.788,181.387,181.744,0,0
2014-11-17,13:00:00,181.744,182.059,181.696,181.95,0,0
2014-11-17,14:00:00,181.932,181.977,181.767,181.84,0,0
2014-11-17,15:00:00,181.84,181.989,181.659,181.907,0,0
2014-11-17,16:00:00,181.907,182.229,181.787,182.103,0,0
2014-11-17,17:00:00,182.097,182.177,182.024,182.147,0,0
2014-11-17,18:00:00,182.207,182.226,182.031,182.173,0,0
2014-11-17,19:00:00,182.173,182.272,182.112,182.196,0,0
2014-11-17,20:00:00,182.166,182.309,182.124,182.16,0,0
2014-11-17,21:00:00,182.16,182.249,182.114,182.166,0,0
2014-11-17,22:00:00,182.166,182.239,182.072,182.114,0,0
2014-11-17,23:00:00,182.124,182.442,182.124,182.44,0,0
2014-11-17,23:59:00,182.44,182.54,182.285,182.379,0,0
2014-11-18,01:00:00,182.369,182.587,182.368,182.381,0,0
2014-11-18,02:00:00,182.381,182.576,182.279,182.343,0,0
2014-11-18,03:00:00,182.344,182.486,182.241,182.429,0,0
2014-11-18,04:00:00,182.429,182.429,182.269,182.385,0,0
2014-11-18,05:00:00,182.385,182.541,182.37,182.496,0,0
2014-11-18,06:00:00,182.494,182.573,182.41,182.447,0,0
2014-11-18,07:00:00,182.486,182.541,182.41,182.472,0,0
2014-11-18,08:00:00,182.463,182.72,182.456,182.602,0,0
2014-11-18,09:00:00,182.595,182.774,182.478,182.759,0,0
2014-11-18,10:00:00,182.761,182.818,182.583,182.661,0,0
2014-11-18,11:00:00,182.652,183.199,182.476,183.021,0,0
2014-11-18,12:00:00,183.021,183.261,182.253,182.741,0,0
2014-11-18,13:00:00,182.757,182.893,182.6,182.783,0,0
2014-11-18,14:00:00,182.788,182.788,182.469,182.469,0,0
2014-11-18,15:00:00,182.473,182.541,182.285,182.318,0,0
2014-11-18,16:00:00,182.311,182.732,182.311,182.43,0,0
2014-11-18,17:00:00,182.436,182.573,182.336,182.528,0,0
2014-11-18,18:00:00,182.443,182.74,182.41,182.692,0,0
2014-11-18,19:00:00,182.695,182.821,182.594,182.747,0,0
2014-11-18,20:00:00,182.741,182.788,182.585,182.585,0,0
2014-11-18,21:00:00,182.581,182.775,182.521,182.755,0,0
2014-11-18,22:00:00,182.734,182.901,182.713,182.754,0,0
2014-11-18,23:00:00,182.754,182.784,182.581,182.653,0,0
2014-11-18,23:59:00,182.653,182.792,182.615,182.631,0,0
2014-11-19,01:00:00,182.631,182.761,182.579,182.652,0,0
2014-11-19,02:00:00,182.643,183.059,182.549,182.62,0,0
2014-11-19,03:00:00,182.67,182.865,182.532,182.827,0,0
2014-11-19,04:00:00,182.834,182.968,182.793,182.903,0,0
2014-11-19,05:00:00,182.903,183.039,182.763,182.957,0,0
2014-11-19,06:00:00,182.958,183.197,182.953,183.125,0,0
2014-11-19,07:00:00,183.114,183.245,183.018,183.162,0,0
2014-11-19,08:00:00,183.17,183.284,183.089,183.182,0,0
2014-11-19,09:00:00,183.237,183.394,183.193,183.239,0,0
2014-11-19,10:00:00,183.239,183.345,183.096,183.237,0,0
2014-11-19,11:00:00,183.225,183.977,183.099,183.92,0,0
2014-11-19,12:00:00,183.923,184.45,183.921,184.42,0,0
2014-11-19,13:00:00,184.418,184.51,184.311,184.467,0,0
2014-11-19,14:00:00,184.467,184.467,184.211,184.265,0,0
2014-11-19,15:00:00,184.262,184.489,184.196,184.469,0,0
2014-11-19,16:00:00,184.464,184.54,184.257,184.26,0,0
2014-11-19,17:00:00,184.277,184.438,184.212,184.329,0,0
2014-11-19,18:00:00,184.374,184.476,184.283,184.419,0,0
2014-11-19,19:00:00,184.412,184.673,184.358,184.657,0,0
2014-11-19,20:00:00,184.664,184.768,184.575,184.67,0,0
2014-11-19,21:00:00,184.475,184.997,184.475,184.787,0,0
2014-11-19,22:00:00,184.782,185.004,184.755,184.945,0,0
2014-11-19,23:00:00,184.956,185.067,184.915,184.977,0,0
2014-11-19,23:59:00,184.891,185.34,184.868,185.318,0,0
2014-11-20,01:00:00,185.318,185.39,185.106,185.128,0,0
2014-11-20,02:00:00,185.151,185.23,185.027,185.138,0,0
2014-11-20,03:00:00,185.133,185.274,185.101,185.101,0,0
2014-11-20,04:00:00,185.114,185.181,185.044,185.168,0,0
2014-11-20,05:00:00,185.168,185.515,185.167,185.49,0,0
2014-11-20,06:00:00,185.489,185.745,185.391,185.678,0,0
2014-11-20,07:00:00,185.693,186.1,185.686,185.925,0,0
2014-11-20,08:00:00,185.925,185.925,185.687,185.787,0,0
2014-11-20,09:00:00,185.784,186.1,185.528,185.576,0,0
2014-11-20,10:00:00,185.559,185.656,185.24,185.648,0,0
2014-11-20,11:00:00,185.632,185.982,185.55,185.669,0,0
2014-11-20,12:00:00,185.678,185.678,185.234,185.296,0,0
2014-11-20,13:00:00,185.296,185.355,184.95,185.314,0,0
2014-11-20,14:00:00,185.314,185.616,185.188,185.515,0,0
2014-11-20,15:00:00,185.515,185.741,185.138,185.299,0,0
2014-11-20,16:00:00,185.299,185.677,185.063,185.605,0,0
2014-11-20,17:00:00,185.605,185.796,185.411,185.505,0,0
2014-11-20,18:00:00,185.505,185.505,185.265,185.265,0,0
2014-11-20,19:00:00,185.266,185.358,185.169,185.243,0,0
2014-11-20,20:00:00,185.23,185.334,185.074,185.152,0,0
2014-11-20,21:00:00,185.152,185.269,185.15,185.169,0,0
2014-11-20,22:00:00,185.169,185.288,185.138,185.219,0,0
2014-11-20,23:00:00,185.207,185.539,185.2,185.502,0,0
2014-11-20,23:59:00,185.467,185.601,185.352,185.561,0,0
2014-11-21,01:00:00,185.561,185.69,185.457,185.543,0,0
2014-11-21,02:00:00,185.542,185.547,185.17,185.322,0,0
2014-11-21,03:00:00,185.325,185.347,184.446,184.653,0,0
2014-11-21,04:00:00,184.677,184.807,184.363,184.76,0,0
2014-11-21,05:00:00,184.75,184.997,184.684,184.707,0,0
2014-11-21,06:00:00,184.694,184.95,184.575,184.905,0,0
2014-11-21,07:00:00,184.911,185.094,184.75,184.897,0,0
2014-11-21,08:00:00,184.914,185.062,184.615,184.749,0,0
2014-11-21,09:00:00,184.738,184.894,184.47,184.479,0,0
2014-11-21,10:00:00,184.479,184.611,184.406,184.504,0,0
2014-11-21,11:00:00,184.488,184.647,184.104,184.186,0,0
2014-11-21,12:00:00,184.186,184.836,183.974,184.773,0,0
2014-11-21,13:00:00,184.773,184.897,184.57,184.851,0,0
2014-11-21,14:00:00,184.851,184.92,184.605,184.917,0,0
2014-11-21,15:00:00,184.917,185.005,184.617,184.83,0,0
2014-11-21,16:00:00,184.83,184.972,184.298,184.375,0,0
2014-11-21,17:00:00,184.513,184.871,183.994,184.276,0,0
2014-11-21,18:00:00,184.276,184.495,183.997,184.477,0,0
2014-11-21,19:00:00,184.451,184.477,184.15,184.278,0,0
2014-11-21,20:00:00,184.278,184.52,184.253,184.318,0,0
2014-11-21,21:00:00,184.311,184.365,184.05,184.237,0,0
2014-11-21,22:00:00,184.23,184.323,184.112,184.323,0,0
2014-11-21,23:00:00,184.323,184.323,184.268,184.286,0,0
2014-11-24,01:00:00,184.404,184.552,184.162,184.225,0,0
2014-11-24,02:00:00,184.222,184.232,184.007,184.121,0,0
2014-11-24,03:00:00,184.124,184.26,184.056,184.232,0,0
2014-11-24,04:00:00,184.248,184.43,184.193,184.389,0,0
2014-11-24,05:00:00,184.379,184.544,184.304,184.524,0,0
2014-11-24,06:00:00,184.524,184.65,184.452,184.634,0,0
2014-11-24,07:00:00,184.634,184.724,184.571,184.702,0,0
2014-11-24,08:00:00,184.702,184.788,184.524,184.558,0,0
2014-11-24,09:00:00,184.562,184.744,184.537,184.582,0,0
2014-11-24,10:00:00,184.563,184.944,184.451,184.879,0,0
2014-11-24,11:00:00,184.902,185.095,184.717,184.832,0,0
2014-11-24,12:00:00,184.863,185.081,184.853,185.041,0,0
2014-11-24,13:00:00,185.036,185.515,184.981,185.479,0,0
2014-11-24,14:00:00,185.479,185.567,185.408,185.471,0,0
2014-11-24,15:00:00,185.468,185.558,185.251,185.4,0,0
2014-11-24,16:00:00,185.401,185.737,185.358,185.68,0,0
2014-11-24,17:00:00,185.684,185.898,185.606,185.779,0,0
2014-11-24,18:00:00,185.802,185.899,185.698,185.825,0,0
2014-11-24,19:00:00,185.822,185.896,185.753,185.8,0,0
2014-11-24,20:00:00,185.809,185.869,185.66,185.678,0,0
2014-11-24,21:00:00,185.68,185.764,185.589,185.63,0,0
2014-11-24,22:00:00,185.627,185.726,185.612,185.669,0,0
2014-11-24,23:00:00,185.674,185.743,185.621,185.714,0,0
2014-11-24,23:59:00,185.715,185.855,185.704,185.749,0,0
2014-11-25,01:00:00,185.7,186.032,185.7,185.902,0,0
2014-11-25,02:00:00,185.905,185.905,185.171,185.355,0,0
2014-11-25,03:00:00,185.339,185.365,184.806,185.291,0,0
2014-11-25,04:00:00,185.299,185.345,184.967,184.998,0,0
2014-11-25,05:00:00,185.011,185.02,184.633,184.682,0,0
2014-11-25,06:00:00,184.689,185.054,184.664,184.91,0,0
2014-11-25,07:00:00,184.913,184.928,184.768,184.835,0,0
2014-11-25,08:00:00,184.844,185.026,184.811,184.82,0,0
2014-11-25,09:00:00,184.822,184.993,184.577,184.775,0,0
2014-11-25,10:00:00,184.756,185.145,184.481,185.113,0,0
2014-11-25,11:00:00,185.116,185.259,184.959,185.224,0,0
2014-11-25,12:00:00,185.221,185.329,184.998,185.205,0,0
2014-11-25,13:00:00,185.204,185.22,184.829,184.926,0,0
2014-11-25,14:00:00,184.898,185.05,184.751,184.873,0,0
2014-11-25,15:00:00,184.871,185.15,184.782,185.078,0,0
2014-11-25,16:00:00,185.074,185.226,184.985,185.221,0,0
2014-11-25,17:00:00,185.119,185.38,185.048,185.289,0,0
2014-11-25,18:00:00,185.287,185.471,185.249,185.351,0,0
2014-11-25,19:00:00,185.369,185.379,185.193,185.195,0,0
2014-11-25,20:00:00,185.173,185.232,185.019,185.04,0,0
2014-11-25,21:00:00,185.031,185.205,185.001,185.181,0,0
2014-11-25,22:00:00,185.183,185.255,185.141,185.246,0,0
2014-11-25,23:00:00,185.249,185.27,185.194,185.266,0,0
2014-11-25,23:59:00,185.26,185.292,185.085,185.141,0,0
2014-11-26,01:00:00,185.169,185.193,185.028,185.144,0,0
2014-11-26,02:00:00,185.143,185.186,185.006,185.119,0,0
2014-11-26,03:00:00,185.104,185.113,184.896,184.972,0,0
2014-11-26,04:00:00,184.972,185.06,184.902,184.948,0,0
2014-11-26,05:00:00,184.945,185.021,184.913,185.006,0,0
2014-11-26,06:00:00,185.006,185.006,184.862,184.897,0,0
2014-11-26,07:00:00,184.889,184.968,184.865,184.901,0,0
2014-11-26,08:00:00,184.901,185.016,184.858,184.965,0,0
2014-11-26,09:00:00,184.967,184.995,184.734,184.944,0,0
2014-11-26,10:00:00,184.939,185.329,184.87,185.026,0,0
2014-11-26,11:00:00,185.056,185.151,184.725,184.959,0,0
2014-11-26,12:00:00,184.956,185.328,184.827,185.173,0,0
2014-11-26,13:00:00,185.171,185.362,185.121,185.354,0,0
2014-11-26,14:00:00,185.352,185.746,185.334,185.666,0,0
2014-11-26,15:00:00,185.663,185.862,185.571,185.693,0,0
2014-11-26,16:00:00,185.7,185.822,185.63,185.676,0,0
2014-11-26,17:00:00,185.683,185.684,185.341,185.585,0,0
2014-11-26,18:00:00,185.589,185.655,185.468,185.593,0,0
2014-11-26,19:00:00,185.592,185.756,185.547,185.674,0,0
2014-11-26,20:00:00,185.669,186.06,185.653,186.032,0,0
2014-11-26,21:00:00,186.026,186.056,185.911,185.911,0,0
2014-11-26,22:00:00,185.912,185.998,185.88,185.887,0,0
2014-11-26,23:00:00,185.921,185.926,185.819,185.895,0,0
2014-11-26,23:59:00,185.88,185.924,185.632,185.66,0,0
2014-11-27,01:00:00,185.689,185.765,185.631,185.647,0,0
2014-11-27,02:00:00,185.649,185.781,185.426,185.499,0,0
2014-11-27,03:00:00,185.5,185.616,185.436,185.436,0,0
2014-11-27,04:00:00,185.438,185.647,185.438,185.561,0,0
2014-11-27,05:00:00,185.542,185.572,185.212,185.269,0,0
2014-11-27,06:00:00,185.297,185.41,185.164,185.207,0,0
2014-11-27,07:00:00,185.207,185.326,185.081,185.124,0,0
2014-11-27,08:00:00,185.148,185.424,185.093,185.388,0,0
2014-11-27,09:00:00,185.388,185.667,185.324,185.473,0,0
2014-11-27,10:00:00,185.473,185.473,185.148,185.292,0,0
2014-11-27,11:00:00,185.291,185.291,184.97,185.026,0,0
2014-11-27,12:00:00,185.027,185.265,185.006,185.015,0,0
2014-11-27,13:00:00,185.015,185.192,185.015,185.11,0,0
2014-11-27,14:00:00,185.099,185.187,184.997,185.132,0,0
2014-11-27,15:00:00,185.116,185.198,184.973,185.021,0,0
2014-11-27,16:00:00,185.027,185.322,185.012,185.271,0,0
2014-11-27,17:00:00,185.277,185.44,185.18,185.202,0,0
2014-11-27,18:00:00,185.198,185.319,185.04,185.074,0,0
2014-11-27,19:00:00,185.079,185.171,185,185.115,0,0
2014-11-27,20:00:00,185.108,185.29,185.082,185.27,0,0
2014-11-27,21:00:00,185.264,185.361,185.234,185.313,0,0
2014-11-27,22:00:00,185.33,185.358,185.128,185.258,0,0
2014-11-27,23:00:00,185.248,185.318,185.161,185.162,0,0
2014-11-27,23:59:00,185.209,185.517,185.177,185.275,0,0
2014-11-28,01:00:00,185.28,185.424,185.222,185.342,0,0
2014-11-28,02:00:00,185.322,185.687,185.281,185.684,0,0
2014-11-28,03:00:00,185.686,185.836,185.627,185.744,0,0
2014-11-28,04:00:00,185.75,185.841,185.672,185.785,0,0
2014-11-28,05:00:00,185.794,185.837,185.73,185.805,0,0
2014-11-28,06:00:00,185.791,185.848,185.739,185.754,0,0
2014-11-28,07:00:00,185.752,185.774,185.656,185.679,0,0
2014-11-28,08:00:00,185.683,185.715,185.485,185.581,0,0
2014-11-28,09:00:00,185.578,185.688,185.374,185.396,0,0
2014-11-28,10:00:00,185.395,185.534,185.273,185.403,0,0
2014-11-28,11:00:00,185.406,185.648,185.33,185.488,0,0
2014-11-28,12:00:00,185.48,185.753,185.33,185.4,0,0
2014-11-28,13:00:00,185.406,185.645,185.253,185.622,0,0
2014-11-28,14:00:00,185.623,185.767,185.486,185.631,0,0
2014-11-28,15:00:00,185.625,185.825,185.581,185.797,0,0
2014-11-28,16:00:00,185.79,185.82,185.579,185.631,0,0
2014-11-28,17:00:00,185.646,185.844,185.279,185.844,0,0
2014-11-28,18:00:00,185.842,185.859,185.496,185.593,0,0
2014-11-28,19:00:00,185.585,185.615,185.325,185.38,0,0
2014-11-28,20:00:00,185.42,185.466,185.19,185.466,0,0
2014-11-28,21:00:00,185.471,185.601,185.345,185.545,0,0
2014-11-28,22:00:00,185.55,185.601,185.462,185.5,0,0
2014-11-28,23:00:00,185.512,185.555,185.512,185.55,0,0
2014-12-01,01:00:00,185.727,185.779,185.421,185.509,0,0
2014-12-01,02:00:00,185.494,185.623,185.3,185.501,0,0
2014-12-01,03:00:00,185.498,185.708,185.441,185.509,0,0
2014-12-01,04:00:00,185.512,185.639,185.374,185.556,0,0
2014-12-01,05:00:00,185.562,185.64,185.484,185.639,0,0
2014-12-01,06:00:00,185.624,185.63,185.525,185.588,0,0
2014-12-01,07:00:00,185.593,185.622,185.532,185.572,0,0
2014-12-01,08:00:00,185.582,185.757,185.543,185.757,0,0
2014-12-01,09:00:00,185.762,185.784,185.252,185.271,0,0
2014-12-01,10:00:00,185.245,186.273,185.212,185.36,0,0
2014-12-01,11:00:00,185.398,185.566,185,185.463,0,0
2014-12-01,12:00:00,185.467,186.193,185.467,186.146,0,0
2014-12-01,13:00:00,186.148,186.244,186.02,186.046,0,0
2014-12-01,14:00:00,186.039,186.118,185.902,185.932,0,0
2014-12-01,15:00:00,185.924,186.247,185.919,186.087,0,0
2014-12-01,16:00:00,186.078,186.168,185.649,185.692,0,0
2014-12-01,17:00:00,185.682,186.051,185.642,185.976,0,0
2014-12-01,18:00:00,185.954,186.053,185.881,185.921,0,0
2014-12-01,19:00:00,185.939,186.198,185.82,186.18,0,0
2014-12-01,20:00:00,186.182,186.285,186.059,186.27,0,0
2014-12-01,21:00:00,186.257,186.274,186.085,186.11,0,0
2014-12-01,22:00:00,186.116,186.227,186.116,186.177,0,0
2014-12-01,23:00:00,186.188,186.245,186.128,186.176,0,0
2014-12-01,23:59:00,186.189,186.2,186.028,186.041,0,0
2014-12-02,01:00:00,186.057,186.144,186.008,186.113,0,0
2014-12-02,02:00:00,186.115,186.302,185.987,186.149,0,0
2014-12-02,03:00:00,186.16,186.309,186.137,186.214,0,0
2014-12-02,04:00:00,186.216,186.333,186.169,186.247,0,0
2014-12-02,05:00:00,186.247,186.309,186.204,186.266,0,0
2014-12-02,06:00:00,186.264,186.319,186.164,186.23,0,0
2014-12-02,07:00:00,186.238,186.316,186.187,186.197,0,0
2014-12-02,08:00:00,186.203,186.449,186.123,186.439,0,0
2014-12-02,09:00:00,186.432,186.657,186.316,186.648,0,0
2014-12-02,10:00:00,186.627,186.805,186.45,186.748,0,0
2014-12-02,11:00:00,186.746,186.8,186.587,186.763,0,0
2014-12-02,12:00:00,186.765,186.88,186.539,186.548,0,0
2014-12-02,13:00:00,186.557,186.679,186.471,186.489,0,0
2014-12-02,14:00:00,186.506,186.645,186.221,186.559,0,0
2014-12-02,15:00:00,186.556,186.68,186.445,186.562,0,0
2014-12-02,16:00:00,186.546,186.583,186.412,186.466,0,0
2014-12-02,17:00:00,186.454,186.604,186.371,186.403,0,0
2014-12-02,18:00:00,186.406,186.423,186.229,186.367,0,0
2014-12-02,19:00:00,186.347,186.519,186.285,186.409,0,0
2014-12-02,20:00:00,186.415,186.483,186.311,186.433,0,0
2014-12-02,21:00:00,186.432,186.433,186.31,186.414,0,0
2014-12-02,22:00:00,186.413,186.472,186.38,186.438,0,0
2014-12-02,23:00:00,186.404,186.455,186.366,186.366,0,0
2014-12-02,23:59:00,186.36,186.472,186.36,186.377,0,0
2014-12-03,01:00:00,186.384,186.479,186.34,186.44,0,0
2014-12-03,02:00:00,186.441,186.606,186.334,186.542,0,0
2014-12-03,03:00:00,186.545,186.779,186.531,186.656,0,0
2014-12-03,04:00:00,186.654,186.746,186.615,186.742,0,0
2014-12-03,05:00:00,186.741,186.763,186.62,186.657,0,0
2014-12-03,06:00:00,186.655,186.668,186.412,186.466,0,0
2014-12-03,07:00:00,186.469,186.508,186.332,186.422,0,0
2014-12-03,08:00:00,186.434,186.626,186.41,186.557,0,0
2014-12-03,09:00:00,186.562,186.675,186.32,186.402,0,0
2014-12-03,10:00:00,186.411,186.625,186.237,186.547,0,0
2014-12-03,11:00:00,186.546,186.891,186.542,186.791,0,0
2014-12-03,12:00:00,186.772,187.01,186.739,186.993,0,0
2014-12-03,13:00:00,186.98,187.062,186.858,186.97,0,0
2014-12-03,14:00:00,186.976,187.178,186.972,187.077,0,0
2014-12-03,15:00:00,187.087,187.286,187.035,187.132,0,0
2014-12-03,16:00:00,187.129,187.713,187.037,187.713,0,0
2014-12-03,17:00:00,187.701,188.034,187.634,187.947,0,0
2014-12-03,18:00:00,187.928,188.14,187.885,188.053,0,0
2014-12-03,19:00:00,188.057,188.116,188.006,188.085,0,0
2014-12-03,20:00:00,188.088,188.093,187.855,187.946,0,0
2014-12-03,21:00:00,187.942,187.975,187.841,187.888,0,0
2014-12-03,22:00:00,187.89,187.927,187.818,187.855,0,0
2014-12-03,23:00:00,187.861,187.913,187.815,187.853,0,0
2014-12-03,23:59:00,187.855,187.93,187.812,187.876,0,0
2014-12-04,01:00:00,187.874,188.083,187.846,188.044,0,0
2014-12-04,02:00:00,188.029,188.141,187.96,188.089,0,0
2014-12-04,03:00:00,188.086,188.105,187.875,187.983,0,0
2014-12-04,04:00:00,187.978,188.077,187.951,188.064,0,0
2014-12-04,05:00:00,188.069,188.08,187.968,188.001,0,0
2014-12-04,06:00:00,188.003,188.046,187.955,188,0,0
2014-12-04,07:00:00,187.998,188.041,187.877,187.942,0,0
2014-12-04,08:00:00,187.918,188.042,187.837,187.976,0,0
2014-12-04,09:00:00,187.978,188.182,187.918,188.087,0,0
2014-12-04,10:00:00,188.081,188.163,187.898,187.954,0,0
2014-12-04,11:00:00,187.962,188.033,187.82,187.94,0,0
2014-12-04,12:00:00,187.932,188.185,187.929,188.164,0,0
2014-12-04,13:00:00,188.168,188.175,187.858,187.957,0,0
2014-12-04,14:00:00,187.968,188.004,187.712,187.726,0,0
2014-12-04,15:00:00,187.718,188.146,187.561,187.927,0,0
2014-12-04,16:00:00,187.939,188.058,187.578,187.647,0,0
2014-12-04,17:00:00,187.663,188.126,187.663,187.878,0,0
2014-12-04,18:00:00,187.918,187.997,187.583,187.891,0,0
2014-12-04,19:00:00,187.903,187.937,187.677,187.738,0,0
2014-12-04,20:00:00,187.738,187.881,187.695,187.8,0,0
2014-12-04,21:00:00,187.795,187.817,187.678,187.698,0,0
2014-12-04,22:00:00,187.677,187.726,187.591,187.726,0,0
2014-12-04,23:00:00,187.726,187.736,187.631,187.69,0,0
2014-12-04,23:59:00,187.689,187.784,187.666,187.728,0,0
2014-12-05,01:00:00,187.729,187.878,187.681,187.794,0,0
2014-12-05,02:00:00,187.787,187.801,187.276,187.519,0,0
2014-12-05,03:00:00,187.54,187.694,187.501,187.682,0,0
2014-12-05,04:00:00,187.681,187.724,187.623,187.667,0,0
2014-12-05,05:00:00,187.668,187.741,187.649,187.677,0,0
2014-12-05,06:00:00,187.677,187.782,187.65,187.682,0,0
2014-12-05,07:00:00,187.691,187.707,187.466,187.466,0,0
2014-12-05,08:00:00,187.472,187.824,187.469,187.775,0,0
2014-12-05,09:00:00,187.777,188.131,187.64,188.028,0,0
2014-12-05,10:00:00,188.024,188.261,187.963,188.248,0,0
2014-12-05,11:00:00,188.256,188.618,188.246,188.563,0,0
2014-12-05,12:00:00,188.564,188.792,188.557,188.739,0,0
2014-12-05,13:00:00,188.73,189.243,188.73,189.119,0,0
2014-12-05,14:00:00,189.105,189.205,188.987,189.015,0,0
2014-12-05,15:00:00,189.017,189.65,188.419,189.43,0,0
2014-12-05,16:00:00,189.431,189.562,189.156,189.54,0,0
2014-12-05,17:00:00,189.51,189.562,189.25,189.25,0,0
2014-12-05,18:00:00,189.247,189.42,189.154,189.29,0,0
2014-12-05,19:00:00,189.288,189.496,189.214,189.426,0,0
2014-12-05,20:00:00,189.407,189.461,189.28,189.296,0,0
2014-12-05,21:00:00,189.308,189.309,189.036,189.116,0,0
2014-12-05,22:00:00,189.116,189.206,189.043,189.062,0,0
2014-12-05,23:00:00,189.034,189.034,189.005,189.029,0,0
2014-12-08,01:00:00,189.549,189.565,189.169,189.254,0,0
2014-12-08,02:00:00,189.25,189.401,189.126,189.218,0,0
2014-12-08,03:00:00,189.217,189.306,188.977,189.27,0,0
2014-12-08,04:00:00,189.268,189.303,189.16,189.257,0,0
2014-12-08,05:00:00,189.263,189.267,189.11,189.15,0,0
2014-12-08,06:00:00,189.147,189.147,188.964,189.06,0,0
2014-12-08,07:00:00,189.042,189.117,189.015,189.063,0,0
2014-12-08,08:00:00,189.074,189.075,188.659,188.784,0,0
2014-12-08,09:00:00,188.789,188.877,188.587,188.624,0,0
2014-12-08,10:00:00,188.624,188.827,188.435,188.692,0,0
2014-12-08,11:00:00,188.697,188.73,188.385,188.717,0,0
2014-12-08,12:00:00,188.724,189.04,188.627,188.887,0,0
2014-12-08,13:00:00,188.896,189.217,188.853,189.068,0,0
2014-12-08,14:00:00,189.069,189.095,188.791,189.095,0,0
2014-12-08,15:00:00,189.092,189.159,188.685,188.788,0,0
2014-12-08,16:00:00,188.782,189.048,188.625,188.904,0,0
2014-12-08,17:00:00,188.898,188.971,188.667,188.8,0,0
2014-12-08,18:00:00,188.822,189.001,188.75,188.842,0,0
2014-12-08,19:00:00,188.842,188.951,188.717,188.78,0,0
2014-12-08,20:00:00,188.773,188.84,188.506,188.716,0,0
2014-12-08,21:00:00,188.718,188.787,188.41,188.667,0,0
2014-12-08,22:00:00,188.676,188.809,188.567,188.735,0,0
2014-12-08,23:00:00,188.719,188.953,188.719,188.855,0,0
2014-12-08,23:59:00,188.845,188.932,188.588,188.656,0,0
2014-12-09,01:00:00,188.664,188.932,188.609,188.76,0,0
2014-12-09,02:00:00,188.761,189.162,188.761,189.111,0,0
2014-12-09,03:00:00,189.119,189.135,188.718,188.813,0,0
2014-12-09,04:00:00,188.832,188.889,188.716,188.791,0,0
2014-12-09,05:00:00,188.797,188.923,187.949,188.042,0,0
2014-12-09,06:00:00,188.018,188.124,187.755,187.916,0,0
2014-12-09,07:00:00,187.909,188.073,187.783,187.844,0,0
2014-12-09,08:00:00,187.854,187.97,187.504,187.7,0,0
2014-12-09,09:00:00,187.702,188.048,187.605,187.674,0,0
2014-12-09,10:00:00,187.653,187.879,187.509,187.683,0,0
2014-12-09,11:00:00,187.682,187.946,187.449,187.668,0,0
2014-12-09,12:00:00,187.665,187.765,187.519,187.519,0,0
2014-12-09,13:00:00,187.528,187.828,187.452,187.615,0,0
2014-12-09,14:00:00,187.618,187.686,187.249,187.323,0,0
2014-12-09,15:00:00,187.324,187.401,187.107,187.336,0,0
2014-12-09,16:00:00,187.333,187.362,186.489,186.568,0,0
2014-12-09,17:00:00,186.571,186.693,185.154,186.579,0,0
2014-12-09,18:00:00,186.65,187.082,186.504,186.511,0,0
2014-12-09,19:00:00,186.508,187.054,186.47,187.032,0,0
2014-12-09,20:00:00,187.062,187.142,186.955,187.047,0,0
2014-12-09,21:00:00,187.047,187.155,186.857,187.094,0,0
2014-12-09,22:00:00,187.084,187.523,187.074,187.358,0,0
2014-12-09,23:00:00,187.33,187.501,187.273,187.485,0,0
2014-12-09,23:59:00,187.473,187.479,187.131,187.311,0,0
2014-12-10,01:00:00,187.31,187.594,186.844,187.153,0,0
2014-12-10,02:00:00,187.144,187.414,186.93,187.193,0,0
2014-12-10,03:00:00,187.188,187.765,187.155,187.649,0,0
2014-12-10,04:00:00,187.65,187.779,186.983,187.167,0,0
2014-12-10,05:00:00,187.156,187.296,186.784,186.855,0,0
2014-12-10,06:00:00,186.856,187.009,186.126,186.308,0,0
2014-12-10,07:00:00,186.311,186.88,186.155,186.763,0,0
2014-12-10,08:00:00,186.738,187.01,186.543,186.828,0,0
2014-12-10,09:00:00,186.835,187.033,186.527,186.741,0,0
2014-12-10,10:00:00,186.741,187.069,186.675,186.838,0,0
2014-12-10,11:00:00,186.84,186.952,186.551,186.632,0,0
2014-12-10,12:00:00,186.63,186.906,186.63,186.751,0,0
2014-12-10,13:00:00,186.745,187.269,186.709,187.244,0,0
2014-12-10,14:00:00,187.241,187.241,186.655,186.692,0,0
2014-12-10,15:00:00,186.707,186.947,186.417,186.673,0,0
2014-12-10,16:00:00,186.669,186.776,186.312,186.312,0,0
2014-12-10,17:00:00,186.321,186.408,185.807,186.354,0,0
2014-12-10,18:00:00,186.357,186.397,185.827,185.865,0,0
2014-12-10,19:00:00,185.852,186.2,185.603,186.066,0,0
2014-12-10,20:00:00,186.082,186.178,185.57,185.578,0,0
2014-12-10,21:00:00,185.572,185.826,185.231,185.45,0,0
2014-12-10,22:00:00,185.421,185.92,184.919,185.347,0,0
2014-12-10,23:00:00,185.363,185.425,185.034,185.102,0,0
2014-12-10,23:59:00,185.111,185.346,185.106,185.313,0,0
2014-12-11,01:00:00,185.304,185.39,184.927,185.17,0,0
2014-12-11,02:00:00,185.178,185.395,184.94,185.256,0,0
2014-12-11,03:00:00,185.239,185.901,185.122,185.797,0,0
2014-12-11,04:00:00,185.802,185.829,185.442,185.548,0,0
2014-12-11,05:00:00,185.535,185.535,185.237,185.47,0,0
2014-12-11,06:00:00,185.461,185.645,185.315,185.627,0,0
2014-12-11,07:00:00,185.636,185.782,185.544,185.635,0,0
2014-12-11,08:00:00,185.635,185.922,185.52,185.576,0,0
2014-12-11,09:00:00,185.574,185.712,185.202,185.351,0,0
2014-12-11,10:00:00,185.361,185.637,185.216,185.329,0,0
2014-12-11,11:00:00,185.332,186.076,185.17,185.941,0,0
2014-12-11,12:00:00,185.924,186.01,185.567,185.856,0,0
2014-12-11,13:00:00,185.841,185.978,185.58,185.642,0,0
2014-12-11,14:00:00,185.651,185.869,185.483,185.854,0,0
2014-12-11,15:00:00,185.861,186.114,185.554,186.078,0,0
2014-12-11,16:00:00,186.085,186.874,186.085,186.758,0,0
2014-12-11,17:00:00,186.769,187.424,186.766,187.424,0,0
2014-12-11,18:00:00,187.414,187.636,187.35,187.537,0,0
2014-12-11,19:00:00,187.538,187.58,187.424,187.424,0,0
2014-12-11,20:00:00,187.399,187.7,187.273,187.618,0,0
2014-12-11,21:00:00,187.616,187.65,186.911,186.918,0,0
2014-12-11,22:00:00,186.909,187.449,186.903,187.12,0,0
2014-12-11,23:00:00,187.12,187.12,186.538,186.588,0,0
2014-12-11,23:59:00,186.6,187.067,186.6,186.885,0,0
2014-12-12,01:00:00,186.876,187.264,186.876,187.006,0,0
2014-12-12,02:00:00,187.001,187.155,186.723,186.898,0,0
2014-12-12,03:00:00,186.882,187.302,186.841,187.077,0,0
2014-12-12,04:00:00,187.095,187.14,186.825,186.856,0,0
2014-12-12,05:00:00,186.872,186.962,186.779,186.91,0,0
2014-12-12,06:00:00,186.91,186.91,186.336,186.503,0,0
2014-12-12,07:00:00,186.513,186.896,186.44,186.896,0,0
2014-12-12,08:00:00,186.876,186.983,186.634,186.9,0,0
2014-12-12,09:00:00,186.896,187.023,186.542,186.566,0,0
2014-12-12,10:00:00,186.578,186.643,186.021,186.072,0,0
2014-12-12,11:00:00,186.07,186.165,185.549,185.871,0,0
2014-12-12,12:00:00,185.855,186.105,185.707,185.874,0,0
2014-12-12,13:00:00,185.873,185.998,185.676,185.877,0,0
2014-12-12,14:00:00,185.872,186.383,185.825,185.917,0,0
2014-12-12,15:00:00,185.901,186.235,185.764,186.156,0,0
2014-12-12,16:00:00,186.161,187.079,186.121,187.016,0,0
2014-12-12,17:00:00,187.025,187.087,186.01,186.01,0,0
2014-12-12,18:00:00,186.056,186.443,185.856,185.883,0,0
2014-12-12,19:00:00,185.884,186.213,185.852,186.005,0,0
2014-12-12,20:00:00,186.017,186.496,185.942,186.493,0,0
2014-12-12,21:00:00,186.491,186.555,186.282,186.512,0,0
2014-12-12,22:00:00,186.49,186.504,186.275,186.463,0,0
2014-12-12,23:00:00,186.46,186.48,186.454,186.458,0,0
2014-12-15,01:00:00,185.922,186.231,185.272,185.75,0,0
2014-12-15,02:00:00,185.75,186.473,185.429,186.286,0,0
2014-12-15,03:00:00,186.28,186.994,186.048,186.669,0,0
2014-12-15,04:00:00,186.648,186.676,186.22,186.457,0,0
2014-12-15,05:00:00,186.462,186.573,186.134,186.375,0,0
2014-12-15,06:00:00,186.366,186.533,186.351,186.449,0,0
2014-12-15,07:00:00,186.44,186.521,186.24,186.338,0,0
2014-12-15,08:00:00,186.32,186.507,185.868,186.101,0,0
2014-12-15,09:00:00,186.106,186.27,185.928,185.977,0,0
2014-12-15,10:00:00,185.969,186.374,185.953,186.33,0,0
2014-12-15,11:00:00,186.344,186.569,186.075,186.197,0,0
2014-12-15,12:00:00,186.202,186.202,185.733,185.787,0,0
2014-12-15,13:00:00,185.778,186.118,185.695,186.011,0,0
2014-12-15,14:00:00,186.008,186.331,185.953,186.198,0,0
2014-12-15,15:00:00,186.195,186.26,185.504,185.785,0,0
2014-12-15,16:00:00,185.791,186.072,185.617,185.664,0,0
2014-12-15,17:00:00,185.654,185.654,184.468,184.808,0,0
2014-12-15,18:00:00,184.797,184.849,184.089,184.36,0,0
2014-12-15,19:00:00,184.371,184.919,184.338,184.722,0,0
2014-12-15,20:00:00,184.707,184.745,184.151,184.248,0,0
2014-12-15,21:00:00,184.218,184.283,183.798,184.087,0,0
2014-12-15,22:00:00,184.074,184.149,183.927,183.996,0,0
2014-12-15,23:00:00,183.97,184.354,183.95,184.185,0,0
2014-12-15,23:59:00,184.189,184.556,184.166,184.296,0,0
2014-12-16,01:00:00,184.286,184.418,184.079,184.181,0,0
2014-12-16,02:00:00,184.158,184.38,183.984,184.181,0,0
2014-12-16,03:00:00,184.212,184.361,184.048,184.105,0,0
2014-12-16,04:00:00,184.045,184.299,183.968,184.114,0,0
2014-12-16,05:00:00,184.101,184.125,183.622,183.645,0,0
2014-12-16,06:00:00,183.649,183.822,183.569,183.792,0,0
2014-12-16,07:00:00,183.775,183.8,183.368,183.433,0,0
2014-12-16,08:00:00,183.433,183.902,183.39,183.819,0,0
2014-12-16,09:00:00,183.803,183.881,183.582,183.643,0,0
2014-12-16,10:00:00,183.636,183.729,182.49,182.669,0,0
2014-12-16,11:00:00,182.65,182.989,181.584,182.942,0,0
2014-12-16,12:00:00,182.957,183.439,182.873,183.43,0,0
2014-12-16,13:00:00,183.43,183.43,182.097,182.125,0,0
2014-12-16,14:00:00,182.12,183.016,181.926,182.534,0,0
2014-12-16,15:00:00,182.534,183.412,182.534,182.963,0,0
2014-12-16,16:00:00,182.98,183.539,182.674,183.48,0,0
2014-12-16,17:00:00,183.476,184.29,183.38,184.275,0,0
2014-12-16,18:00:00,184.305,185.038,184.084,184.489,0,0
2014-12-16,19:00:00,184.492,184.885,184.405,184.754,0,0
2014-12-16,20:00:00,184.742,184.968,184.284,184.582,0,0
2014-12-16,21:00:00,184.607,184.674,184.283,184.317,0,0
2014-12-16,22:00:00,184.29,184.442,183.421,183.462,0,0
2014-12-16,23:00:00,183.485,183.63,183.004,183.265,0,0
2014-12-16,23:59:00,183.288,183.565,183.097,183.424,0,0
2014-12-17,01:00:00,183.42,183.777,183.381,183.576,0,0
2014-12-17,02:00:00,183.558,184.171,183.396,183.989,0,0
2014-12-17,03:00:00,183.984,184.078,183.545,183.576,0,0
2014-12-17,04:00:00,183.564,183.701,183.174,183.622,0,0
2014-12-17,05:00:00,183.614,183.995,183.433,183.915,0,0
2014-12-17,06:00:00,183.907,184.075,183.728,183.759,0,0
2014-12-17,07:00:00,183.769,184.079,183.67,184.056,0,0
2014-12-17,08:00:00,184.054,184.292,183.87,184.234,0,0
2014-12-17,09:00:00,184.249,184.463,183.897,184.383,0,0
2014-12-17,10:00:00,184.392,184.645,183.814,183.999,0,0
2014-12-17,11:00:00,183.994,184.317,183.593,183.914,0,0
2014-12-17,12:00:00,183.94,184.322,183.905,184.035,0,0
2014-12-17,13:00:00,184.023,184.249,183.907,184.224,0,0
2014-12-17,14:00:00,184.248,184.28,183.906,184.019,0,0
2014-12-17,15:00:00,184.017,184.113,183.807,183.849,0,0
2014-12-17,16:00:00,183.904,184.126,183.639,183.856,0,0
2014-12-17,17:00:00,183.87,184.159,183.461,183.631,0,0
2014-12-17,18:00:00,183.622,184.177,183.517,184.108,0,0
2014-12-17,19:00:00,184.116,184.363,183.743,184.044,0,0
2014-12-17,20:00:00,184.07,184.115,183.477,184.015,0,0
2014-12-17,21:00:00,184.032,184.919,183.172,184.379,0,0
2014-12-17,22:00:00,184.409,184.977,184.284,184.738,0,0
2014-12-17,23:00:00,184.769,184.957,184.595,184.724,0,0
2014-12-17,23:59:00,184.737,185.034,184.723,185.029,0,0
2014-12-18,01:00:00,185.032,185.269,184.86,184.904,0,0
2014-12-18,02:00:00,184.904,185.102,184.748,184.828,0,0
2014-12-18,03:00:00,184.843,185.004,184.709,184.901,0,0
2014-12-18,04:00:00,184.889,184.983,184.614,184.776,0,0
2014-12-18,05:00:00,184.779,184.791,184.554,184.771,0,0
2014-12-18,06:00:00,184.772,184.822,184.582,184.663,0,0
2014-12-18,07:00:00,184.688,184.702,184.444,184.645,0,0
2014-12-18,08:00:00,184.652,184.924,184.646,184.857,0,0
2014-12-18,09:00:00,184.858,185.051,184.583,184.733,0,0
2014-12-18,10:00:00,184.734,184.897,184.379,184.541,0,0
2014-12-18,11:00:00,184.487,185.843,184.467,185.32,0,0
2014-12-18,12:00:00,185.295,185.663,185.207,185.515,0,0
2014-12-18,13:00:00,185.501,185.735,185.391,185.556,0,0
2014-12-18,14:00:00,185.554,185.91,185.554,185.726,0,0
2014-12-18,15:00:00,185.713,186.091,185.442,186.073,0,0
2014-12-18,16:00:00,186.09,186.434,186.017,186.425,0,0
2014-12-18,17:00:00,186.416,186.675,185.811,185.811,0,0
2014-12-18,18:00:00,185.755,186.152,185.501,186.069,0,0
2014-12-18,19:00:00,186.029,186.359,186.019,186.359,0,0
2014-12-18,20:00:00,186.353,186.362,186.038,186.166,0,0
2014-12-18,21:00:00,186.16,186.179,185.844,186.157,0,0
2014-12-18,22:00:00,186.164,186.198,185.993,186.117,0,0
2014-12-18,23:00:00,186.134,186.236,186.023,186.17,0,0
2014-12-18,23:59:00,186.184,186.399,186.148,186.319,0,0
2014-12-19,01:00:00,186.362,186.484,186.238,186.322,0,0
2014-12-19,02:00:00,186.308,186.34,186.135,186.34,0,0
2014-12-19,03:00:00,186.34,186.378,186.027,186.123,0,0
2014-12-19,04:00:00,186.123,186.371,186.121,186.341,0,0
2014-12-19,05:00:00,186.352,186.815,186.235,186.733,0,0
2014-12-19,06:00:00,186.733,186.794,186.553,186.553,0,0
2014-12-19,07:00:00,186.531,186.832,186.527,186.781,0,0
2014-12-19,08:00:00,186.781,186.975,186.484,186.696,0,0
2014-12-19,09:00:00,186.69,186.92,186.483,186.592,0,0
2014-12-19,10:00:00,186.604,187.2,186.528,186.845,0,0
2014-12-19,11:00:00,186.867,187.169,186.682,186.814,0,0
2014-12-19,12:00:00,186.837,187.018,186.659,186.834,0,0
2014-12-19,13:00:00,186.843,186.911,186.389,186.389,0,0
2014-12-19,14:00:00,186.381,186.705,186.289,186.601,0,0
2014-12-19,15:00:00,186.598,186.731,186.108,186.336,0,0
2014-12-19,16:00:00,186.342,186.747,186.325,186.584,0,0
2014-12-19,17:00:00,186.589,186.785,186.498,186.694,0,0
2014-12-19,18:00:00,186.713,186.85,186.484,186.564,0,0
2014-12-19,19:00:00,186.563,186.669,186.465,186.594,0,0
2014-12-19,20:00:00,186.594,186.75,186.562,186.738,0,0
2014-12-19,21:00:00,186.746,186.819,186.702,186.817,0,0
2014-12-19,22:00:00,186.818,186.976,186.71,186.794,0,0
2014-12-19,23:00:00,186.804,186.804,186.72,186.744,0,0
2014-12-22,01:00:00,186.763,186.816,186.713,186.727,0,0
2014-12-22,02:00:00,186.727,186.821,186.557,186.587,0,0
2014-12-22,03:00:00,186.587,186.724,186.534,186.63,0,0
2014-12-22,04:00:00,186.646,186.732,186.578,186.645,0,0
2014-12-22,05:00:00,186.645,186.777,186.633,186.746,0,0
2014-12-22,06:00:00,186.746,186.87,186.612,186.822,0,0
2014-12-22,07:00:00,186.811,187.034,186.802,186.924,0,0
2014-12-22,08:00:00,186.95,187.043,186.891,186.918,0,0
2014-12-22,09:00:00,186.915,187.333,186.783,187.246,0,0
2014-12-22,10:00:00,187.26,187.558,187.237,187.275,0,0
2014-12-22,11:00:00,187.275,187.42,187.062,187.156,0,0
2014-12-22,12:00:00,187.156,187.263,187.045,187.231,0,0
2014-12-22,13:00:00,187.163,187.204,186.834,186.901,0,0
2014-12-22,14:00:00,186.908,187.36,186.889,187.294,0,0
2014-12-22,15:00:00,187.278,187.344,187.138,187.309,0,0
2014-12-22,16:00:00,187.309,187.336,187.12,187.28,0,0
2014-12-22,17:00:00,187.201,187.464,187.086,187.378,0,0
2014-12-22,18:00:00,187.346,187.395,187.135,187.149,0,0
2014-12-22,19:00:00,187.149,187.24,187.055,187.075,0,0
2014-12-22,20:00:00,187.081,187.218,187.056,187.155,0,0
2014-12-22,21:00:00,187.155,187.226,187.103,187.113,0,0
2014-12-22,22:00:00,187.049,187.167,186.841,187.007,0,0
2014-12-22,23:00:00,187.055,187.142,186.993,187.135,0,0
2014-12-22,23:59:00,187.123,187.155,187.005,187.091,0,0
2014-12-23,01:00:00,187.115,187.233,187.058,187.158,0,0
2014-12-23,02:00:00,187.165,187.192,187.108,187.139,0,0
2014-12-23,03:00:00,187.133,187.253,187.13,187.184,0,0
2014-12-23,04:00:00,187.184,187.287,187.136,187.274,0,0
2014-12-23,05:00:00,187.286,187.332,187.259,187.291,0,0
2014-12-23,06:00:00,187.291,187.311,187.228,187.298,0,0
2014-12-23,07:00:00,187.301,187.307,187.164,187.176,0,0
2014-12-23,08:00:00,187.218,187.325,187.202,187.249,0,0
2014-12-23,09:00:00,187.249,187.349,187.171,187.224,0,0
2014-12-23,10:00:00,187.227,187.355,187.145,187.269,0,0
2014-12-23,11:00:00,187.272,187.482,186.743,187.072,0,0
2014-12-23,12:00:00,187.072,187.107,186.895,186.922,0,0
2014-12-23,13:00:00,186.907,187.015,186.57,186.853,0,0
2014-12-23,14:00:00,186.853,186.944,186.481,186.544,0,0
2014-12-23,15:00:00,186.536,186.98,186.515,186.842,0,0
2014-12-23,16:00:00,186.842,187.259,186.82,187.103,0,0
2014-12-23,17:00:00,187.123,187.339,186.892,187.332,0,0
2014-12-23,18:00:00,187.318,187.318,187.018,187.231,0,0
2014-12-23,19:00:00,187.236,187.272,187.075,187.104,0,0
2014-12-23,20:00:00,187.113,187.23,187.08,187.205,0,0
2014-12-23,21:00:00,187.204,187.408,187.121,187.373,0,0
2014-12-23,22:00:00,187.344,187.372,187.238,187.292,0,0
2014-12-23,23:00:00,187.254,187.351,187.058,187.265,0,0
2014-12-23,23:59:00,187.263,187.333,187.173,187.281,0,0
2014-12-24,01:00:00,187.286,187.365,187.239,187.276,0,0
2014-12-24,02:00:00,187.276,187.335,187.087,187.087,0,0
2014-12-24,03:00:00,187.088,187.121,186.93,186.943,0,0
2014-12-24,04:00:00,186.94,186.964,186.625,186.681,0,0
2014-12-24,05:00:00,186.71,186.861,186.681,186.833,0,0
2014-12-24,06:00:00,186.833,186.834,186.64,186.754,0,0
2014-12-24,07:00:00,186.754,186.841,186.702,186.81,0,0
2014-12-24,08:00:00,186.832,186.934,186.769,186.861,0,0
2014-12-24,09:00:00,186.856,187.131,186.77,187.099,0,0
2014-12-24,10:00:00,187.099,187.311,187.063,187.256,0,0
2014-12-24,11:00:00,187.258,187.284,187.011,187.233,0,0
2014-12-24,12:00:00,187.237,187.344,187.144,187.272,0,0
2014-12-24,13:00:00,187.272,187.364,187.137,187.193,0,0
2014-12-24,14:00:00,187.178,187.242,186.998,186.998,0,0
2014-12-24,15:00:00,187.007,187.255,186.968,187.125,0,0
2014-12-24,16:00:00,187.146,187.296,187.075,187.249,0,0
2014-12-24,17:00:00,187.198,187.33,187.113,187.33,0,0
2014-12-24,18:00:00,187.33,187.447,187.229,187.27,0,0
2014-12-24,19:00:00,187.262,187.346,187.149,187.29,0,0
2014-12-24,20:00:00,187.305,187.383,187.165,187.205,0,0
2014-12-24,21:00:00,187.176,187.397,187.17,187.356,0,0
2014-12-24,22:00:00,187.37,187.505,187.319,187.319,0,0
2014-12-24,23:00:00,187.319,187.462,187.318,187.352,0,0
2014-12-24,23:59:00,187.308,187.441,187.283,187.405,0,0
2014-12-26,01:00:00,187.264,187.333,186.961,187.224,0,0
2014-12-26,02:00:00,187.224,187.301,187.067,187.221,0,0
2014-12-26,03:00:00,187.09,187.148,186.991,187.12,0,0
2014-12-26,04:00:00,187.123,187.145,186.974,186.99,0,0
2014-12-26,05:00:00,186.984,187.011,186.949,186.988,0,0
2014-12-26,06:00:00,186.984,187.079,186.956,186.961,0,0
2014-12-26,07:00:00,186.955,187.016,186.924,186.924,0,0
2014-12-26,08:00:00,186.915,187.068,186.915,187.06,0,0
2014-12-26,09:00:00,187.057,187.179,186.995,187.174,0,0
2014-12-26,10:00:00,187.172,187.239,187.123,187.191,0,0
2014-12-26,11:00:00,187.181,187.201,187.052,187.135,0,0
2014-12-26,12:00:00,187.133,187.145,186.986,187.01,0,0
2014-12-26,13:00:00,187.064,187.22,187.064,187.152,0,0
2014-12-26,14:00:00,187.164,187.193,187.037,187.101,0,0
2014-12-26,15:00:00,187.1,187.298,187.036,187.285,0,0
2014-12-26,16:00:00,187.285,187.384,187.27,187.334,0,0
2014-12-26,17:00:00,187.32,187.395,187.224,187.389,0,0
2014-12-26,18:00:00,187.389,187.418,187.202,187.21,0,0
2014-12-26,19:00:00,187.207,187.253,187.193,187.213,0,0
2014-12-26,20:00:00,187.25,187.349,187.17,187.17,0,0
2014-12-26,21:00:00,187.17,187.273,187.17,187.256,0,0
2014-12-26,22:00:00,187.253,187.284,187.21,187.245,0,0
2014-12-26,23:00:00,187.245,187.245,187.24,187.24,0,0
2014-12-29,01:00:00,187.184,187.319,187.184,187.247,0,0
2014-12-29,02:00:00,187.251,187.479,187.238,187.479,0,0
2014-12-29,03:00:00,187.474,187.753,187.474,187.753,0,0
2014-12-29,04:00:00,187.758,187.776,187.493,187.511,0,0
2014-12-29,05:00:00,187.492,187.634,187.489,187.581,0,0
2014-12-29,06:00:00,187.581,187.587,187.266,187.332,0,0
2014-12-29,07:00:00,187.328,187.496,187.273,187.409,0,0
2014-12-29,08:00:00,187.413,187.433,187.279,187.401,0,0
2014-12-29,09:00:00,187.417,187.47,187.233,187.293,0,0
2014-12-29,10:00:00,187.293,187.497,187.244,187.484,0,0
2014-12-29,11:00:00,187.482,187.563,187.365,187.417,0,0
2014-12-29,12:00:00,187.357,187.528,187.217,187.341,0,0
2014-12-29,13:00:00,187.318,187.366,187.123,187.219,0,0
2014-12-29,14:00:00,187.219,187.413,187.157,187.413,0,0
2014-12-29,15:00:00,187.409,187.459,187.279,187.279,0,0
2014-12-29,16:00:00,187.278,187.516,187.278,187.438,0,0
2014-12-29,17:00:00,187.448,187.47,187.213,187.231,0,0
2014-12-29,18:00:00,187.226,187.376,187.09,187.113,0,0
2014-12-29,19:00:00,187.157,187.21,187.048,187.19,0,0
2014-12-29,20:00:00,187.196,187.401,187.134,187.401,0,0
2014-12-29,21:00:00,187.401,187.401,187.279,187.348,0,0
2014-12-29,22:00:00,187.348,187.348,187.202,187.202,0,0
2014-12-29,23:00:00,187.216,187.287,187.12,187.196,0,0
2014-12-29,23:59:00,187.196,187.277,187.132,187.141,0,0
2014-12-30,01:00:00,187.174,187.264,187.121,187.146,0,0
2014-12-30,02:00:00,187.146,187.218,187.017,187.022,0,0
2014-12-30,03:00:00,187.03,187.093,186.889,186.917,0,0
2014-12-30,04:00:00,186.942,186.948,186.804,186.886,0,0
2014-12-30,05:00:00,186.888,186.975,186.84,186.946,0,0
2014-12-30,06:00:00,186.949,186.953,186.78,186.895,0,0
2014-12-30,07:00:00,186.891,186.92,186.732,186.732,0,0
2014-12-30,08:00:00,186.732,186.755,186.444,186.564,0,0
2014-12-30,09:00:00,186.533,186.548,185.679,186.004,0,0
2014-12-30,10:00:00,185.986,185.986,185.206,185.683,0,0
2014-12-30,11:00:00,185.62,185.882,185.448,185.853,0,0
2014-12-30,12:00:00,185.853,186.004,185.688,185.897,0,0
2014-12-30,13:00:00,185.894,185.993,185.499,185.5,0,0
2014-12-30,14:00:00,185.5,185.811,185.487,185.687,0,0
2014-12-30,15:00:00,185.677,185.922,185.491,185.61,0,0
2014-12-30,16:00:00,185.628,185.669,185.147,185.312,0,0
2014-12-30,17:00:00,185.311,185.755,184.954,185.743,0,0
2014-12-30,18:00:00,185.743,185.936,185.662,185.824,0,0
2014-12-30,19:00:00,185.809,185.899,185.593,185.84,0,0
2014-12-30,20:00:00,185.839,186.01,185.798,186.01,0,0
2014-12-30,21:00:00,186.01,186.055,185.891,185.973,0,0
2014-12-30,22:00:00,185.969,186.015,185.892,185.941,0,0
2014-12-30,23:00:00,185.921,185.98,185.786,185.877,0,0
2014-12-30,23:59:00,185.88,185.967,185.722,185.823,0,0
2014-12-31,01:00:00,185.815,185.956,185.754,185.955,0,0
2014-12-31,02:00:00,185.917,186.063,185.865,186.035,0,0
2014-12-31,03:00:00,186.055,186.074,185.697,185.771,0,0
2014-12-31,04:00:00,185.764,185.866,185.696,185.797,0,0
2014-12-31,05:00:00,185.765,185.904,185.765,185.904,0,0
2014-12-31,06:00:00,185.887,186.007,185.874,185.978,0,0
2014-12-31,07:00:00,185.997,186.308,185.972,186.294,0,0
2014-12-31,08:00:00,186.296,186.354,186.18,186.245,0,0
2014-12-31,09:00:00,186.211,186.241,185.996,186.127,0,0
2014-12-31,10:00:00,186.142,186.358,186.102,186.18,0,0
2014-12-31,11:00:00,186.15,186.295,186.08,186.163,0,0
2014-12-31,12:00:00,186.163,186.185,185.884,186.055,0,0
2014-12-31,13:00:00,186.177,186.379,186.044,186.244,0,0
2014-12-31,14:00:00,186.244,186.474,186.191,186.274,0,0
2014-12-31,15:00:00,186.246,186.44,186.228,186.364,0,0
2014-12-31,16:00:00,186.41,186.413,185.901,185.914,0,0
2014-12-31,17:00:00,185.928,186.816,185.88,186.808,0,0
2014-12-31,18:00:00,186.897,186.939,186.635,186.688,0,0
2014-12-31,19:00:00,186.688,186.783,186.601,186.644,0,0
2014-12-31,20:00:00,186.706,186.787,186.62,186.73,0,0
2014-12-31,21:00:00,186.73,186.824,186.598,186.782,0,0
2014-12-31,22:00:00,186.812,186.815,186.639,186.65,0,0
2014-12-31,23:00:00,186.649,186.868,186.628,186.823,0,0
2014-12-31,23:59:00,186.796,186.819,186.635,186.758,0,0
2015-01-02,01:00:00,186.701,186.804,186.573,186.763,0,0
2015-01-02,02:00:00,186.757,186.87,186.648,186.863,0,0
2015-01-02,03:00:00,186.864,187.199,186.836,187.059,0,0
2015-01-02,04:00:00,187.052,187.212,187.028,187.055,0,0
2015-01-02,05:00:00,187.055,187.226,186.953,187.139,0,0
2015-01-02,06:00:00,187.179,187.283,187.179,187.208,0,0
2015-01-02,07:00:00,187.208,187.219,187.118,187.205,0,0
2015-01-02,08:00:00,187.205,187.237,187.055,187.157,0,0
2015-01-02,09:00:00,187.157,187.303,187.087,187.143,0,0
2015-01-02,10:00:00,187.143,187.244,186.788,186.917,0,0
2015-01-02,11:00:00,186.917,186.998,186.277,186.381,0,0
2015-01-02,12:00:00,186.374,186.398,185.948,185.98,0,0
2015-01-02,13:00:00,186.002,186.133,185.858,186.02,0,0
2015-01-02,14:00:00,185.995,186.125,185.799,186.072,0,0
2015-01-02,15:00:00,186.073,186.15,185.87,185.928,0,0
2015-01-02,16:00:00,185.928,186.01,185.727,185.8,0,0
2015-01-02,17:00:00,185.718,185.738,184.817,184.984,0,0
2015-01-02,18:00:00,184.984,184.984,184.336,184.641,0,0
2015-01-02,19:00:00,184.641,184.862,184.552,184.631,0,0
2015-01-02,20:00:00,184.653,184.741,184.603,184.72,0,0
2015-01-02,21:00:00,184.701,184.778,184.515,184.58,0,0
2015-01-02,22:00:00,184.544,184.775,184.435,184.744,0,0
2015-01-02,23:00:00,184.744,184.744,184.706,184.706,0,0
2015-01-05,01:00:00,184.17,184.286,183.802,183.985,0,0
2015-01-05,02:00:00,183.98,184.244,183.704,184.094,0,0
2015-01-05,03:00:00,184.092,184.233,183.981,184.228,0,0
2015-01-05,04:00:00,184.23,184.23,183.94,183.971,0,0
2015-01-05,05:00:00,183.982,184.359,183.941,184.359,0,0
2015-01-05,06:00:00,184.369,184.37,184.177,184.253,0,0
2015-01-05,07:00:00,184.253,184.338,183.949,184.042,0,0
2015-01-05,08:00:00,183.985,184.133,183.913,183.95,0,0
2015-01-05,09:00:00,183.966,184.245,183.874,184.06,0,0
2015-01-05,10:00:00,184.049,184.332,184.049,184.175,0,0
2015-01-05,11:00:00,184.176,184.227,183.855,183.981,0,0
2015-01-05,12:00:00,183.98,184.058,183.732,183.75,0,0
2015-01-05,13:00:00,183.747,183.779,183.414,183.463,0,0
2015-01-05,14:00:00,183.436,183.464,182.757,182.776,0,0
2015-01-05,15:00:00,182.741,182.811,182.195,182.208,0,0
2015-01-05,16:00:00,182.218,182.332,181.925,181.965,0,0
2015-01-05,17:00:00,181.965,182.34,181.706,182.268,0,0
2015-01-05,18:00:00,182.248,182.439,182.003,182.256,0,0
2015-01-05,19:00:00,182.256,182.462,182.036,182.088,0,0
2015-01-05,20:00:00,182.061,182.573,182.051,182.51,0,0
2015-01-05,21:00:00,182.51,182.51,182.307,182.314,0,0
2015-01-05,22:00:00,182.314,182.686,182.264,182.507,0,0
2015-01-05,23:00:00,182.505,182.551,182.344,182.42,0,0
2015-01-05,23:59:00,182.42,182.446,181.873,181.934,0,0
2015-01-06,01:00:00,181.933,182.296,181.933,182.186,0,0
2015-01-06,02:00:00,182.186,182.329,181.893,181.895,0,0
2015-01-06,03:00:00,181.891,182.276,181.891,182.261,0,0
2015-01-06,04:00:00,182.273,182.273,181.954,182.137,0,0
2015-01-06,05:00:00,182.137,182.155,182.016,182.112,0,0
2015-01-06,06:00:00,182.017,182.02,181.724,181.926,0,0
2015-01-06,07:00:00,181.926,181.937,181.424,181.534,0,0
2015-01-06,08:00:00,181.497,181.639,181.195,181.275,0,0
2015-01-06,09:00:00,181.275,181.669,181.249,181.469,0,0
2015-01-06,10:00:00,181.482,181.562,180.919,181.183,0,0
2015-01-06,11:00:00,181.183,181.267,180.387,180.605,0,0
2015-01-06,12:00:00,180.609,180.66,180.369,180.66,0,0
2015-01-06,13:00:00,180.661,181.376,180.661,181.256,0,0
2015-01-06,14:00:00,181.256,181.396,180.812,180.89,0,0
2015-01-06,15:00:00,180.89,180.901,180.47,180.641,0,0
2015-01-06,16:00:00,180.618,180.821,180.245,180.315,0,0
2015-01-06,17:00:00,180.315,180.669,180.079,180.097,0,0
2015-01-06,18:00:00,180.067,180.244,179.393,179.397,0,0
2015-01-06,19:00:00,179.397,179.846,179.246,179.749,0,0
2015-01-06,20:00:00,179.746,179.78,179.265,179.78,0,0
2015-01-06,21:00:00,179.775,179.965,179.616,179.846,0,0
2015-01-06,22:00:00,179.875,180.016,179.54,179.54,0,0
2015-01-06,23:00:00,179.533,179.646,179.308,179.339,0,0
2015-01-06,23:59:00,179.342,179.631,179.169,179.522,0,0
2015-01-07,01:00:00,179.515,179.633,179.406,179.588,0,0
2015-01-07,02:00:00,179.588,179.867,179.588,179.645,0,0
2015-01-07,03:00:00,179.649,180.17,179.645,180.154,0,0
2015-01-07,04:00:00,180.23,180.402,180.201,180.253,0,0
2015-01-07,05:00:00,180.25,180.287,180.031,180.203,0,0
2015-01-07,06:00:00,180.214,180.343,180.158,180.201,0,0
2015-01-07,07:00:00,180.197,180.254,179.843,179.949,0,0
2015-01-07,08:00:00,179.946,180.134,179.847,180.11,0,0
2015-01-07,09:00:00,180.127,180.543,180.034,180.29,0,0
2015-01-07,10:00:00,180.29,180.469,180.086,180.109,0,0
2015-01-07,11:00:00,180.109,180.184,179.58,179.672,0,0
2015-01-07,12:00:00,179.656,180.363,179.574,180.262,0,0
2015-01-07,13:00:00,180.267,180.305,180.049,180.136,0,0
2015-01-07,14:00:00,180.136,180.351,180.075,180.274,0,0
2015-01-07,15:00:00,180.267,180.628,180.263,180.351,0,0
2015-01-07,16:00:00,180.367,180.388,179.988,180.255,0,0
2015-01-07,17:00:00,180.338,180.524,179.849,179.867,0,0
2015-01-07,18:00:00,179.914,180.207,179.727,180.139,0,0
2015-01-07,19:00:00,180.139,180.275,180.027,180.274,0,0
2015-01-07,20:00:00,180.274,180.337,179.969,180.053,0,0
2015-01-07,21:00:00,180.03,180.273,179.745,179.85,0,0
2015-01-07,22:00:00,179.899,180.084,179.875,180.017,0,0
2015-01-07,23:00:00,179.997,180.189,179.862,180.16,0,0
2015-01-07,23:59:00,180.16,180.292,180.111,180.241,0,0
2015-01-08,01:00:00,180.232,180.341,180.105,180.185,0,0
2015-01-08,02:00:00,180.199,180.46,180.123,180.446,0,0
2015-01-08,03:00:00,180.388,180.732,180.324,180.677,0,0
2015-01-08,04:00:00,180.662,180.696,180.529,180.646,0,0
2015-01-08,05:00:00,180.643,180.797,180.578,180.625,0,0
2015-01-08,06:00:00,180.625,180.748,180.536,180.614,0,0
2015-01-08,07:00:00,180.589,180.624,180.435,180.596,0,0
2015-01-08,08:00:00,180.593,180.896,180.593,180.845,0,0
2015-01-08,09:00:00,180.846,180.926,180.498,180.563,0,0
2015-01-08,10:00:00,180.573,180.574,180.004,180.028,0,0
2015-01-08,11:00:00,180.093,180.311,180.073,180.255,0,0
2015-01-08,12:00:00,180.34,180.588,180.253,180.402,0,0
2015-01-08,13:00:00,180.419,180.572,180.305,180.472,0,0
2015-01-08,14:00:00,180.457,180.616,180.309,180.499,0,0
2015-01-08,15:00:00,180.494,180.519,180.086,180.121,0,0
2015-01-08,16:00:00,180.089,180.353,179.986,180.334,0,0
2015-01-08,17:00:00,180.357,180.613,180.27,180.462,0,0
2015-01-08,18:00:00,180.485,180.81,180.435,180.663,0,0
2015-01-08,19:00:00,180.655,180.683,180.524,180.662,0,0
2015-01-08,20:00:00,180.659,180.822,180.617,180.639,0,0
2015-01-08,21:00:00,180.632,180.789,180.502,180.502,0,0
2015-01-08,22:00:00,180.533,180.595,180.441,180.459,0,0
2015-01-08,23:00:00,180.464,180.582,180.419,180.527,0,0
2015-01-08,23:59:00,180.517,180.677,180.463,180.603,0,0
2015-01-09,01:00:00,180.603,180.833,180.548,180.718,0,0
2015-01-09,02:00:00,180.7,180.876,180.627,180.846,0,0
2015-01-09,03:00:00,180.846,180.846,180.376,180.424,0,0
2015-01-09,04:00:00,180.397,180.535,180.284,180.385,0,0
2015-01-09,05:00:00,180.335,180.51,180.316,180.422,0,0
2015-01-09,06:00:00,180.422,180.422,180.041,180.099,0,0
2015-01-09,07:00:00,180.099,180.193,179.941,180.141,0,0
2015-01-09,08:00:00,180.141,180.282,180.086,180.2,0,0
2015-01-09,09:00:00,180.207,180.339,180.103,180.3,0,0
2015-01-09,10:00:00,180.294,180.491,180.2,180.46,0,0
2015-01-09,11:00:00,180.46,180.824,180.369,180.548,0,0
2015-01-09,12:00:00,180.55,180.658,180.387,180.606,0,0
2015-01-09,13:00:00,180.606,180.81,180.528,180.654,0,0
2015-01-09,14:00:00,180.662,180.667,180.327,180.331,0,0
2015-01-09,15:00:00,180.346,180.904,180.316,180.684,0,0
2015-01-09,16:00:00,180.68,180.826,180.034,180.128,0,0
2015-01-09,17:00:00,180.128,180.335,179.947,180.057,0,0
2015-01-09,18:00:00,180.032,180.261,179.51,179.755,0,0
2015-01-09,19:00:00,179.759,179.885,179.482,179.527,0,0
2015-01-09,20:00:00,179.527,179.764,179.506,179.681,0,0
2015-01-09,21:00:00,179.65,179.801,179.628,179.796,0,0
2015-01-09,22:00:00,179.796,179.913,179.703,179.773,0,0
2015-01-09,23:00:00,179.776,179.776,179.776,179.776,0,0
