Date,Time,Open,High,Low,Close,Volume,OpenInt
2014-10-13,01:00:00,1.60662,1.60936,1.60653,1.6091,0,0
2014-10-13,02:00:00,1.60909,1.60941,1.60834,1.60913,0,0
2014-10-13,03:00:00,1.60914,1.60982,1.6085,1.60969,0,0
2014-10-13,04:00:00,1.60969,1.612,1.6095,1.61186,0,0
2014-10-13,05:00:00,1.61186,1.61258,1.61103,1.61178,0,0
2014-10-13,06:00:00,1.61178,1.61202,1.61081,1.61178,0,0
2014-10-13,07:00:00,1.6118,1.61216,1.61086,1.61123,0,0
2014-10-13,08:00:00,1.61124,1.61161,1.61065,1.61127,0,0
2014-10-13,09:00:00,1.61126,1.61257,1.6087,1.6089,0,0
2014-10-13,10:00:00,1.60898,1.609,1.60705,1.60824,0,0
2014-10-13,11:00:00,1.60827,1.60927,1.60738,1.60809,0,0
2014-10-13,12:00:00,1.60811,1.6091,1.60745,1.60907,0,0
2014-10-13,13:00:00,1.60905,1.61156,1.60867,1.60974,0,0
2014-10-13,14:00:00,1.60974,1.61081,1.60936,1.60944,0,0
2014-10-13,15:00:00,1.60942,1.60978,1.60781,1.60833,0,0
2014-10-13,16:00:00,1.60835,1.60982,1.608,1.60843,0,0
2014-10-13,17:00:00,1.60846,1.60867,1.60552,1.60565,0,0
2014-10-13,18:00:00,1.60569,1.60756,1.60514,1.60666,0,0
2014-10-13,19:00:00,1.60666,1.60678,1.60506,1.60594,0,0
2014-10-13,20:00:00,1.60594,1.60716,1.60562,1.60666,0,0
2014-10-13,21:00:00,1.60666,1.60693,1.60598,1.60615,0,0
2014-10-13,22:00:00,1.60613,1.6072,1.60601,1.60686,0,0
2014-10-13,23:00:00,1.60683,1.61119,1.60679,1.60847,0,0
2014-10-13,23:59:00,1.60847,1.60968,1.6068,1.60732,0,0
2014-10-14,01:00:00,1.60732,1.60767,1.60688,1.60722,0,0
2014-10-14,02:00:00,1.60719,1.60792,1.60631,1.60635,0,0
2014-10-14,03:00:00,1.60635,1.60703,1.60605,1.60669,0,0
2014-10-14,04:00:00,1.60668,1.60782,1.60635,1.60746,0,0
2014-10-14,05:00:00,1.60746,1.60762,1.6068,1.60718,0,0
2014-10-14,06:00:00,1.60716,1.60741,1.60641,1.60679,0,0
2014-10-14,07:00:00,1.60677,1.60718,1.60647,1.60713,0,0
2014-10-14,08:00:00,1.60714,1.60799,1.60675,1.6069,0,0
2014-10-14,09:00:00,1.60682,1.60708,1.60502,1.60526,0,0
2014-10-14,10:00:00,1.60528,1.60577,1.60313,1.60493,0,0
2014-10-14,11:00:00,1.60493,1.60493,1.59589,1.59641,0,0
2014-10-14,12:00:00,1.59634,1.59741,1.59471,1.59534,0,0
2014-10-14,13:00:00,1.5953,1.59698,1.59399,1.59492,0,0
2014-10-14,14:00:00,1.59499,1.59533,1.59138,1.5916,0,0
2014-10-14,15:00:00,1.59159,1.59393,1.59044,1.5928,0,0
2014-10-14,16:00:00,1.5928,1.59332,1.59131,1.59158,0,0
2014-10-14,17:00:00,1.59158,1.5944,1.59158,1.59176,0,0
2014-10-14,18:00:00,1.59173,1.59349,1.59158,1.59291,0,0
2014-10-14,19:00:00,1.59291,1.59323,1.59207,1.59216,0,0
2014-10-14,20:00:00,1.5921,1.59273,1.5912,1.59166,0,0
2014-10-14,21:00:00,1.59166,1.59175,1.5897,1.59062,0,0
2014-10-14,22:00:00,1.59062,1.59111,1.58964,1.59043,0,0
2014-10-14,23:00:00,1.59042,1.59132,1.59028,1.5903,0,0
2014-10-14,23:59:00,1.5903,1.59058,1.59,1.59044,0,0
2014-10-15,01:00:00,1.59044,1.59044,1.58856,1.58914,0,0
2014-10-15,02:00:00,1.58915,1.58952,1.58819,1.58895,0,0
2014-10-15,03:00:00,1.58895,1.59012,1.58787,1.58814,0,0
2014-10-15,04:00:00,1.58819,1.58961,1.58768,1.58922,0,0
2014-10-15,05:00:00,1.58917,1.59055,1.58892,1.59051,0,0
2014-10-15,06:00:00,1.5905,1.59121,1.5897,1.59074,0,0
2014-10-15,07:00:00,1.59074,1.59114,1.58973,1.5901,0,0
2014-10-15,08:00:00,1.5901,1.59108,1.58986,1.59042,0,0
2014-10-15,09:00:00,1.59042,1.59218,1.59035,1.59162,0,0
2014-10-15,10:00:00,1.59162,1.5925,1.58899,1.58951,0,0
2014-10-15,11:00:00,1.58951,1.59381,1.589,1.59147,0,0
2014-10-15,12:00:00,1.59149,1.59296,1.59065,1.59276,0,0
2014-10-15,13:00:00,1.59279,1.5932,1.59161,1.59178,0,0
2014-10-15,14:00:00,1.59178,1.59289,1.59127,1.59243,0,0
2014-10-15,15:00:00,1.59243,1.59921,1.59148,1.59871,0,0
2014-10-15,16:00:00,1.59866,1.60686,1.59686,1.59722,0,0
2014-10-15,17:00:00,1.5972,1.59886,1.59394,1.59413,0,0
2014-10-15,18:00:00,1.59414,1.59696,1.59382,1.59596,0,0
2014-10-15,19:00:00,1.596,1.59654,1.59351,1.59384,0,0
2014-10-15,20:00:00,1.59389,1.59389,1.58743,1.59122,0,0
2014-10-15,21:00:00,1.59126,1.59314,1.59005,1.59277,0,0
2014-10-15,22:00:00,1.59279,1.59768,1.59235,1.59752,0,0
2014-10-15,23:00:00,1.59745,1.60201,1.59672,1.60174,0,0
2014-10-15,23:59:00,1.60171,1.60197,1.59973,1.59998,0,0
2014-10-16,01:00:00,1.59997,1.60151,1.5992,1.60007,0,0
2014-10-16,02:00:00,1.60007,1.60008,1.5987,1.59873,0,0
2014-10-16,03:00:00,1.59873,1.6004,1.59761,1.59976,0,0
2014-10-16,04:00:00,1.59977,1.60027,1.5987,1.59991,0,0
2014-10-16,05:00:00,1.59995,1.6,1.59851,1.59916,0,0
2014-10-16,06:00:00,1.59916,1.59952,1.59793,1.59829,0,0
2014-10-16,07:00:00,1.59832,1.59871,1.59746,1.59807,0,0
2014-10-16,08:00:00,1.59799,1.59821,1.59677,1.59688,0,0
2014-10-16,09:00:00,1.59688,1.59948,1.595,1.59893,0,0
2014-10-16,10:00:00,1.59895,1.5998,1.59662,1.59922,0,0
2014-10-16,11:00:00,1.5992,1.60264,1.59841,1.60042,0,0
2014-10-16,12:00:00,1.60039,1.60147,1.59564,1.59591,0,0
2014-10-16,13:00:00,1.59593,1.59899,1.59407,1.59844,0,0
2014-10-16,14:00:00,1.59837,1.59983,1.59666,1.59874,0,0
2014-10-16,15:00:00,1.59874,1.60144,1.59773,1.59973,0,0
2014-10-16,16:00:00,1.59975,1.60256,1.59875,1.60046,0,0
2014-10-16,17:00:00,1.60061,1.60507,1.59964,1.60189,0,0
2014-10-16,18:00:00,1.60195,1.60636,1.60104,1.60627,0,0
2014-10-16,19:00:00,1.60634,1.60735,1.60494,1.60687,0,0
2014-10-16,20:00:00,1.60687,1.6085,1.60648,1.60698,0,0
2014-10-16,21:00:00,1.607,1.60704,1.60574,1.60588,0,0
2014-10-16,22:00:00,1.60584,1.60963,1.60581,1.60933,0,0
2014-10-16,23:00:00,1.60924,1.60934,1.60805,1.60846,0,0
2014-10-16,23:59:00,1.60847,1.60878,1.6068,1.60721,0,0
2014-10-17,01:00:00,1.60721,1.60847,1.60688,1.60834,0,0
2014-10-17,02:00:00,1.60837,1.61096,1.60827,1.60939,0,0
2014-10-17,03:00:00,1.60941,1.60989,1.60675,1.6074,0,0
2014-10-17,04:00:00,1.60741,1.60867,1.60687,1.60848,0,0
2014-10-17,05:00:00,1.60848,1.60901,1.60805,1.60816,0,0
2014-10-17,06:00:00,1.60817,1.60834,1.60703,1.60734,0,0
2014-10-17,07:00:00,1.60733,1.60779,1.60691,1.60774,0,0
2014-10-17,08:00:00,1.60768,1.60833,1.60736,1.60793,0,0
2014-10-17,09:00:00,1.60792,1.60912,1.60296,1.60424,0,0
2014-10-17,10:00:00,1.60424,1.60704,1.60282,1.60682,0,0
2014-10-17,11:00:00,1.60682,1.61083,1.60488,1.61056,0,0
2014-10-17,12:00:00,1.61052,1.61158,1.60805,1.60849,0,0
2014-10-17,13:00:00,1.60856,1.61082,1.60768,1.61036,0,0
2014-10-17,14:00:00,1.61036,1.61253,1.61005,1.61111,0,0
2014-10-17,15:00:00,1.61111,1.61228,1.60844,1.61024,0,0
2014-10-17,16:00:00,1.61019,1.61026,1.60585,1.60614,0,0
2014-10-17,17:00:00,1.60613,1.6099,1.60594,1.60952,0,0
2014-10-17,18:00:00,1.60949,1.6099,1.60728,1.60846,0,0
2014-10-17,19:00:00,1.60846,1.60978,1.60813,1.60943,0,0
2014-10-17,20:00:00,1.60943,1.6104,1.60909,1.61036,0,0
2014-10-17,21:00:00,1.61031,1.61083,1.60996,1.61079,0,0
2014-10-17,22:00:00,1.6108,1.61087,1.60862,1.60874,0,0
2014-10-17,23:00:00,1.60877,1.60877,1.60877,1.60877,0,0
2014-10-20,01:00:00,1.60926,1.60969,1.60818,1.60845,0,0
2014-10-20,02:00:00,1.60844,1.60929,1.60827,1.60899,0,0
2014-10-20,03:00:00,1.609,1.60974,1.60858,1.60904,0,0
2014-10-20,04:00:00,1.60904,1.61049,1.60874,1.60972,0,0
2014-10-20,05:00:00,1.60972,1.61113,1.60965,1.61099,0,0
2014-10-20,06:00:00,1.61094,1.61101,1.60989,1.61065,0,0
2014-10-20,07:00:00,1.61066,1.61111,1.61026,1.61077,0,0
2014-10-20,08:00:00,1.61076,1.611,1.61019,1.61058,0,0
2014-10-20,09:00:00,1.61061,1.61101,1.60791,1.60828,0,0
2014-10-20,10:00:00,1.60828,1.6109,1.60813,1.61029,0,0
2014-10-20,11:00:00,1.61029,1.61225,1.61029,1.61168,0,0
2014-10-20,12:00:00,1.61168,1.61343,1.61118,1.61277,0,0
2014-10-20,13:00:00,1.61277,1.61464,1.61172,1.61208,0,0
2014-10-20,14:00:00,1.61208,1.61361,1.61208,1.61257,0,0
2014-10-20,15:00:00,1.61255,1.61505,1.61244,1.61396,0,0
2014-10-20,16:00:00,1.61401,1.61492,1.6133,1.61361,0,0
2014-10-20,17:00:00,1.61361,1.61432,1.61276,1.61307,0,0
2014-10-20,18:00:00,1.6131,1.61383,1.61264,1.6136,0,0
2014-10-20,19:00:00,1.61358,1.6149,1.61335,1.61438,0,0
2014-10-20,20:00:00,1.61433,1.61783,1.61432,1.61683,0,0
2014-10-20,21:00:00,1.61683,1.61758,1.61604,1.61679,0,0
2014-10-20,22:00:00,1.61676,1.61781,1.61673,1.61694,0,0
2014-10-20,23:00:00,1.61693,1.6173,1.61616,1.61617,0,0
2014-10-20,23:59:00,1.61631,1.61669,1.61551,1.61578,0,0
2014-10-21,01:00:00,1.61578,1.61641,1.61539,1.61586,0,0
2014-10-21,02:00:00,1.61586,1.61616,1.61518,1.61543,0,0
2014-10-21,03:00:00,1.61543,1.6168,1.61534,1.6161,0,0
2014-10-21,04:00:00,1.61608,1.61636,1.61537,1.61572,0,0
2014-10-21,05:00:00,1.61568,1.61682,1.61563,1.6164,0,0
2014-10-21,06:00:00,1.61641,1.61738,1.61631,1.61715,0,0
2014-10-21,07:00:00,1.6171,1.61835,1.61708,1.61825,0,0
2014-10-21,08:00:00,1.61825,1.61833,1.61744,1.61794,0,0
2014-10-21,09:00:00,1.61792,1.61816,1.61534,1.61641,0,0
2014-10-21,10:00:00,1.61641,1.61727,1.61534,1.61616,0,0
2014-10-21,11:00:00,1.61616,1.61712,1.61506,1.61655,0,0
2014-10-21,12:00:00,1.61653,1.61766,1.61445,1.61452,0,0
2014-10-21,13:00:00,1.61459,1.61553,1.61438,1.61471,0,0
2014-10-21,14:00:00,1.61472,1.61606,1.61418,1.61563,0,0
2014-10-21,15:00:00,1.61565,1.61782,1.61478,1.61603,0,0
2014-10-21,16:00:00,1.61603,1.61663,1.61487,1.61528,0,0
2014-10-21,17:00:00,1.61535,1.61535,1.61313,1.61323,0,0
2014-10-21,18:00:00,1.61326,1.61363,1.61235,1.61327,0,0
2014-10-21,19:00:00,1.61328,1.61379,1.61284,1.61334,0,0
2014-10-21,20:00:00,1.61334,1.61369,1.61276,1.61304,0,0
2014-10-21,21:00:00,1.61303,1.61307,1.61137,1.61206,0,0
2014-10-21,22:00:00,1.61203,1.61232,1.61133,1.61137,0,0
2014-10-21,23:00:00,1.61136,1.61165,1.61089,1.6111,0,0
2014-10-21,23:59:00,1.6111,1.61216,1.61047,1.61171,0,0
2014-10-22,01:00:00,1.61173,1.61189,1.61061,1.61107,0,0
2014-10-22,02:00:00,1.61107,1.61148,1.61093,1.61119,0,0
2014-10-22,03:00:00,1.61102,1.61137,1.61074,1.61123,0,0
2014-10-22,04:00:00,1.61124,1.61238,1.61098,1.61233,0,0
2014-10-22,05:00:00,1.61233,1.61272,1.61183,1.612,0,0
2014-10-22,06:00:00,1.61197,1.61281,1.61197,1.61256,0,0
2014-10-22,07:00:00,1.61257,1.61284,1.61198,1.61267,0,0
2014-10-22,08:00:00,1.61269,1.61302,1.61178,1.61205,0,0
2014-10-22,09:00:00,1.61206,1.61306,1.61092,1.61154,0,0
2014-10-22,10:00:00,1.61145,1.61156,1.60694,1.60796,0,0
2014-10-22,11:00:00,1.60793,1.60823,1.60116,1.60288,0,0
2014-10-22,12:00:00,1.60285,1.60444,1.60149,1.60416,0,0
2014-10-22,13:00:00,1.60417,1.6053,1.60327,1.60513,0,0
2014-10-22,14:00:00,1.60516,1.60666,1.60449,1.60496,0,0
2014-10-22,15:00:00,1.60496,1.60639,1.60305,1.60346,0,0
2014-10-22,16:00:00,1.60344,1.60503,1.60316,1.60344,0,0
2014-10-22,17:00:00,1.60344,1.60507,1.60315,1.60504,0,0
2014-10-22,18:00:00,1.60504,1.60775,1.60486,1.60681,0,0
2014-10-22,19:00:00,1.60673,1.60754,1.60649,1.60724,0,0
2014-10-22,20:00:00,1.60725,1.6076,1.60598,1.60613,0,0
2014-10-22,21:00:00,1.60612,1.60618,1.60414,1.60495,0,0
2014-10-22,22:00:00,1.60496,1.60582,1.60423,1.60499,0,0
2014-10-22,23:00:00,1.60497,1.60516,1.60457,1.60489,0,0
2014-10-22,23:59:00,1.60493,1.60502,1.60369,1.60423,0,0
2014-10-23,01:00:00,1.60425,1.60483,1.60381,1.60455,0,0
2014-10-23,02:00:00,1.60455,1.60468,1.60416,1.60427,0,0
2014-10-23,03:00:00,1.60428,1.60527,1.6038,1.60406,0,0
2014-10-23,04:00:00,1.60406,1.6048,1.60394,1.60412,0,0
2014-10-23,05:00:00,1.60411,1.60508,1.60411,1.60449,0,0
2014-10-23,06:00:00,1.60449,1.60507,1.60441,1.60482,0,0
2014-10-23,07:00:00,1.60482,1.6055,1.60467,1.6054,0,0
2014-10-23,08:00:00,1.60556,1.60569,1.60494,1.60544,0,0
2014-10-23,09:00:00,1.60541,1.60598,1.6038,1.60402,0,0
2014-10-23,10:00:00,1.60397,1.60524,1.60226,1.60339,0,0
2014-10-23,11:00:00,1.60341,1.60565,1.5999,1.60075,0,0
2014-10-23,12:00:00,1.60075,1.60183,1.59946,1.60147,0,0
2014-10-23,13:00:00,1.60132,1.60246,1.60072,1.60072,0,0
2014-10-23,14:00:00,1.60071,1.6028,1.60064,1.60268,0,0
2014-10-23,15:00:00,1.60268,1.60385,1.60175,1.60251,0,0
2014-10-23,16:00:00,1.60251,1.60341,1.60145,1.60198,0,0
2014-10-23,17:00:00,1.60199,1.60398,1.60069,1.60336,0,0
2014-10-23,18:00:00,1.6033,1.60382,1.60181,1.60347,0,0
2014-10-23,19:00:00,1.60348,1.60508,1.60343,1.60351,0,0
2014-10-23,20:00:00,1.60351,1.60382,1.60282,1.60328,0,0
2014-10-23,21:00:00,1.60328,1.6034,1.60219,1.6028,0,0
2014-10-23,22:00:00,1.60277,1.6039,1.60202,1.60202,0,0
2014-10-23,23:00:00,1.60202,1.6033,1.60201,1.60284,0,0
2014-10-23,23:59:00,1.60277,1.60335,1.60239,1.60272,0,0
2014-10-24,01:00:00,1.60269,1.60375,1.60251,1.60356,0,0
2014-10-24,02:00:00,1.60356,1.60362,1.60237,1.60255,0,0
2014-10-24,03:00:00,1.60255,1.60367,1.60206,1.60342,0,0
2014-10-24,04:00:00,1.60341,1.60378,1.60312,1.60349,0,0
2014-10-24,05:00:00,1.6035,1.60351,1.60285,1.60292,0,0
2014-10-24,06:00:00,1.60292,1.60376,1.60261,1.6037,0,0
2014-10-24,07:00:00,1.60371,1.60458,1.60343,1.60446,0,0
2014-10-24,08:00:00,1.60446,1.60459,1.60359,1.60383,0,0
2014-10-24,09:00:00,1.60383,1.60424,1.60215,1.6026,0,0
2014-10-24,10:00:00,1.60259,1.60366,1.60165,1.60303,0,0
2014-10-24,11:00:00,1.60304,1.60717,1.60186,1.60634,0,0
2014-10-24,12:00:00,1.60636,1.60654,1.60289,1.60383,0,0
2014-10-24,13:00:00,1.60385,1.60473,1.60319,1.60408,0,0
2014-10-24,14:00:00,1.60409,1.60576,1.60333,1.6051,0,0
2014-10-24,15:00:00,1.60507,1.6066,1.60433,1.606,0,0
2014-10-24,16:00:00,1.60597,1.60904,1.60455,1.60811,0,0
2014-10-24,17:00:00,1.60811,1.60974,1.60709,1.6081,0,0
2014-10-24,18:00:00,1.60815,1.60969,1.60765,1.60965,0,0
2014-10-24,19:00:00,1.60961,1.60962,1.60711,1.60711,0,0
2014-10-24,20:00:00,1.60704,1.60909,1.60704,1.60818,0,0
2014-10-24,21:00:00,1.60818,1.60902,1.60732,1.60751,0,0
2014-10-24,22:00:00,1.60748,1.60877,1.60748,1.60855,0,0
2014-10-24,23:00:00,1.60856,1.60856,1.60856,1.60856,0,0
2014-10-27,01:00:00,1.60934,1.61028,1.60864,1.60898,0,0
2014-10-27,02:00:00,1.60898,1.61023,1.6086,1.60974,0,0
2014-10-27,03:00:00,1.60972,1.61034,1.60932,1.61033,0,0
2014-10-27,04:00:00,1.61032,1.61081,1.6096,1.61033,0,0
2014-10-27,05:00:00,1.61033,1.61078,1.60939,1.61054,0,0
2014-10-27,06:00:00,1.61055,1.6106,1.61003,1.61036,0,0
2014-10-27,07:00:00,1.61036,1.61066,1.61007,1.61052,0,0
2014-10-27,08:00:00,1.61041,1.61053,1.60905,1.60949,0,0
2014-10-27,09:00:00,1.60946,1.6107,1.60873,1.61006,0,0
2014-10-27,10:00:00,1.61006,1.61107,1.6091,1.61061,0,0
2014-10-27,11:00:00,1.61067,1.61217,1.60985,1.60986,0,0
2014-10-27,12:00:00,1.60985,1.61051,1.60934,1.61007,0,0
2014-10-27,13:00:00,1.61007,1.61116,1.60939,1.60944,0,0
2014-10-27,14:00:00,1.60944,1.61209,1.60937,1.61147,0,0
2014-10-27,15:00:00,1.61144,1.61162,1.61055,1.61127,0,0
2014-10-27,16:00:00,1.61127,1.61463,1.61119,1.6133,0,0
2014-10-27,17:00:00,1.6133,1.61404,1.61294,1.61318,0,0
2014-10-27,18:00:00,1.61317,1.61379,1.61272,1.61285,0,0
2014-10-27,19:00:00,1.61285,1.61327,1.61227,1.61227,0,0
2014-10-27,20:00:00,1.61227,1.61365,1.61227,1.61277,0,0
2014-10-27,21:00:00,1.61279,1.61289,1.61236,1.61258,0,0
2014-10-27,22:00:00,1.61255,1.61256,1.61181,1.61185,0,0
2014-10-27,23:00:00,1.61182,1.61214,1.6114,1.61165,0,0
2014-10-27,23:59:00,1.61162,1.61177,1.61109,1.61113,0,0
2014-10-28,01:00:00,1.61112,1.61236,1.61108,1.61233,0,0
2014-10-28,02:00:00,1.61233,1.61255,1.61114,1.61122,0,0
2014-10-28,03:00:00,1.61137,1.61305,1.61137,1.61274,0,0
2014-10-28,04:00:00,1.61274,1.61295,1.61229,1.61261,0,0
2014-10-28,05:00:00,1.61261,1.61306,1.61248,1.61268,0,0
2014-10-28,06:00:00,1.6127,1.61303,1.61262,1.61286,0,0
2014-10-28,07:00:00,1.61285,1.61298,1.61198,1.61211,0,0
2014-10-28,08:00:00,1.61211,1.61267,1.61122,1.61172,0,0
2014-10-28,09:00:00,1.6117,1.61267,1.61126,1.61205,0,0
2014-10-28,10:00:00,1.61203,1.61224,1.61025,1.6103,0,0
2014-10-28,11:00:00,1.6102,1.61083,1.6088,1.61059,0,0
2014-10-28,12:00:00,1.61054,1.61233,1.6104,1.61208,0,0
2014-10-28,13:00:00,1.61207,1.61249,1.61125,1.61126,0,0
2014-10-28,14:00:00,1.61127,1.61782,1.61127,1.61664,0,0
2014-10-28,15:00:00,1.61659,1.61816,1.61659,1.61731,0,0
2014-10-28,16:00:00,1.61731,1.61755,1.61558,1.6166,0,0
2014-10-28,17:00:00,1.61659,1.61675,1.61564,1.61567,0,0
2014-10-28,18:00:00,1.61564,1.61624,1.61544,1.61564,0,0
2014-10-28,19:00:00,1.61564,1.61575,1.61353,1.61375,0,0
2014-10-28,20:00:00,1.61377,1.61405,1.61286,1.61293,0,0
2014-10-28,21:00:00,1.61295,1.61402,1.6128,1.61382,0,0
2014-10-28,22:00:00,1.61382,1.61386,1.61299,1.61301,0,0
2014-10-28,23:00:00,1.6129,1.61361,1.61288,1.61318,0,0
2014-10-28,23:59:00,1.61318,1.61349,1.61292,1.61343,0,0
2014-10-29,01:00:00,1.61344,1.61418,1.61323,1.61402,0,0
2014-10-29,02:00:00,1.61407,1.61432,1.61332,1.61378,0,0
2014-10-29,03:00:00,1.61378,1.61378,1.61276,1.61318,0,0
2014-10-29,04:00:00,1.61318,1.61328,1.61287,1.61291,0,0
2014-10-29,05:00:00,1.61291,1.61356,1.61289,1.61356,0,0
2014-10-29,06:00:00,1.61354,1.61412,1.6135,1.61388,0,0
2014-10-29,07:00:00,1.6139,1.6142,1.61371,1.6139,0,0
2014-10-29,08:00:00,1.61389,1.61473,1.61373,1.61391,0,0
2014-10-29,09:00:00,1.61391,1.61532,1.61333,1.61359,0,0
2014-10-29,10:00:00,1.61361,1.6137,1.61207,1.61207,0,0
2014-10-29,11:00:00,1.61209,1.61352,1.61164,1.61237,0,0
2014-10-29,12:00:00,1.61236,1.61246,1.61112,1.61236,0,0
2014-10-29,13:00:00,1.6124,1.61249,1.61126,1.61158,0,0
2014-10-29,14:00:00,1.61159,1.61253,1.61107,1.61156,0,0
2014-10-29,15:00:00,1.61145,1.61266,1.61034,1.61235,0,0
2014-10-29,16:00:00,1.61235,1.61578,1.61223,1.61479,0,0
2014-10-29,17:00:00,1.61473,1.61605,1.61428,1.6148,0,0
2014-10-29,18:00:00,1.61481,1.61512,1.61274,1.61392,0,0
2014-10-29,19:00:00,1.61393,1.61402,1.60884,1.60887,0,0
2014-10-29,20:00:00,1.60879,1.60896,1.60065,1.60202,0,0
2014-10-29,21:00:00,1.60202,1.60241,1.60024,1.60062,0,0
2014-10-29,22:00:00,1.60063,1.60148,1.60027,1.60102,0,0
2014-10-29,23:00:00,1.60103,1.60141,1.60011,1.60123,0,0
2014-10-29,23:59:00,1.60123,1.60176,1.60103,1.60131,0,0
2014-10-30,01:00:00,1.60137,1.60154,1.60023,1.60025,0,0
2014-10-30,02:00:00,1.60025,1.60026,1.59667,1.59718,0,0
2014-10-30,03:00:00,1.59715,1.59815,1.59701,1.59771,0,0
2014-10-30,04:00:00,1.59772,1.59855,1.59768,1.59855,0,0
2014-10-30,05:00:00,1.59853,1.59853,1.59758,1.59796,0,0
2014-10-30,06:00:00,1.59791,1.59868,1.59764,1.59796,0,0
2014-10-30,07:00:00,1.59796,1.59803,1.59646,1.59707,0,0
2014-10-30,08:00:00,1.59707,1.59891,1.59704,1.59836,0,0
2014-10-30,09:00:00,1.59837,1.59869,1.59678,1.59785,0,0
2014-10-30,10:00:00,1.59785,1.59809,1.59612,1.59761,0,0
2014-10-30,11:00:00,1.59761,1.59972,1.59656,1.5987,0,0
2014-10-30,12:00:00,1.5987,1.60083,1.5987,1.60066,0,0
2014-10-30,13:00:00,1.60072,1.60083,1.59847,1.59851,0,0
2014-10-30,14:00:00,1.59851,1.60059,1.59508,1.60007,0,0
2014-10-30,15:00:00,1.60007,1.60111,1.59949,1.60054,0,0
2014-10-30,16:00:00,1.60047,1.60264,1.60047,1.60244,0,0
2014-10-30,17:00:00,1.60253,1.60253,1.60072,1.60215,0,0
2014-10-30,18:00:00,1.60218,1.60376,1.60191,1.60257,0,0
2014-10-30,19:00:00,1.60259,1.60259,1.59941,1.59953,0,0
2014-10-30,20:00:00,1.59951,1.60049,1.59949,1.60021,0,0
2014-10-30,21:00:00,1.60019,1.60069,1.59949,1.59949,0,0
2014-10-30,22:00:00,1.5995,1.6002,1.5995,1.60005,0,0
2014-10-30,23:00:00,1.60003,1.60082,1.60001,1.60024,0,0
2014-10-30,23:59:00,1.60024,1.60037,1.59908,1.59935,0,0
2014-10-31,01:00:00,1.59935,1.60018,1.59905,1.59986,0,0
2014-10-31,02:00:00,1.59986,1.59986,1.59877,1.59953,0,0
2014-10-31,03:00:00,1.59951,1.59992,1.59912,1.59917,0,0
2014-10-31,04:00:00,1.59919,1.59939,1.59866,1.5989,0,0
2014-10-31,05:00:00,1.5989,1.59965,1.59883,1.5994,0,0
2014-10-31,06:00:00,1.59941,1.59946,1.59717,1.59866,0,0
2014-10-31,07:00:00,1.59866,1.59877,1.59737,1.59752,0,0
2014-10-31,08:00:00,1.59753,1.59799,1.59624,1.59703,0,0
2014-10-31,09:00:00,1.59703,1.59942,1.59609,1.59924,0,0
2014-10-31,10:00:00,1.59906,1.59994,1.59769,1.59842,0,0
2014-10-31,11:00:00,1.59844,1.59927,1.59704,1.59867,0,0
2014-10-31,12:00:00,1.59916,1.60061,1.59862,1.6001,0,0
2014-10-31,13:00:00,1.6001,1.6011,1.59969,1.60033,0,0
2014-10-31,14:00:00,1.60033,1.6007,1.59662,1.59698,0,0
2014-10-31,15:00:00,1.59672,1.59761,1.59427,1.59619,0,0
2014-10-31,16:00:00,1.5963,1.59757,1.59558,1.59737,0,0
2014-10-31,17:00:00,1.5973,1.59991,1.59636,1.59982,0,0
2014-10-31,18:00:00,1.59981,1.6,1.5991,1.59945,0,0
2014-10-31,19:00:00,1.59939,1.60016,1.59898,1.59929,0,0
2014-10-31,20:00:00,1.5993,1.60029,1.59888,1.5989,0,0
2014-10-31,21:00:00,1.59888,1.59985,1.59848,1.59946,0,0
2014-10-31,22:00:00,1.59946,1.60075,1.5991,1.59937,0,0
2014-10-31,23:00:00,1.59937,1.59937,1.59937,1.59937,0,0
2014-11-03,01:00:00,1.59723,1.5978,1.59693,1.59717,0,0
2014-11-03,02:00:00,1.59713,1.59795,1.59237,1.5937,0,0
2014-11-03,03:00:00,1.5937,1.59546,1.59362,1.59541,0,0
2014-11-03,04:00:00,1.59541,1.5969,1.59532,1.59655,0,0
2014-11-03,05:00:00,1.59655,1.59745,1.5963,1.5969,0,0
2014-11-03,06:00:00,1.5969,1.5973,1.59641,1.59703,0,0
2014-11-03,07:00:00,1.59703,1.59741,1.59657,1.59672,0,0
2014-11-03,08:00:00,1.59672,1.59793,1.59669,1.59782,0,0
2014-11-03,09:00:00,1.59787,1.5982,1.59721,1.59747,0,0
2014-11-03,10:00:00,1.59747,1.60004,1.59669,1.59953,0,0
2014-11-03,11:00:00,1.59964,1.60173,1.59912,1.60031,0,0
2014-11-03,12:00:00,1.60031,1.60094,1.59884,1.60026,0,0
2014-11-03,13:00:00,1.60027,1.60041,1.59933,1.60006,0,0
2014-11-03,14:00:00,1.60003,1.6005,1.59978,1.59983,0,0
2014-11-03,15:00:00,1.5998,1.60056,1.59945,1.59986,0,0
2014-11-03,16:00:00,1.59984,1.5999,1.59756,1.59783,0,0
2014-11-03,17:00:00,1.59783,1.59932,1.5962,1.59776,0,0
2014-11-03,18:00:00,1.59776,1.59859,1.59679,1.59846,0,0
2014-11-03,19:00:00,1.59846,1.59871,1.59736,1.59852,0,0
2014-11-03,20:00:00,1.59861,1.59863,1.59747,1.59791,0,0
2014-11-03,21:00:00,1.59788,1.59827,1.59669,1.59742,0,0
2014-11-03,22:00:00,1.59742,1.59868,1.59729,1.59749,0,0
2014-11-03,23:00:00,1.59738,1.59784,1.59673,1.59716,0,0
2014-11-03,23:59:00,1.59716,1.59775,1.59693,1.5976,0,0
2014-11-04,01:00:00,1.5976,1.59778,1.59704,1.59746,0,0
2014-11-04,02:00:00,1.59742,1.59838,1.59646,1.59734,0,0
2014-11-04,03:00:00,1.59733,1.5989,1.59733,1.59835,0,0
2014-11-04,04:00:00,1.59834,1.59905,1.59781,1.59854,0,0
2014-11-04,05:00:00,1.59855,1.60014,1.59855,1.59981,0,0
2014-11-04,06:00:00,1.59983,1.60001,1.59923,1.59946,0,0
2014-11-04,07:00:00,1.59945,1.60011,1.5992,1.59998,0,0
2014-11-04,08:00:00,1.59999,1.60016,1.59883,1.59967,0,0
2014-11-04,09:00:00,1.59967,1.59992,1.59863,1.59891,0,0
2014-11-04,10:00:00,1.59889,1.60077,1.59884,1.60014,0,0
2014-11-04,11:00:00,1.60014,1.60045,1.59784,1.59922,0,0
2014-11-04,12:00:00,1.59915,1.60066,1.5984,1.6,0,0
2014-11-04,13:00:00,1.59999,1.60014,1.59886,1.59974,0,0
2014-11-04,14:00:00,1.59972,1.60064,1.59948,1.60033,0,0
2014-11-04,15:00:00,1.60033,1.60148,1.59975,1.60094,0,0
2014-11-04,16:00:00,1.60093,1.60116,1.60013,1.60088,0,0
2014-11-04,17:00:00,1.60094,1.60154,1.59986,1.60067,0,0
2014-11-04,18:00:00,1.6007,1.60091,1.59883,1.59896,0,0
2014-11-04,19:00:00,1.59896,1.59935,1.59809,1.59922,0,0
2014-11-04,20:00:00,1.59921,1.6004,1.59893,1.60009,0,0
2014-11-04,21:00:00,1.60007,1.60053,1.59988,1.60014,0,0
2014-11-04,22:00:00,1.60014,1.60046,1.59928,1.59965,0,0
2014-11-04,23:00:00,1.59964,1.60029,1.59929,1.6001,0,0
2014-11-04,23:59:00,1.60011,1.60048,1.59879,1.60046,0,0
2014-11-05,01:00:00,1.60048,1.60072,1.60013,1.60036,0,0
2014-11-05,02:00:00,1.60036,1.60039,1.59969,1.60022,0,0
2014-11-05,03:00:00,1.60023,1.6011,1.60019,1.60083,0,0
2014-11-05,04:00:00,1.60082,1.60092,1.6002,1.60058,0,0
2014-11-05,05:00:00,1.60058,1.6018,1.60023,1.60121,0,0
2014-11-05,06:00:00,1.6012,1.60196,1.60064,1.60168,0,0
2014-11-05,07:00:00,1.60168,1.60211,1.59872,1.59922,0,0
2014-11-05,08:00:00,1.59921,1.60029,1.59541,1.59602,0,0
2014-11-05,09:00:00,1.59603,1.59674,1.59481,1.5952,0,0
2014-11-05,10:00:00,1.59522,1.5961,1.59345,1.59429,0,0
2014-11-05,11:00:00,1.59426,1.59433,1.58841,1.589,0,0
2014-11-05,12:00:00,1.58898,1.58938,1.58688,1.58864,0,0
2014-11-05,13:00:00,1.58878,1.59012,1.58861,1.58898,0,0
2014-11-05,14:00:00,1.58898,1.59131,1.58873,1.59058,0,0
2014-11-05,15:00:00,1.59058,1.59666,1.59006,1.59654,0,0
2014-11-05,16:00:00,1.59651,1.5993,1.59543,1.59589,0,0
2014-11-05,17:00:00,1.59592,1.5983,1.59412,1.59752,0,0
2014-11-05,18:00:00,1.59751,1.59894,1.59564,1.59824,0,0
2014-11-05,19:00:00,1.59824,1.59885,1.59728,1.59795,0,0
2014-11-05,20:00:00,1.59788,1.59836,1.59681,1.59746,0,0
2014-11-05,21:00:00,1.59745,1.59799,1.59715,1.59752,0,0
2014-11-05,22:00:00,1.59752,1.59782,1.59691,1.59765,0,0
2014-11-05,23:00:00,1.59765,1.59766,1.59702,1.59747,0,0
2014-11-05,23:59:00,1.59748,1.59752,1.59557,1.59588,0,0
2014-11-06,01:00:00,1.59588,1.59654,1.59583,1.5963,0,0
2014-11-06,02:00:00,1.59631,1.59737,1.59548,1.59562,0,0
2014-11-06,03:00:00,1.59563,1.59668,1.59556,1.59625,0,0
2014-11-06,04:00:00,1.59623,1.59725,1.59551,1.59562,0,0
2014-11-06,05:00:00,1.59562,1.59661,1.59549,1.59643,0,0
2014-11-06,06:00:00,1.59642,1.59781,1.59614,1.59781,0,0
2014-11-06,07:00:00,1.59781,1.60005,1.59758,1.59822,0,0
2014-11-06,08:00:00,1.59822,1.59948,1.59808,1.599,0,0
2014-11-06,09:00:00,1.599,1.59964,1.59827,1.59831,0,0
2014-11-06,10:00:00,1.5983,1.59962,1.5967,1.59812,0,0
2014-11-06,11:00:00,1.59811,1.59888,1.59599,1.59628,0,0
2014-11-06,12:00:00,1.59629,1.59694,1.59422,1.59458,0,0
2014-11-06,13:00:00,1.59458,1.59623,1.59438,1.59543,0,0
2014-11-06,14:00:00,1.59538,1.59561,1.59304,1.59307,0,0
2014-11-06,15:00:00,1.59307,1.59348,1.58871,1.59071,0,0
2014-11-06,16:00:00,1.59071,1.59262,1.58934,1.59259,0,0
2014-11-06,17:00:00,1.59269,1.59269,1.58893,1.59024,0,0
2014-11-06,18:00:00,1.59023,1.59072,1.58503,1.58607,0,0
2014-11-06,19:00:00,1.58608,1.58609,1.58365,1.58385,0,0
2014-11-06,20:00:00,1.58383,1.58554,1.58344,1.58435,0,0
2014-11-06,21:00:00,1.58433,1.58473,1.58334,1.58372,0,0
2014-11-06,22:00:00,1.58374,1.58441,1.58318,1.58325,0,0
2014-11-06,23:00:00,1.58325,1.58356,1.58232,1.58298,0,0
2014-11-06,23:59:00,1.58299,1.58374,1.58233,1.58354,0,0
2014-11-07,01:00:00,1.58348,1.58408,1.58307,1.584,0,0
2014-11-07,02:00:00,1.58399,1.58476,1.58376,1.58395,0,0
2014-11-07,03:00:00,1.58395,1.58435,1.58319,1.58358,0,0
2014-11-07,04:00:00,1.58359,1.58458,1.58342,1.58391,0,0
2014-11-07,05:00:00,1.58391,1.58411,1.58248,1.58257,0,0
2014-11-07,06:00:00,1.58257,1.58288,1.58156,1.58178,0,0
2014-11-07,07:00:00,1.58179,1.58288,1.58173,1.58283,0,0
2014-11-07,08:00:00,1.58265,1.5839,1.58247,1.58346,0,0
2014-11-07,09:00:00,1.58343,1.58449,1.5828,1.58365,0,0
2014-11-07,10:00:00,1.58362,1.58456,1.58236,1.58254,0,0
2014-11-07,11:00:00,1.58255,1.58355,1.58012,1.5812,0,0
2014-11-07,12:00:00,1.5812,1.58364,1.58116,1.58321,0,0
2014-11-07,13:00:00,1.5833,1.58332,1.58178,1.58306,0,0
2014-11-07,14:00:00,1.58301,1.58301,1.58169,1.58198,0,0
2014-11-07,15:00:00,1.58198,1.58576,1.57897,1.58168,0,0
2014-11-07,16:00:00,1.58166,1.58503,1.58143,1.5841,0,0
2014-11-07,17:00:00,1.58415,1.58497,1.58277,1.58416,0,0
2014-11-07,18:00:00,1.58418,1.58519,1.58346,1.58421,0,0
2014-11-07,19:00:00,1.58422,1.58513,1.58404,1.58463,0,0
2014-11-07,20:00:00,1.58461,1.58747,1.58409,1.58587,0,0
2014-11-07,21:00:00,1.58589,1.58638,1.58491,1.58633,0,0
2014-11-07,22:00:00,1.58636,1.58857,1.58619,1.58738,0,0
2014-11-07,23:00:00,1.58731,1.58731,1.5872,1.5872,0,0
2014-11-10,01:00:00,1.58817,1.58881,1.5881,1.58812,0,0
2014-11-10,02:00:00,1.58806,1.58864,1.58711,1.58726,0,0
2014-11-10,03:00:00,1.58726,1.58824,1.58725,1.58822,0,0
2014-11-10,04:00:00,1.58931,1.59122,1.58893,1.58951,0,0
2014-11-10,05:00:00,1.5895,1.59044,1.58921,1.58996,0,0
2014-11-10,06:00:00,1.58994,1.59062,1.58994,1.59013,0,0
2014-11-10,07:00:00,1.59009,1.59097,1.5897,1.59042,0,0
2014-11-10,08:00:00,1.59043,1.59168,1.59006,1.59007,0,0
2014-11-10,09:00:00,1.59012,1.59109,1.58931,1.58997,0,0
2014-11-10,10:00:00,1.58997,1.58997,1.58809,1.58841,0,0
2014-11-10,11:00:00,1.58839,1.59101,1.5883,1.59025,0,0
2014-11-10,12:00:00,1.59038,1.5911,1.58902,1.59082,0,0
2014-11-10,13:00:00,1.59083,1.59089,1.58932,1.58977,0,0
2014-11-10,14:00:00,1.59017,1.59034,1.58923,1.58943,0,0
2014-11-10,15:00:00,1.58943,1.5904,1.58909,1.5904,0,0
2014-11-10,16:00:00,1.59021,1.59054,1.58701,1.58717,0,0
2014-11-10,17:00:00,1.58712,1.58798,1.58652,1.58698,0,0
2014-11-10,18:00:00,1.58703,1.58848,1.58569,1.58569,0,0
2014-11-10,19:00:00,1.58568,1.58658,1.58518,1.58587,0,0
2014-11-10,20:00:00,1.58575,1.58595,1.58482,1.58591,0,0
2014-11-10,21:00:00,1.58591,1.58591,1.58474,1.58497,0,0
2014-11-10,22:00:00,1.58497,1.58515,1.58447,1.58491,0,0
2014-11-10,23:00:00,1.58491,1.58495,1.58408,1.58413,0,0
2014-11-10,23:59:00,1.58413,1.58489,1.58396,1.5845,0,0
2014-11-11,01:00:00,1.58448,1.58524,1.58431,1.58485,0,0
2014-11-11,02:00:00,1.58498,1.58523,1.58393,1.58494,0,0
2014-11-11,03:00:00,1.58495,1.5856,1.58495,1.58523,0,0
2014-11-11,04:00:00,1.58525,1.5855,1.58517,1.58521,0,0
2014-11-11,05:00:00,1.58521,1.58529,1.58414,1.58427,0,0
2014-11-11,06:00:00,1.58428,1.58469,1.58369,1.58386,0,0
2014-11-11,07:00:00,1.58387,1.58427,1.58343,1.58421,0,0
2014-11-11,08:00:00,1.58421,1.58449,1.58397,1.58428,0,0
2014-11-11,09:00:00,1.5847,1.58556,1.58377,1.58437,0,0
2014-11-11,10:00:00,1.58434,1.5855,1.58351,1.58443,0,0
2014-11-11,11:00:00,1.58443,1.58579,1.5843,1.58542,0,0
2014-11-11,12:00:00,1.58531,1.58584,1.58437,1.58457,0,0
2014-11-11,13:00:00,1.58457,1.5873,1.5844,1.58645,0,0
2014-11-11,14:00:00,1.58666,1.5872,1.58514,1.5855,0,0
2014-11-11,15:00:00,1.58551,1.58697,1.58533,1.58613,0,0
2014-11-11,16:00:00,1.58681,1.58766,1.58606,1.58636,0,0
2014-11-11,17:00:00,1.58627,1.58723,1.58563,1.5872,0,0
2014-11-11,18:00:00,1.58718,1.58858,1.58698,1.58837,0,0
2014-11-11,19:00:00,1.58837,1.58924,1.58761,1.58847,0,0
2014-11-11,20:00:00,1.5885,1.59341,1.58813,1.59228,0,0
2014-11-11,21:00:00,1.5923,1.59426,1.59192,1.59195,0,0
2014-11-11,22:00:00,1.59217,1.59257,1.5915,1.59155,0,0
2014-11-11,23:00:00,1.59168,1.59197,1.59144,1.59144,0,0
2014-11-11,23:59:00,1.5914,1.59215,1.59111,1.59174,0,0
2014-11-12,01:00:00,1.59166,1.59253,1.59159,1.59249,0,0
2014-11-12,02:00:00,1.59248,1.5925,1.59048,1.59073,0,0
2014-11-12,03:00:00,1.59091,1.59129,1.59048,1.59113,0,0
2014-11-12,04:00:00,1.59115,1.59236,1.59091,1.59135,0,0
2014-11-12,05:00:00,1.59134,1.59145,1.59062,1.59099,0,0
2014-11-12,06:00:00,1.591,1.5911,1.59037,1.59088,0,0
2014-11-12,07:00:00,1.59088,1.59213,1.59079,1.59203,0,0
2014-11-12,08:00:00,1.59204,1.59317,1.59134,1.59164,0,0
2014-11-12,09:00:00,1.59166,1.59323,1.59119,1.5931,0,0
2014-11-12,10:00:00,1.59279,1.59388,1.59172,1.59252,0,0
2014-11-12,11:00:00,1.59212,1.59333,1.58959,1.59299,0,0
2014-11-12,12:00:00,1.59299,1.59397,1.5873,1.58835,0,0
2014-11-12,13:00:00,1.58803,1.58803,1.58317,1.58419,0,0
2014-11-12,14:00:00,1.58411,1.58411,1.58115,1.58163,0,0
2014-11-12,15:00:00,1.58164,1.58391,1.58115,1.5832,0,0
2014-11-12,16:00:00,1.58319,1.58399,1.58014,1.58025,0,0
2014-11-12,17:00:00,1.58033,1.58327,1.58028,1.58295,0,0
2014-11-12,18:00:00,1.58298,1.58358,1.58073,1.58139,0,0
2014-11-12,19:00:00,1.58152,1.58157,1.57944,1.57948,0,0
2014-11-12,20:00:00,1.57945,1.58051,1.57841,1.57859,0,0
2014-11-12,21:00:00,1.57859,1.57878,1.57774,1.57813,0,0
2014-11-12,22:00:00,1.57812,1.57864,1.57802,1.57845,0,0
2014-11-12,23:00:00,1.57847,1.57868,1.57776,1.57777,0,0
2014-11-12,23:59:00,1.57753,1.57785,1.57577,1.57663,0,0
2014-11-13,01:00:00,1.57664,1.57706,1.57657,1.57689,0,0
2014-11-13,02:00:00,1.57689,1.57758,1.57681,1.5771,0,0
2014-11-13,03:00:00,1.57711,1.57766,1.57688,1.57751,0,0
2014-11-13,04:00:00,1.57754,1.57766,1.57612,1.57725,0,0
2014-11-13,05:00:00,1.57725,1.57756,1.57652,1.57742,0,0
2014-11-13,06:00:00,1.57742,1.57742,1.5767,1.57732,0,0
2014-11-13,07:00:00,1.57732,1.57734,1.57674,1.57718,0,0
2014-11-13,08:00:00,1.57719,1.57759,1.57711,1.57733,0,0
2014-11-13,09:00:00,1.57733,1.57783,1.57605,1.57663,0,0
2014-11-13,10:00:00,1.57667,1.5781,1.57654,1.57718,0,0
2014-11-13,11:00:00,1.5769,1.57756,1.57532,1.57585,0,0
2014-11-13,12:00:00,1.57586,1.57734,1.57552,1.57639,0,0
2014-11-13,13:00:00,1.57638,1.57699,1.57519,1.57519,0,0
2014-11-13,14:00:00,1.5752,1.57532,1.57386,1.57428,0,0
2014-11-13,15:00:00,1.57424,1.5754,1.57333,1.57393,0,0
2014-11-13,16:00:00,1.57395,1.57485,1.5734,1.57473,0,0
2014-11-13,17:00:00,1.57475,1.57503,1.57254,1.57344,0,0
2014-11-13,18:00:00,1.57343,1.57368,1.57117,1.5715,0,0
2014-11-13,19:00:00,1.57156,1.57156,1.56939,1.5708,0,0
2014-11-13,20:00:00,1.57077,1.57139,1.56994,1.57068,0,0
2014-11-13,21:00:00,1.57066,1.5721,1.57064,1.57199,0,0
2014-11-13,22:00:00,1.57182,1.57184,1.57061,1.57105,0,0
2014-11-13,23:00:00,1.57089,1.57119,1.5704,1.57068,0,0
2014-11-13,23:59:00,1.57085,1.571,1.56993,1.57037,0,0
2014-11-14,01:00:00,1.57038,1.57077,1.57,1.57008,0,0
2014-11-14,02:00:00,1.57007,1.5707,1.56758,1.56855,0,0
2014-11-14,03:00:00,1.56857,1.56981,1.56837,1.56909,0,0
2014-11-14,04:00:00,1.56908,1.56912,1.56736,1.56756,0,0
2014-11-14,05:00:00,1.56756,1.56905,1.56737,1.56792,0,0
2014-11-14,06:00:00,1.56798,1.56871,1.56684,1.56697,0,0
2014-11-14,07:00:00,1.56667,1.56687,1.56538,1.566,0,0
2014-11-14,08:00:00,1.56601,1.56676,1.56549,1.56671,0,0
2014-11-14,09:00:00,1.5674,1.56833,1.56651,1.56787,0,0
2014-11-14,10:00:00,1.56798,1.56899,1.56683,1.56802,0,0
2014-11-14,11:00:00,1.56802,1.56933,1.56709,1.56744,0,0
2014-11-14,12:00:00,1.56749,1.5682,1.56659,1.56732,0,0
2014-11-14,13:00:00,1.56732,1.56775,1.56458,1.56551,0,0
2014-11-14,14:00:00,1.56556,1.56667,1.56527,1.56552,0,0
2014-11-14,15:00:00,1.56506,1.56618,1.56152,1.56295,0,0
2014-11-14,16:00:00,1.56303,1.56305,1.55928,1.56007,0,0
2014-11-14,17:00:00,1.56162,1.5653,1.56157,1.5642,0,0
2014-11-14,18:00:00,1.56479,1.56628,1.56381,1.56568,0,0
2014-11-14,19:00:00,1.5655,1.56858,1.56522,1.56602,0,0
2014-11-14,20:00:00,1.56574,1.56858,1.56574,1.56832,0,0
2014-11-14,21:00:00,1.56834,1.56946,1.56775,1.56794,0,0
2014-11-14,22:00:00,1.56795,1.56816,1.56696,1.56707,0,0
2014-11-14,23:00:00,1.56707,1.56707,1.56707,1.56707,0,0
2014-11-17,01:00:00,1.56658,1.56707,1.56628,1.56632,0,0
2014-11-17,02:00:00,1.56635,1.56905,1.56635,1.5675,0,0
2014-11-17,03:00:00,1.56749,1.56935,1.5674,1.56926,0,0
2014-11-17,04:00:00,1.56941,1.57345,1.56883,1.57242,0,0
2014-11-17,05:00:00,1.57242,1.57344,1.57136,1.5714,0,0
2014-11-17,06:00:00,1.57138,1.57287,1.57131,1.57249,0,0
2014-11-17,07:00:00,1.57249,1.57256,1.57156,1.5721,0,0
2014-11-17,08:00:00,1.57227,1.5723,1.57089,1.57092,0,0
2014-11-17,09:00:00,1.57084,1.57093,1.5679,1.56818,0,0
2014-11-17,10:00:00,1.56817,1.56827,1.56561,1.56633,0,0
2014-11-17,11:00:00,1.56632,1.56635,1.56197,1.56295,0,0
2014-11-17,12:00:00,1.56278,1.56357,1.56228,1.56343,0,0
2014-11-17,13:00:00,1.56358,1.56483,1.56326,1.56408,0,0
2014-11-17,14:00:00,1.56408,1.56519,1.56351,1.56421,0,0
2014-11-17,15:00:00,1.5641,1.56508,1.56352,1.56485,0,0
2014-11-17,16:00:00,1.56576,1.56577,1.56301,1.56345,0,0
2014-11-17,17:00:00,1.56305,1.56463,1.56275,1.56402,0,0
2014-11-17,18:00:00,1.56481,1.56568,1.56457,1.56457,0,0
2014-11-17,19:00:00,1.56446,1.56513,1.56397,1.56409,0,0
2014-11-17,20:00:00,1.5638,1.56484,1.5638,1.5641,0,0
2014-11-17,21:00:00,1.56399,1.56468,1.56367,1.56412,0,0
2014-11-17,22:00:00,1.564,1.56417,1.56392,1.56399,0,0
2014-11-17,23:00:00,1.56399,1.56433,1.56359,1.56408,0,0
2014-11-17,23:59:00,1.564,1.56463,1.56335,1.56344,0,0
2014-11-18,01:00:00,1.56344,1.56376,1.56337,1.56376,0,0
2014-11-18,02:00:00,1.56381,1.56452,1.56367,1.56438,0,0
2014-11-18,03:00:00,1.56438,1.56499,1.56399,1.56496,0,0
2014-11-18,04:00:00,1.56498,1.56562,1.56482,1.56553,0,0
2014-11-18,05:00:00,1.56553,1.56557,1.56478,1.56499,0,0
2014-11-18,06:00:00,1.56499,1.56561,1.56494,1.56527,0,0
2014-11-18,07:00:00,1.56528,1.5654,1.56482,1.56493,0,0
2014-11-18,08:00:00,1.56493,1.56571,1.56481,1.56515,0,0
2014-11-18,09:00:00,1.56515,1.56652,1.56447,1.56623,0,0
2014-11-18,10:00:00,1.56623,1.56646,1.5646,1.56564,0,0
2014-11-18,11:00:00,1.56563,1.56681,1.56328,1.56548,0,0
2014-11-18,12:00:00,1.56646,1.5668,1.56382,1.56572,0,0
2014-11-18,13:00:00,1.56572,1.56685,1.56546,1.56672,0,0
2014-11-18,14:00:00,1.5667,1.56677,1.56442,1.56446,0,0
2014-11-18,15:00:00,1.56447,1.56696,1.56429,1.56554,0,0
2014-11-18,16:00:00,1.56551,1.56772,1.56462,1.56473,0,0
2014-11-18,17:00:00,1.56473,1.56512,1.56306,1.56449,0,0
2014-11-18,18:00:00,1.56428,1.56504,1.56363,1.56464,0,0
2014-11-18,19:00:00,1.56465,1.56571,1.56454,1.56481,0,0
2014-11-18,20:00:00,1.56475,1.56489,1.56319,1.56337,0,0
2014-11-18,21:00:00,1.56338,1.56393,1.5632,1.56386,0,0
2014-11-18,22:00:00,1.56351,1.56364,1.56298,1.56308,0,0
2014-11-18,23:00:00,1.56308,1.56364,1.56301,1.56321,0,0
2014-11-18,23:59:00,1.5632,1.56329,1.56198,1.56214,0,0
2014-11-19,01:00:00,1.56214,1.56323,1.56214,1.56272,0,0
2014-11-19,02:00:00,1.56272,1.56289,1.56109,1.56115,0,0
2014-11-19,03:00:00,1.56121,1.56159,1.56074,1.56109,0,0
2014-11-19,04:00:00,1.56109,1.56177,1.56103,1.56144,0,0
2014-11-19,05:00:00,1.56145,1.56152,1.55991,1.56089,0,0
2014-11-19,06:00:00,1.56081,1.561,1.56032,1.56048,0,0
2014-11-19,07:00:00,1.56058,1.56173,1.5604,1.56166,0,0
2014-11-19,08:00:00,1.56166,1.56242,1.56133,1.56232,0,0
2014-11-19,09:00:00,1.56214,1.56242,1.56083,1.56174,0,0
2014-11-19,10:00:00,1.56174,1.56227,1.56081,1.56084,0,0
2014-11-19,11:00:00,1.56043,1.566,1.55899,1.5649,0,0
2014-11-19,12:00:00,1.56491,1.56933,1.56467,1.56918,0,0
2014-11-19,13:00:00,1.56915,1.56995,1.56746,1.56833,0,0
2014-11-19,14:00:00,1.56833,1.56833,1.56651,1.56663,0,0
2014-11-19,15:00:00,1.56663,1.5694,1.56638,1.56914,0,0
2014-11-19,16:00:00,1.56915,1.56923,1.5661,1.5662,0,0
2014-11-19,17:00:00,1.56619,1.56675,1.56465,1.56612,0,0
2014-11-19,18:00:00,1.56663,1.56737,1.56588,1.56681,0,0
2014-11-19,19:00:00,1.56681,1.56847,1.56647,1.56836,0,0
2014-11-19,20:00:00,1.56839,1.56905,1.56785,1.56879,0,0
2014-11-19,21:00:00,1.56882,1.57195,1.56656,1.5676,0,0
2014-11-19,22:00:00,1.5676,1.5678,1.56643,1.56762,0,0
2014-11-19,23:00:00,1.56763,1.5685,1.56743,1.56818,0,0
2014-11-19,23:59:00,1.56809,1.56858,1.568,1.56823,0,0
2014-11-20,01:00:00,1.56775,1.56779,1.56697,1.56718,0,0
2014-11-20,02:00:00,1.56718,1.56823,1.56675,1.5669,0,0
2014-11-20,03:00:00,1.56691,1.56744,1.56657,1.56681,0,0
2014-11-20,04:00:00,1.56679,1.5673,1.56659,1.56725,0,0
2014-11-20,05:00:00,1.56726,1.56808,1.56712,1.56728,0,0
2014-11-20,06:00:00,1.56727,1.56774,1.56649,1.56727,0,0
2014-11-20,07:00:00,1.56737,1.56794,1.567,1.56706,0,0
2014-11-20,08:00:00,1.5669,1.56735,1.56608,1.5663,0,0
2014-11-20,09:00:00,1.56631,1.56631,1.56337,1.56502,0,0
2014-11-20,10:00:00,1.56502,1.56697,1.56401,1.56505,0,0
2014-11-20,11:00:00,1.56515,1.56854,1.56437,1.56739,0,0
2014-11-20,12:00:00,1.56738,1.56738,1.56488,1.56681,0,0
2014-11-20,13:00:00,1.56732,1.56858,1.56639,1.56856,0,0
2014-11-20,14:00:00,1.56857,1.57052,1.56769,1.56987,0,0
2014-11-20,15:00:00,1.56987,1.57117,1.56768,1.5698,0,0
2014-11-20,16:00:00,1.57018,1.57343,1.5695,1.5726,0,0
2014-11-20,17:00:00,1.57236,1.57292,1.57022,1.57022,0,0
2014-11-20,18:00:00,1.57026,1.5712,1.56762,1.56791,0,0
2014-11-20,19:00:00,1.56809,1.56941,1.56809,1.56866,0,0
2014-11-20,20:00:00,1.56866,1.57127,1.56856,1.57026,0,0
2014-11-20,21:00:00,1.5703,1.57056,1.56908,1.56991,0,0
2014-11-20,22:00:00,1.56991,1.57032,1.56944,1.5695,0,0
2014-11-20,23:00:00,1.56951,1.56986,1.56893,1.56907,0,0
2014-11-20,23:59:00,1.5691,1.56981,1.56874,1.56928,0,0
2014-11-21,01:00:00,1.56876,1.5693,1.56785,1.56918,0,0
2014-11-21,02:00:00,1.56918,1.56988,1.56886,1.56896,0,0
2014-11-21,03:00:00,1.56896,1.57099,1.56896,1.57099,0,0
2014-11-21,04:00:00,1.57099,1.57138,1.56981,1.57003,0,0
2014-11-21,05:00:00,1.57003,1.57059,1.56933,1.57024,0,0
2014-11-21,06:00:00,1.57024,1.57076,1.56943,1.56967,0,0
2014-11-21,07:00:00,1.56969,1.57018,1.56847,1.56879,0,0
2014-11-21,08:00:00,1.56881,1.56901,1.56784,1.56823,0,0
2014-11-21,09:00:00,1.56823,1.56934,1.56742,1.5691,0,0
2014-11-21,10:00:00,1.56922,1.56946,1.56382,1.56394,0,0
2014-11-21,11:00:00,1.5639,1.56572,1.5635,1.56387,0,0
2014-11-21,12:00:00,1.56365,1.56802,1.56267,1.56685,0,0
2014-11-21,13:00:00,1.56658,1.56775,1.56574,1.56628,0,0
2014-11-21,14:00:00,1.56648,1.56769,1.56595,1.56735,0,0
2014-11-21,15:00:00,1.5673,1.56902,1.5661,1.56672,0,0
2014-11-21,16:00:00,1.5664,1.56875,1.56427,1.56518,0,0
2014-11-21,17:00:00,1.5662,1.56797,1.5659,1.56754,0,0
2014-11-21,18:00:00,1.56757,1.56794,1.5664,1.56707,0,0
2014-11-21,19:00:00,1.56686,1.56686,1.56414,1.56486,0,0
2014-11-21,20:00:00,1.5647,1.56528,1.56452,1.56472,0,0
2014-11-21,21:00:00,1.56467,1.56527,1.56385,1.56454,0,0
2014-11-21,22:00:00,1.56447,1.56599,1.56419,1.56599,0,0
2014-11-21,23:00:00,1.56599,1.56599,1.56556,1.56566,0,0
2014-11-24,01:00:00,1.56473,1.56508,1.5642,1.56433,0,0
2014-11-24,02:00:00,1.56432,1.56537,1.56431,1.56503,0,0
2014-11-24,03:00:00,1.56503,1.56585,1.56416,1.56551,0,0
2014-11-24,04:00:00,1.5655,1.56603,1.56498,1.56567,0,0
2014-11-24,05:00:00,1.56567,1.56602,1.56534,1.56573,0,0
2014-11-24,06:00:00,1.56573,1.56625,1.56544,1.56623,0,0
2014-11-24,07:00:00,1.56623,1.56674,1.56591,1.56593,0,0
2014-11-24,08:00:00,1.56593,1.56675,1.56593,1.56656,0,0
2014-11-24,09:00:00,1.56657,1.56714,1.56557,1.56563,0,0
2014-11-24,10:00:00,1.56549,1.56637,1.56327,1.56399,0,0
2014-11-24,11:00:00,1.56391,1.56465,1.56268,1.56402,0,0
2014-11-24,12:00:00,1.56407,1.56515,1.56362,1.56509,0,0
2014-11-24,13:00:00,1.5651,1.56895,1.56487,1.5686,0,0
2014-11-24,14:00:00,1.5686,1.56921,1.56813,1.56819,0,0
2014-11-24,15:00:00,1.56816,1.56842,1.56712,1.56752,0,0
2014-11-24,16:00:00,1.56758,1.56914,1.56702,1.56846,0,0
2014-11-24,17:00:00,1.56836,1.57024,1.56836,1.56952,0,0
2014-11-24,18:00:00,1.56959,1.57125,1.56931,1.56978,0,0
2014-11-24,19:00:00,1.56976,1.57002,1.56907,1.56942,0,0
2014-11-24,20:00:00,1.56948,1.5705,1.56944,1.56955,0,0
2014-11-24,21:00:00,1.56955,1.57014,1.56937,1.56951,0,0
2014-11-24,22:00:00,1.56942,1.57071,1.56942,1.57033,0,0
2014-11-24,23:00:00,1.5703,1.57069,1.56998,1.57044,0,0
2014-11-24,23:59:00,1.57048,1.57072,1.57012,1.57018,0,0
2014-11-25,01:00:00,1.57023,1.57061,1.56911,1.56962,0,0
2014-11-25,02:00:00,1.56964,1.56974,1.56856,1.56932,0,0
2014-11-25,03:00:00,1.5694,1.56968,1.56866,1.56913,0,0
2014-11-25,04:00:00,1.56909,1.56911,1.56771,1.56782,0,0
2014-11-25,05:00:00,1.56783,1.56822,1.56702,1.56725,0,0
2014-11-25,06:00:00,1.56727,1.56812,1.56703,1.56784,0,0
2014-11-25,07:00:00,1.56784,1.56867,1.56765,1.5686,0,0
2014-11-25,08:00:00,1.5686,1.56866,1.56818,1.56818,0,0
2014-11-25,09:00:00,1.56818,1.56867,1.56661,1.5668,0,0
2014-11-25,10:00:00,1.56674,1.56918,1.56474,1.56869,0,0
2014-11-25,11:00:00,1.56872,1.56888,1.56653,1.56806,0,0
2014-11-25,12:00:00,1.56795,1.56865,1.56648,1.56743,0,0
2014-11-25,13:00:00,1.56741,1.5681,1.56608,1.56698,0,0
2014-11-25,14:00:00,1.56674,1.5676,1.56608,1.56626,0,0
2014-11-25,15:00:00,1.56627,1.56718,1.56501,1.56643,0,0
2014-11-25,16:00:00,1.56642,1.57086,1.56607,1.5701,0,0
2014-11-25,17:00:00,1.57107,1.57236,1.5695,1.57236,0,0
2014-11-25,18:00:00,1.57241,1.57338,1.57109,1.57115,0,0
2014-11-25,19:00:00,1.57118,1.57131,1.56988,1.57046,0,0
2014-11-25,20:00:00,1.57045,1.57164,1.57045,1.57138,0,0
2014-11-25,21:00:00,1.57138,1.57191,1.57018,1.57066,0,0
2014-11-25,22:00:00,1.57066,1.57115,1.57016,1.57071,0,0
2014-11-25,23:00:00,1.57077,1.57081,1.57014,1.57064,0,0
2014-11-25,23:59:00,1.57061,1.57086,1.57024,1.57052,0,0
2014-11-26,01:00:00,1.5706,1.57197,1.5703,1.57185,0,0
2014-11-26,02:00:00,1.57183,1.57193,1.57121,1.57134,0,0
2014-11-26,03:00:00,1.57127,1.57198,1.57082,1.57098,0,0
2014-11-26,04:00:00,1.57098,1.571,1.57003,1.57016,0,0
2014-11-26,05:00:00,1.57016,1.57065,1.56985,1.57003,0,0
2014-11-26,06:00:00,1.57003,1.57019,1.56916,1.56949,0,0
2014-11-26,07:00:00,1.56951,1.57021,1.5693,1.57016,0,0
2014-11-26,08:00:00,1.57016,1.57159,1.57014,1.5709,0,0
2014-11-26,09:00:00,1.57089,1.57178,1.57007,1.57098,0,0
2014-11-26,10:00:00,1.57094,1.57255,1.57023,1.57027,0,0
2014-11-26,11:00:00,1.57059,1.57119,1.56774,1.57025,0,0
2014-11-26,12:00:00,1.57024,1.5743,1.56905,1.57269,0,0
2014-11-26,13:00:00,1.57272,1.5743,1.57192,1.57421,0,0
2014-11-26,14:00:00,1.57436,1.57868,1.57396,1.57777,0,0
2014-11-26,15:00:00,1.57762,1.58039,1.57631,1.57759,0,0
2014-11-26,16:00:00,1.57767,1.57958,1.5769,1.57872,0,0
2014-11-26,17:00:00,1.57866,1.5798,1.57729,1.57915,0,0
2014-11-26,18:00:00,1.57915,1.57915,1.57802,1.57846,0,0
2014-11-26,19:00:00,1.57844,1.57947,1.57786,1.57823,0,0
2014-11-26,20:00:00,1.57813,1.58037,1.5781,1.57957,0,0
2014-11-26,21:00:00,1.57956,1.58009,1.57916,1.57965,0,0
2014-11-26,22:00:00,1.57958,1.58002,1.57927,1.57936,0,0
2014-11-26,23:00:00,1.57948,1.57954,1.57865,1.579,0,0
2014-11-26,23:59:00,1.57905,1.57954,1.5785,1.57928,0,0
2014-11-27,01:00:00,1.57924,1.57924,1.57828,1.57861,0,0
2014-11-27,02:00:00,1.57861,1.57989,1.57833,1.57864,0,0
2014-11-27,03:00:00,1.57864,1.57905,1.5777,1.5777,0,0
2014-11-27,04:00:00,1.57772,1.57931,1.57772,1.57885,0,0
2014-11-27,05:00:00,1.57887,1.57918,1.57846,1.57893,0,0
2014-11-27,06:00:00,1.57893,1.57946,1.57856,1.57908,0,0
2014-11-27,07:00:00,1.57907,1.57917,1.57772,1.57817,0,0
2014-11-27,08:00:00,1.57835,1.57952,1.57834,1.57904,0,0
2014-11-27,09:00:00,1.57904,1.58239,1.57904,1.58087,0,0
2014-11-27,10:00:00,1.58087,1.58087,1.57668,1.57759,0,0
2014-11-27,11:00:00,1.57765,1.57768,1.5746,1.57542,0,0
2014-11-27,12:00:00,1.57541,1.57695,1.57426,1.5747,0,0
2014-11-27,13:00:00,1.5747,1.57668,1.57453,1.57586,0,0
2014-11-27,14:00:00,1.57584,1.57694,1.57515,1.57583,0,0
2014-11-27,15:00:00,1.57568,1.57621,1.5738,1.57456,0,0
2014-11-27,16:00:00,1.5746,1.57593,1.57445,1.57477,0,0
2014-11-27,17:00:00,1.57471,1.576,1.57192,1.57222,0,0
2014-11-27,18:00:00,1.57204,1.57285,1.5715,1.57249,0,0
2014-11-27,19:00:00,1.57244,1.57264,1.57182,1.57216,0,0
2014-11-27,20:00:00,1.57217,1.57378,1.57212,1.57353,0,0
2014-11-27,21:00:00,1.57348,1.57364,1.57275,1.57334,0,0
2014-11-27,22:00:00,1.5735,1.57403,1.57306,1.57398,0,0
2014-11-27,23:00:00,1.57391,1.574,1.5732,1.57334,0,0
2014-11-27,23:59:00,1.57337,1.57378,1.57171,1.57195,0,0
2014-11-28,01:00:00,1.57199,1.57246,1.57188,1.57243,0,0
2014-11-28,02:00:00,1.5724,1.57249,1.57033,1.57071,0,0
2014-11-28,03:00:00,1.57073,1.57233,1.57073,1.57227,0,0
2014-11-28,04:00:00,1.57227,1.57267,1.57152,1.57175,0,0
2014-11-28,05:00:00,1.57168,1.5721,1.57063,1.57075,0,0
2014-11-28,06:00:00,1.57075,1.57099,1.57044,1.57062,0,0
2014-11-28,07:00:00,1.5706,1.57105,1.57047,1.57096,0,0
2014-11-28,08:00:00,1.57101,1.57145,1.57064,1.57133,0,0
2014-11-28,09:00:00,1.57134,1.57195,1.56823,1.56834,0,0
2014-11-28,10:00:00,1.56828,1.56988,1.56785,1.56955,0,0
2014-11-28,11:00:00,1.56956,1.57127,1.56946,1.57036,0,0
2014-11-28,12:00:00,1.57024,1.57226,1.56811,1.56873,0,0
2014-11-28,13:00:00,1.56875,1.57022,1.56745,1.57017,0,0
2014-11-28,14:00:00,1.57017,1.57096,1.56902,1.56985,0,0
2014-11-28,15:00:00,1.56982,1.57033,1.56899,1.56899,0,0
2014-11-28,16:00:00,1.56898,1.56958,1.5666,1.56696,0,0
2014-11-28,17:00:00,1.56716,1.56767,1.56324,1.56605,0,0
2014-11-28,18:00:00,1.5661,1.5662,1.56327,1.56366,0,0
2014-11-28,19:00:00,1.56366,1.56369,1.56165,1.56177,0,0
2014-11-28,20:00:00,1.56218,1.56309,1.56127,1.56309,0,0
2014-11-28,21:00:00,1.5631,1.56345,1.56215,1.56267,0,0
2014-11-28,22:00:00,1.56272,1.56369,1.56264,1.5635,0,0
2014-11-28,23:00:00,1.56361,1.56386,1.56358,1.56368,0,0
2014-12-01,01:00:00,1.56317,1.56344,1.5601,1.56103,0,0
2014-12-01,02:00:00,1.56099,1.56169,1.55851,1.5602,0,0
2014-12-01,03:00:00,1.56018,1.5614,1.5596,1.56107,0,0
2014-12-01,04:00:00,1.56107,1.56135,1.5598,1.56101,0,0
2014-12-01,05:00:00,1.56104,1.5612,1.5605,1.561,0,0
2014-12-01,06:00:00,1.56097,1.56147,1.56093,1.56141,0,0
2014-12-01,07:00:00,1.56141,1.56176,1.5611,1.56119,0,0
2014-12-01,08:00:00,1.56119,1.56307,1.56086,1.56307,0,0
2014-12-01,09:00:00,1.56309,1.56394,1.56057,1.5606,0,0
2014-12-01,10:00:00,1.56038,1.56869,1.56026,1.5654,0,0
2014-12-01,11:00:00,1.56559,1.5686,1.56532,1.56789,0,0
2014-12-01,12:00:00,1.56776,1.57227,1.56776,1.57145,0,0
2014-12-01,13:00:00,1.57143,1.573,1.57065,1.57071,0,0
2014-12-01,14:00:00,1.5706,1.57155,1.56939,1.57101,0,0
2014-12-01,15:00:00,1.57097,1.57442,1.57077,1.57338,0,0
2014-12-01,16:00:00,1.57333,1.57609,1.57333,1.57526,0,0
2014-12-01,17:00:00,1.57479,1.57607,1.57151,1.57202,0,0
2014-12-01,18:00:00,1.57197,1.57393,1.57125,1.57393,0,0
2014-12-01,19:00:00,1.57402,1.57566,1.57376,1.57488,0,0
2014-12-01,20:00:00,1.57489,1.57588,1.57409,1.57491,0,0
2014-12-01,21:00:00,1.57477,1.57482,1.57359,1.57379,0,0
2014-12-01,22:00:00,1.57381,1.57393,1.57332,1.57371,0,0
2014-12-01,23:00:00,1.57369,1.57373,1.57267,1.57269,0,0
2014-12-01,23:59:00,1.57286,1.5735,1.57281,1.57321,0,0
2014-12-02,01:00:00,1.57314,1.57354,1.5727,1.57325,0,0
2014-12-02,02:00:00,1.57324,1.57411,1.57285,1.57311,0,0
2014-12-02,03:00:00,1.57311,1.57371,1.57257,1.57299,0,0
2014-12-02,04:00:00,1.57299,1.57309,1.57251,1.57268,0,0
2014-12-02,05:00:00,1.57268,1.57322,1.57234,1.57321,0,0
2014-12-02,06:00:00,1.57321,1.57351,1.57239,1.5724,0,0
2014-12-02,07:00:00,1.57239,1.57253,1.572,1.57228,0,0
2014-12-02,08:00:00,1.57229,1.57262,1.5719,1.57251,0,0
2014-12-02,09:00:00,1.57254,1.5726,1.5704,1.57104,0,0
2014-12-02,10:00:00,1.57095,1.57249,1.56928,1.57241,0,0
2014-12-02,11:00:00,1.57238,1.57288,1.5698,1.57058,0,0
2014-12-02,12:00:00,1.57057,1.57156,1.57001,1.57001,0,0
2014-12-02,13:00:00,1.57002,1.57014,1.56769,1.56774,0,0
2014-12-02,14:00:00,1.56794,1.56795,1.56548,1.56568,0,0
2014-12-02,15:00:00,1.56568,1.56659,1.56471,1.56644,0,0
2014-12-02,16:00:00,1.56644,1.56684,1.56364,1.56392,0,0
2014-12-02,17:00:00,1.56384,1.56632,1.56381,1.56501,0,0
2014-12-02,18:00:00,1.56503,1.56526,1.56305,1.56483,0,0
2014-12-02,19:00:00,1.56483,1.56524,1.56332,1.56377,0,0
2014-12-02,20:00:00,1.56382,1.5644,1.56356,1.56369,0,0
2014-12-02,21:00:00,1.56369,1.56373,1.56301,1.56357,0,0
2014-12-02,22:00:00,1.56358,1.56423,1.5633,1.56386,0,0
2014-12-02,23:00:00,1.56366,1.56406,1.56341,1.56356,0,0
2014-12-02,23:59:00,1.56351,1.56413,1.56339,1.56353,0,0
2014-12-03,01:00:00,1.56361,1.56477,1.56315,1.5644,0,0
2014-12-03,02:00:00,1.56446,1.56474,1.56349,1.56414,0,0
2014-12-03,03:00:00,1.56415,1.5647,1.56385,1.56441,0,0
2014-12-03,04:00:00,1.56441,1.56487,1.56391,1.56439,0,0
2014-12-03,05:00:00,1.56448,1.56457,1.564,1.56418,0,0
2014-12-03,06:00:00,1.56415,1.56477,1.56389,1.56427,0,0
2014-12-03,07:00:00,1.56426,1.56476,1.5641,1.5646,0,0
2014-12-03,08:00:00,1.5643,1.5646,1.56394,1.56436,0,0
2014-12-03,09:00:00,1.56435,1.56553,1.5623,1.56373,0,0
2014-12-03,10:00:00,1.56371,1.5646,1.56177,1.56447,0,0
2014-12-03,11:00:00,1.56437,1.56662,1.56386,1.56431,0,0
2014-12-03,12:00:00,1.56428,1.56685,1.56393,1.56675,0,0
2014-12-03,13:00:00,1.56675,1.56675,1.56532,1.56556,0,0
2014-12-03,14:00:00,1.56559,1.5675,1.56554,1.56723,0,0
2014-12-03,15:00:00,1.56731,1.5696,1.56683,1.56792,0,0
2014-12-03,16:00:00,1.56793,1.56861,1.56664,1.56841,0,0
2014-12-03,17:00:00,1.56815,1.57114,1.56745,1.57101,0,0
2014-12-03,18:00:00,1.57109,1.57168,1.56969,1.56972,0,0
2014-12-03,19:00:00,1.56973,1.57098,1.56947,1.56999,0,0
2014-12-03,20:00:00,1.57,1.5701,1.56799,1.5685,0,0
2014-12-03,21:00:00,1.56848,1.56891,1.5682,1.56829,0,0
2014-12-03,22:00:00,1.5683,1.56849,1.56767,1.56828,0,0
2014-12-03,23:00:00,1.5683,1.56851,1.56822,1.56838,0,0
2014-12-03,23:59:00,1.56846,1.56854,1.56791,1.56808,0,0
2014-12-04,01:00:00,1.56805,1.56931,1.56795,1.56904,0,0
2014-12-04,02:00:00,1.56896,1.57041,1.56855,1.56966,0,0
2014-12-04,03:00:00,1.56965,1.56978,1.56881,1.56914,0,0
2014-12-04,04:00:00,1.56909,1.56939,1.56816,1.56865,0,0
2014-12-04,05:00:00,1.56864,1.5687,1.56768,1.56803,0,0
2014-12-04,06:00:00,1.56803,1.56827,1.56736,1.56825,0,0
2014-12-04,07:00:00,1.56825,1.56826,1.56705,1.56744,0,0
2014-12-04,08:00:00,1.56749,1.56854,1.56704,1.56787,0,0
2014-12-04,09:00:00,1.56787,1.57003,1.56716,1.56898,0,0
2014-12-04,10:00:00,1.56893,1.56953,1.56737,1.56783,0,0
2014-12-04,11:00:00,1.56791,1.56834,1.56597,1.56739,0,0
2014-12-04,12:00:00,1.56732,1.5696,1.56728,1.56916,0,0
2014-12-04,13:00:00,1.56921,1.56928,1.56665,1.56744,0,0
2014-12-04,14:00:00,1.56755,1.56783,1.56548,1.56559,0,0
2014-12-04,15:00:00,1.56558,1.5713,1.56432,1.56978,0,0
2014-12-04,16:00:00,1.56997,1.57082,1.56434,1.56689,0,0
2014-12-04,17:00:00,1.56699,1.57049,1.56425,1.56964,0,0
2014-12-04,18:00:00,1.56989,1.57239,1.56967,1.57041,0,0
2014-12-04,19:00:00,1.5704,1.57062,1.56712,1.56728,0,0
2014-12-04,20:00:00,1.56728,1.56829,1.56642,1.56707,0,0
2014-12-04,21:00:00,1.56718,1.56736,1.56662,1.56713,0,0
2014-12-04,22:00:00,1.56706,1.56792,1.56706,1.56743,0,0
2014-12-04,23:00:00,1.56734,1.56754,1.56701,1.56714,0,0
2014-12-04,23:59:00,1.56712,1.56735,1.56689,1.5669,0,0
2014-12-05,01:00:00,1.56694,1.56803,1.56694,1.56771,0,0
2014-12-05,02:00:00,1.56771,1.56806,1.56413,1.56503,0,0
2014-12-05,03:00:00,1.56517,1.56602,1.56497,1.56513,0,0
2014-12-05,04:00:00,1.56512,1.56586,1.56494,1.56573,0,0
2014-12-05,05:00:00,1.56573,1.56586,1.56513,1.56523,0,0
2014-12-05,06:00:00,1.56523,1.56523,1.56337,1.5634,0,0
2014-12-05,07:00:00,1.56345,1.56398,1.56232,1.56243,0,0
2014-12-05,08:00:00,1.56243,1.56427,1.56229,1.5637,0,0
2014-12-05,09:00:00,1.5637,1.56631,1.56227,1.56499,0,0
2014-12-05,10:00:00,1.56491,1.56569,1.56379,1.56568,0,0
2014-12-05,11:00:00,1.56568,1.56729,1.56554,1.56714,0,0
2014-12-05,12:00:00,1.56716,1.56864,1.56688,1.56796,0,0
2014-12-05,13:00:00,1.56789,1.56932,1.56757,1.56766,0,0
2014-12-05,14:00:00,1.56758,1.56908,1.56758,1.56839,0,0
2014-12-05,15:00:00,1.56835,1.56904,1.56171,1.56356,0,0
2014-12-05,16:00:00,1.56344,1.5648,1.55706,1.55817,0,0
2014-12-05,17:00:00,1.55795,1.55985,1.55743,1.55904,0,0
2014-12-05,18:00:00,1.55901,1.5603,1.55829,1.55968,0,0
2014-12-05,19:00:00,1.55965,1.55986,1.55874,1.55893,0,0
2014-12-05,20:00:00,1.55876,1.5594,1.55828,1.55877,0,0
2014-12-05,21:00:00,1.55886,1.55897,1.55785,1.55797,0,0
2014-12-05,22:00:00,1.55797,1.55838,1.55677,1.55697,0,0
2014-12-05,23:00:00,1.55698,1.55719,1.55698,1.55711,0,0
2014-12-08,01:00:00,1.55637,1.55701,1.55607,1.55643,0,0
2014-12-08,02:00:00,1.55643,1.55764,1.55634,1.5574,0,0
2014-12-08,03:00:00,1.55731,1.55775,1.55714,1.55761,0,0
2014-12-08,04:00:00,1.55762,1.55766,1.5565,1.55651,0,0
2014-12-08,05:00:00,1.55655,1.55675,1.55606,1.55624,0,0
2014-12-08,06:00:00,1.55623,1.55636,1.55539,1.55573,0,0
2014-12-08,07:00:00,1.55569,1.55632,1.55564,1.55624,0,0
2014-12-08,08:00:00,1.55622,1.55654,1.55566,1.55588,0,0
2014-12-08,09:00:00,1.55598,1.55614,1.55396,1.55454,0,0
2014-12-08,10:00:00,1.55454,1.55684,1.55421,1.55646,0,0
2014-12-08,11:00:00,1.55645,1.5588,1.55615,1.5582,0,0
2014-12-08,12:00:00,1.55827,1.5595,1.55726,1.55863,0,0
2014-12-08,13:00:00,1.55871,1.56318,1.55866,1.56173,0,0
2014-12-08,14:00:00,1.56174,1.56233,1.56066,1.5616,0,0
2014-12-08,15:00:00,1.5616,1.56334,1.56093,1.56286,0,0
2014-12-08,16:00:00,1.56288,1.56392,1.56151,1.56191,0,0
2014-12-08,17:00:00,1.56187,1.56395,1.5618,1.5618,0,0
2014-12-08,18:00:00,1.56177,1.56383,1.56167,1.56227,0,0
2014-12-08,19:00:00,1.56225,1.56444,1.56209,1.5637,0,0
2014-12-08,20:00:00,1.56368,1.56695,1.56363,1.56695,0,0
2014-12-08,21:00:00,1.56713,1.56771,1.56531,1.56604,0,0
2014-12-08,22:00:00,1.56619,1.56624,1.5644,1.5644,0,0
2014-12-08,23:00:00,1.56438,1.56526,1.5642,1.56507,0,0
2014-12-08,23:59:00,1.56498,1.5658,1.56468,1.56533,0,0
2014-12-09,01:00:00,1.56533,1.56583,1.56473,1.56488,0,0
2014-12-09,02:00:00,1.56488,1.56491,1.56352,1.56376,0,0
2014-12-09,03:00:00,1.56378,1.5642,1.56356,1.56377,0,0
2014-12-09,04:00:00,1.56376,1.56423,1.56351,1.56397,0,0
2014-12-09,05:00:00,1.56397,1.56399,1.56243,1.56269,0,0
2014-12-09,06:00:00,1.56278,1.5644,1.56263,1.56386,0,0
2014-12-09,07:00:00,1.56382,1.56442,1.56361,1.56442,0,0
2014-12-09,08:00:00,1.56439,1.56631,1.56414,1.5655,0,0
2014-12-09,09:00:00,1.56542,1.56862,1.56498,1.56833,0,0
2014-12-09,10:00:00,1.56831,1.56923,1.56702,1.5676,0,0
2014-12-09,11:00:00,1.56759,1.56791,1.56385,1.56396,0,0
2014-12-09,12:00:00,1.56395,1.56545,1.56324,1.56383,0,0
2014-12-09,13:00:00,1.56389,1.56479,1.56279,1.56279,0,0
2014-12-09,14:00:00,1.56284,1.56597,1.56284,1.56547,0,0
2014-12-09,15:00:00,1.56538,1.56747,1.56478,1.56693,0,0
2014-12-09,16:00:00,1.56695,1.56776,1.56562,1.56562,0,0
2014-12-09,17:00:00,1.56566,1.57013,1.56542,1.56877,0,0
2014-12-09,18:00:00,1.56889,1.57147,1.56859,1.56919,0,0
2014-12-09,19:00:00,1.56925,1.5693,1.5667,1.56813,0,0
2014-12-09,20:00:00,1.56824,1.5685,1.56714,1.56755,0,0
2014-12-09,21:00:00,1.56755,1.56756,1.56543,1.56622,0,0
2014-12-09,22:00:00,1.56615,1.56658,1.56489,1.56651,0,0
2014-12-09,23:00:00,1.56652,1.56683,1.56606,1.56657,0,0
2014-12-09,23:59:00,1.56649,1.56724,1.5664,1.56711,0,0
2014-12-10,01:00:00,1.56707,1.56843,1.56698,1.56824,0,0
2014-12-10,02:00:00,1.56824,1.56845,1.56686,1.56694,0,0
2014-12-10,03:00:00,1.56689,1.56708,1.5658,1.56622,0,0
2014-12-10,04:00:00,1.56628,1.5671,1.56607,1.56673,0,0
2014-12-10,05:00:00,1.56675,1.56736,1.56644,1.56696,0,0
2014-12-10,06:00:00,1.56696,1.56841,1.56687,1.5677,0,0
2014-12-10,07:00:00,1.56771,1.56893,1.56745,1.56837,0,0
2014-12-10,08:00:00,1.56837,1.56885,1.568,1.5686,0,0
2014-12-10,09:00:00,1.56863,1.57025,1.56822,1.56837,0,0
2014-12-10,10:00:00,1.56841,1.56874,1.56587,1.56857,0,0
2014-12-10,11:00:00,1.5685,1.56954,1.56625,1.56683,0,0
2014-12-10,12:00:00,1.56684,1.56784,1.56458,1.56502,0,0
2014-12-10,13:00:00,1.56512,1.56945,1.56502,1.56914,0,0
2014-12-10,14:00:00,1.56921,1.56937,1.5673,1.56843,0,0
2014-12-10,15:00:00,1.56845,1.57043,1.56837,1.56912,0,0
2014-12-10,16:00:00,1.56915,1.56981,1.56804,1.56865,0,0
2014-12-10,17:00:00,1.56864,1.57169,1.56851,1.56904,0,0
2014-12-10,18:00:00,1.56912,1.57085,1.56808,1.56864,0,0
2014-12-10,19:00:00,1.56867,1.57057,1.56841,1.57057,0,0
2014-12-10,20:00:00,1.57065,1.57157,1.57011,1.57105,0,0
2014-12-10,21:00:00,1.57105,1.57118,1.56936,1.57025,0,0
2014-12-10,22:00:00,1.57017,1.57156,1.56921,1.57102,0,0
2014-12-10,23:00:00,1.57097,1.57138,1.57073,1.57134,0,0
2014-12-10,23:59:00,1.57139,1.57157,1.57094,1.57145,0,0
2014-12-11,01:00:00,1.57138,1.57492,1.57138,1.57484,0,0
2014-12-11,02:00:00,1.57478,1.57548,1.57364,1.57536,0,0
2014-12-11,03:00:00,1.57533,1.57533,1.57105,1.57147,0,0
2014-12-11,04:00:00,1.57148,1.57323,1.57135,1.57135,0,0
2014-12-11,05:00:00,1.57124,1.57193,1.57078,1.57084,0,0
2014-12-11,06:00:00,1.5708,1.57143,1.57079,1.57086,0,0
2014-12-11,07:00:00,1.57085,1.571,1.57026,1.57047,0,0
2014-12-11,08:00:00,1.57047,1.57227,1.57047,1.5718,0,0
2014-12-11,09:00:00,1.5718,1.57204,1.57047,1.57193,0,0
2014-12-11,10:00:00,1.57202,1.57269,1.56717,1.56727,0,0
2014-12-11,11:00:00,1.56728,1.56853,1.56537,1.56635,0,0
2014-12-11,12:00:00,1.56626,1.56754,1.56505,1.56598,0,0
2014-12-11,13:00:00,1.56588,1.56835,1.56518,1.56833,0,0
2014-12-11,14:00:00,1.56836,1.56967,1.56764,1.568,0,0
2014-12-11,15:00:00,1.56805,1.5692,1.56628,1.56661,0,0
2014-12-11,16:00:00,1.56663,1.56867,1.56657,1.56803,0,0
2014-12-11,17:00:00,1.56802,1.56976,1.56673,1.56948,0,0
2014-12-11,18:00:00,1.56953,1.57222,1.56922,1.57087,0,0
2014-12-11,19:00:00,1.57086,1.57186,1.57034,1.57043,0,0
2014-12-11,20:00:00,1.57039,1.57063,1.56981,1.56996,0,0
2014-12-11,21:00:00,1.56996,1.57059,1.56931,1.57006,0,0
2014-12-11,22:00:00,1.57006,1.57202,1.56994,1.57171,0,0
2014-12-11,23:00:00,1.5717,1.57334,1.57115,1.57287,0,0
2014-12-11,23:59:00,1.57297,1.57347,1.57265,1.57273,0,0
2014-12-12,01:00:00,1.57266,1.57308,1.57165,1.57165,0,0
2014-12-12,02:00:00,1.57168,1.57278,1.57129,1.57176,0,0
2014-12-12,03:00:00,1.57177,1.57293,1.57135,1.57135,0,0
2014-12-12,04:00:00,1.57134,1.57292,1.57134,1.57187,0,0
2014-12-12,05:00:00,1.57187,1.57234,1.57164,1.57218,0,0
2014-12-12,06:00:00,1.57218,1.57294,1.57184,1.57215,0,0
2014-12-12,07:00:00,1.57206,1.57243,1.5717,1.57235,0,0
2014-12-12,08:00:00,1.57235,1.57275,1.57151,1.57229,0,0
2014-12-12,09:00:00,1.57234,1.57298,1.57073,1.57104,0,0
2014-12-12,10:00:00,1.57115,1.57214,1.56932,1.57003,0,0
2014-12-12,11:00:00,1.57015,1.57285,1.56982,1.57055,0,0
2014-12-12,12:00:00,1.57047,1.57168,1.56987,1.57109,0,0
2014-12-12,13:00:00,1.57106,1.57248,1.57041,1.57171,0,0
2014-12-12,14:00:00,1.57169,1.57253,1.57029,1.57084,0,0
2014-12-12,15:00:00,1.57086,1.57247,1.57004,1.57207,0,0
2014-12-12,16:00:00,1.57204,1.57446,1.57144,1.57233,0,0
2014-12-12,17:00:00,1.57232,1.57252,1.56967,1.56967,0,0
2014-12-12,18:00:00,1.56977,1.57327,1.56969,1.57244,0,0
2014-12-12,19:00:00,1.57243,1.57255,1.57076,1.57125,0,0
2014-12-12,20:00:00,1.57127,1.572,1.57081,1.57131,0,0
2014-12-12,21:00:00,1.57134,1.57173,1.56998,1.57055,0,0
2014-12-12,22:00:00,1.57055,1.57191,1.57021,1.57173,0,0
2014-12-12,23:00:00,1.57174,1.57174,1.57166,1.57168,0,0
2014-12-15,01:00:00,1.57265,1.57351,1.57208,1.57214,0,0
2014-12-15,02:00:00,1.57235,1.57267,1.57165,1.57184,0,0
2014-12-15,03:00:00,1.57176,1.57208,1.57019,1.57079,0,0
2014-12-15,04:00:00,1.57084,1.57128,1.57043,1.57052,0,0
2014-12-15,05:00:00,1.57052,1.57123,1.57047,1.57063,0,0
2014-12-15,06:00:00,1.57057,1.57151,1.57049,1.57117,0,0
2014-12-15,07:00:00,1.57112,1.57179,1.57105,1.57173,0,0
2014-12-15,08:00:00,1.57173,1.57444,1.5716,1.57402,0,0
2014-12-15,09:00:00,1.57403,1.57449,1.57248,1.57319,0,0
2014-12-15,10:00:00,1.57316,1.57319,1.57116,1.57221,0,0
2014-12-15,11:00:00,1.57219,1.57306,1.56976,1.57009,0,0
2014-12-15,12:00:00,1.5701,1.57012,1.56591,1.56614,0,0
2014-12-15,13:00:00,1.56609,1.56701,1.56578,1.5664,0,0
2014-12-15,14:00:00,1.56636,1.56741,1.56587,1.56592,0,0
2014-12-15,15:00:00,1.56592,1.56637,1.56445,1.56637,0,0
2014-12-15,16:00:00,1.56645,1.56678,1.5649,1.56494,0,0
2014-12-15,17:00:00,1.56495,1.56577,1.56076,1.56104,0,0
2014-12-15,18:00:00,1.56119,1.56589,1.55997,1.56589,0,0
2014-12-15,19:00:00,1.56582,1.56747,1.56412,1.56423,0,0
2014-12-15,20:00:00,1.56404,1.56442,1.56314,1.56424,0,0
2014-12-15,21:00:00,1.56423,1.56423,1.56259,1.56423,0,0
2014-12-15,22:00:00,1.56434,1.56525,1.56303,1.56303,0,0
2014-12-15,23:00:00,1.563,1.56373,1.563,1.56355,0,0
2014-12-15,23:59:00,1.56358,1.56434,1.56343,1.56434,0,0
2014-12-16,01:00:00,1.56424,1.56461,1.56404,1.56405,0,0
2014-12-16,02:00:00,1.56405,1.56443,1.56327,1.56393,0,0
2014-12-16,03:00:00,1.56374,1.56441,1.56295,1.56434,0,0
2014-12-16,04:00:00,1.56434,1.56495,1.5638,1.56482,0,0
2014-12-16,05:00:00,1.56482,1.56559,1.56466,1.56511,0,0
2014-12-16,06:00:00,1.56509,1.5655,1.56484,1.56492,0,0
2014-12-16,07:00:00,1.56476,1.56579,1.56456,1.56561,0,0
2014-12-16,08:00:00,1.5656,1.56635,1.56557,1.56601,0,0
2014-12-16,09:00:00,1.56601,1.56697,1.5652,1.56541,0,0
2014-12-16,10:00:00,1.56528,1.56601,1.56355,1.56567,0,0
2014-12-16,11:00:00,1.56544,1.57181,1.56112,1.57025,0,0
2014-12-16,12:00:00,1.57038,1.57136,1.56841,1.57058,0,0
2014-12-16,13:00:00,1.57063,1.57418,1.57055,1.57338,0,0
2014-12-16,14:00:00,1.57352,1.57832,1.5733,1.57579,0,0
2014-12-16,15:00:00,1.57555,1.57665,1.57251,1.57665,0,0
2014-12-16,16:00:00,1.57663,1.57666,1.57392,1.57525,0,0
2014-12-16,17:00:00,1.57533,1.5764,1.5723,1.57265,0,0
2014-12-16,18:00:00,1.57276,1.57357,1.57134,1.57327,0,0
2014-12-16,19:00:00,1.57314,1.57571,1.57285,1.57548,0,0
2014-12-16,20:00:00,1.57524,1.57532,1.57424,1.57424,0,0
2014-12-16,21:00:00,1.57424,1.5747,1.57215,1.57258,0,0
2014-12-16,22:00:00,1.57245,1.57377,1.57224,1.57356,0,0
2014-12-16,23:00:00,1.57356,1.57513,1.57295,1.57464,0,0
2014-12-16,23:59:00,1.5748,1.57522,1.57429,1.57458,0,0
2014-12-17,01:00:00,1.57458,1.57473,1.57368,1.57411,0,0
2014-12-17,02:00:00,1.5741,1.57413,1.57315,1.57391,0,0
2014-12-17,03:00:00,1.57389,1.57411,1.57305,1.57318,0,0
2014-12-17,04:00:00,1.57312,1.5735,1.57238,1.57242,0,0
2014-12-17,05:00:00,1.5724,1.57276,1.57176,1.57247,0,0
2014-12-17,06:00:00,1.57256,1.57292,1.57138,1.57236,0,0
2014-12-17,07:00:00,1.57235,1.57248,1.57177,1.57242,0,0
2014-12-17,08:00:00,1.57243,1.57248,1.57125,1.57173,0,0
2014-12-17,09:00:00,1.57166,1.57354,1.57055,1.57083,0,0
2014-12-17,10:00:00,1.57083,1.57283,1.56758,1.56977,0,0
2014-12-17,11:00:00,1.56968,1.57268,1.5689,1.57132,0,0
2014-12-17,12:00:00,1.57154,1.57212,1.56977,1.5706,0,0
2014-12-17,13:00:00,1.57051,1.5734,1.57004,1.57271,0,0
2014-12-17,14:00:00,1.57283,1.57283,1.57001,1.57035,0,0
2014-12-17,15:00:00,1.57034,1.57273,1.56907,1.57162,0,0
2014-12-17,16:00:00,1.57188,1.57269,1.56969,1.5698,0,0
2014-12-17,17:00:00,1.57,1.5711,1.56414,1.56414,0,0
2014-12-17,18:00:00,1.56416,1.56665,1.56386,1.56494,0,0
2014-12-17,19:00:00,1.56507,1.56634,1.56367,1.56492,0,0
2014-12-17,20:00:00,1.56514,1.56548,1.56321,1.56435,0,0
2014-12-17,21:00:00,1.56471,1.5697,1.55474,1.55474,0,0
2014-12-17,22:00:00,1.55458,1.55999,1.55442,1.55688,0,0
2014-12-17,23:00:00,1.55703,1.55848,1.55645,1.55731,0,0
2014-12-17,23:59:00,1.55731,1.55807,1.5563,1.55676,0,0
2014-12-18,01:00:00,1.55675,1.55827,1.55671,1.55706,0,0
2014-12-18,02:00:00,1.55706,1.55847,1.55606,1.55766,0,0
2014-12-18,03:00:00,1.55761,1.5585,1.55734,1.5577,0,0
2014-12-18,04:00:00,1.55768,1.55898,1.55729,1.55859,0,0
2014-12-18,05:00:00,1.55859,1.55923,1.55839,1.55846,0,0
2014-12-18,06:00:00,1.55847,1.5591,1.55843,1.55892,0,0
2014-12-18,07:00:00,1.55892,1.55895,1.55832,1.55876,0,0
2014-12-18,08:00:00,1.55877,1.55883,1.5574,1.55779,0,0
2014-12-18,09:00:00,1.5578,1.55784,1.5548,1.5567,0,0
2014-12-18,10:00:00,1.55668,1.55972,1.55668,1.55927,0,0
2014-12-18,11:00:00,1.55927,1.56604,1.5586,1.56206,0,0
2014-12-18,12:00:00,1.56187,1.56536,1.56187,1.56425,0,0
2014-12-18,13:00:00,1.56408,1.56642,1.56403,1.5653,0,0
2014-12-18,14:00:00,1.56517,1.56596,1.56337,1.56337,0,0
2014-12-18,15:00:00,1.56325,1.56375,1.56024,1.56076,0,0
2014-12-18,16:00:00,1.56094,1.56493,1.56073,1.56481,0,0
2014-12-18,17:00:00,1.56495,1.56686,1.5637,1.5637,0,0
2014-12-18,18:00:00,1.56336,1.56753,1.56297,1.56594,0,0
2014-12-18,19:00:00,1.56588,1.56628,1.56422,1.56593,0,0
2014-12-18,20:00:00,1.5659,1.56664,1.56513,1.56594,0,0
2014-12-18,21:00:00,1.56593,1.5669,1.56562,1.56682,0,0
2014-12-18,22:00:00,1.5668,1.56727,1.56621,1.56711,0,0
2014-12-18,23:00:00,1.56711,1.56711,1.56643,1.5669,0,0
2014-12-18,23:59:00,1.56697,1.56697,1.56638,1.56672,0,0
2014-12-19,01:00:00,1.56674,1.56718,1.56614,1.56663,0,0
2014-12-19,02:00:00,1.56654,1.56675,1.56511,1.56522,0,0
2014-12-19,03:00:00,1.56522,1.56634,1.56498,1.56572,0,0
2014-12-19,04:00:00,1.56573,1.56644,1.56561,1.56619,0,0
2014-12-19,05:00:00,1.56623,1.56624,1.56521,1.56541,0,0
2014-12-19,06:00:00,1.5654,1.56578,1.56508,1.56522,0,0
2014-12-19,07:00:00,1.56524,1.56555,1.56489,1.56507,0,0
2014-12-19,08:00:00,1.56507,1.56563,1.56501,1.56553,0,0
2014-12-19,09:00:00,1.56552,1.56694,1.56548,1.56596,0,0
2014-12-19,10:00:00,1.56604,1.56804,1.56491,1.56575,0,0
2014-12-19,11:00:00,1.56582,1.5677,1.56461,1.56514,0,0
2014-12-19,12:00:00,1.56516,1.56668,1.56397,1.56455,0,0
2014-12-19,13:00:00,1.56465,1.56506,1.56163,1.56196,0,0
2014-12-19,14:00:00,1.56199,1.56519,1.56155,1.56457,0,0
2014-12-19,15:00:00,1.56456,1.56724,1.56393,1.56496,0,0
2014-12-19,16:00:00,1.56507,1.56667,1.56456,1.56456,0,0
2014-12-19,17:00:00,1.56456,1.56475,1.56297,1.5634,0,0
2014-12-19,18:00:00,1.56351,1.56403,1.56039,1.56047,0,0
2014-12-19,19:00:00,1.56045,1.562,1.56038,1.56188,0,0
2014-12-19,20:00:00,1.56184,1.56231,1.56108,1.56207,0,0
2014-12-19,21:00:00,1.5621,1.56336,1.56183,1.5633,0,0
2014-12-19,22:00:00,1.5633,1.56429,1.56287,1.56299,0,0
2014-12-19,23:00:00,1.56296,1.56296,1.56236,1.56247,0,0
2014-12-22,01:00:00,1.56246,1.5627,1.5619,1.56248,0,0
2014-12-22,02:00:00,1.56248,1.5633,1.562,1.5621,0,0
2014-12-22,03:00:00,1.5621,1.56325,1.5621,1.56277,0,0
2014-12-22,04:00:00,1.56277,1.5643,1.56195,1.5642,0,0
2014-12-22,05:00:00,1.5642,1.5644,1.5627,1.5642,0,0
2014-12-22,06:00:00,1.5642,1.56445,1.56373,1.56429,0,0
2014-12-22,07:00:00,1.56432,1.56455,1.56383,1.56426,0,0
2014-12-22,08:00:00,1.56435,1.56489,1.56387,1.56393,0,0
2014-12-22,09:00:00,1.56392,1.56649,1.56309,1.56584,0,0
2014-12-22,10:00:00,1.56581,1.56585,1.56268,1.56349,0,0
2014-12-22,11:00:00,1.5636,1.56421,1.56103,1.56197,0,0
2014-12-22,12:00:00,1.5622,1.56269,1.561,1.56267,0,0
2014-12-22,13:00:00,1.56217,1.56256,1.5599,1.56119,0,0
2014-12-22,14:00:00,1.56119,1.56332,1.56115,1.56226,0,0
2014-12-22,15:00:00,1.56216,1.56238,1.56029,1.56191,0,0
2014-12-22,16:00:00,1.56188,1.56207,1.56086,1.56174,0,0
2014-12-22,17:00:00,1.56174,1.563,1.56018,1.56237,0,0
2014-12-22,18:00:00,1.56265,1.56277,1.56129,1.56168,0,0
2014-12-22,19:00:00,1.56162,1.56207,1.56037,1.56043,0,0
2014-12-22,20:00:00,1.56042,1.56115,1.56025,1.56089,0,0
2014-12-22,21:00:00,1.56117,1.5612,1.55883,1.55884,0,0
2014-12-22,22:00:00,1.55884,1.55991,1.55729,1.55787,0,0
2014-12-22,23:00:00,1.55787,1.55909,1.55767,1.55893,0,0
2014-12-22,23:59:00,1.55896,1.55928,1.55819,1.55829,0,0
2014-12-23,01:00:00,1.55827,1.55828,1.55727,1.55777,0,0
2014-12-23,02:00:00,1.55777,1.55845,1.55768,1.55815,0,0
2014-12-23,03:00:00,1.55811,1.55868,1.55805,1.5585,0,0
2014-12-23,04:00:00,1.5585,1.55916,1.55848,1.55906,0,0
2014-12-23,05:00:00,1.55906,1.55954,1.5588,1.55921,0,0
2014-12-23,06:00:00,1.55921,1.55921,1.55854,1.55913,0,0
2014-12-23,07:00:00,1.55913,1.55916,1.55802,1.55822,0,0
2014-12-23,08:00:00,1.55852,1.55923,1.5582,1.55875,0,0
2014-12-23,09:00:00,1.55873,1.55997,1.55814,1.5582,0,0
2014-12-23,10:00:00,1.55816,1.55963,1.55781,1.55883,0,0
2014-12-23,11:00:00,1.55884,1.56082,1.55494,1.55761,0,0
2014-12-23,12:00:00,1.55718,1.55757,1.5563,1.55689,0,0
2014-12-23,13:00:00,1.55689,1.55693,1.55371,1.5557,0,0
2014-12-23,14:00:00,1.55567,1.55637,1.55213,1.55255,0,0
2014-12-23,15:00:00,1.55254,1.55322,1.54995,1.55004,0,0
2014-12-23,16:00:00,1.55019,1.55169,1.54875,1.54915,0,0
2014-12-23,17:00:00,1.54962,1.55223,1.54879,1.5521,0,0
2014-12-23,18:00:00,1.55211,1.55211,1.549,1.55143,0,0
2014-12-23,19:00:00,1.55143,1.5523,1.55094,1.55139,0,0
2014-12-23,20:00:00,1.5514,1.55184,1.54944,1.55089,0,0
2014-12-23,21:00:00,1.55089,1.55207,1.5502,1.5518,0,0
2014-12-23,22:00:00,1.55187,1.5519,1.55032,1.55059,0,0
2014-12-23,23:00:00,1.55059,1.55199,1.5499,1.55179,0,0
2014-12-23,23:59:00,1.55179,1.55193,1.55076,1.55148,0,0
2014-12-24,01:00:00,1.55153,1.55235,1.55118,1.55188,0,0
2014-12-24,02:00:00,1.55199,1.55259,1.55181,1.55246,0,0
2014-12-24,03:00:00,1.55245,1.55257,1.55156,1.5516,0,0
2014-12-24,04:00:00,1.5516,1.55172,1.55039,1.55057,0,0
2014-12-24,05:00:00,1.55057,1.55154,1.55049,1.55129,0,0
2014-12-24,06:00:00,1.55129,1.5518,1.55109,1.5514,0,0
2014-12-24,07:00:00,1.55116,1.55254,1.55115,1.55245,0,0
2014-12-24,08:00:00,1.55249,1.55262,1.55189,1.55203,0,0
2014-12-24,09:00:00,1.55214,1.55463,1.55201,1.55394,0,0
2014-12-24,10:00:00,1.55441,1.55512,1.55375,1.55482,0,0
2014-12-24,11:00:00,1.55479,1.55516,1.553,1.5545,0,0
2014-12-24,12:00:00,1.5545,1.55538,1.55384,1.55501,0,0
2014-12-24,13:00:00,1.5548,1.55557,1.55363,1.55421,0,0
2014-12-24,14:00:00,1.55421,1.55496,1.55289,1.5529,0,0
2014-12-24,15:00:00,1.5529,1.55468,1.55271,1.55334,0,0
2014-12-24,16:00:00,1.55337,1.5551,1.55258,1.5544,0,0
2014-12-24,17:00:00,1.55403,1.55479,1.55368,1.55479,0,0
2014-12-24,18:00:00,1.55516,1.55547,1.55473,1.55477,0,0
2014-12-24,19:00:00,1.55476,1.55545,1.55359,1.55482,0,0
2014-12-24,20:00:00,1.55494,1.5563,1.55383,1.5539,0,0
2014-12-24,21:00:00,1.55366,1.5559,1.55365,1.55529,0,0
2014-12-24,22:00:00,1.55529,1.55645,1.5551,1.55522,0,0
2014-12-24,23:00:00,1.55522,1.55605,1.5547,1.5555,0,0
2014-12-24,23:59:00,1.55498,1.55623,1.5543,1.55589,0,0
2014-12-26,01:00:00,1.5556,1.55677,1.5547,1.55555,0,0
2014-12-26,02:00:00,1.55556,1.55655,1.55548,1.55651,0,0
2014-12-26,03:00:00,1.55626,1.55641,1.55599,1.55618,0,0
2014-12-26,04:00:00,1.5562,1.55634,1.55577,1.55586,0,0
2014-12-26,05:00:00,1.55584,1.55584,1.55548,1.55553,0,0
2014-12-26,06:00:00,1.55552,1.55586,1.55551,1.55562,0,0
2014-12-26,07:00:00,1.55563,1.5557,1.55509,1.55515,0,0
2014-12-26,08:00:00,1.55515,1.55589,1.55515,1.55586,0,0
2014-12-26,09:00:00,1.55586,1.55602,1.55555,1.55599,0,0
2014-12-26,10:00:00,1.55599,1.556,1.55529,1.55532,0,0
2014-12-26,11:00:00,1.55532,1.55575,1.55522,1.55548,0,0
2014-12-26,12:00:00,1.55544,1.55552,1.55473,1.55491,0,0
2014-12-26,13:00:00,1.55513,1.55639,1.55513,1.55608,0,0
2014-12-26,14:00:00,1.55609,1.55632,1.55446,1.5551,0,0
2014-12-26,15:00:00,1.55513,1.55592,1.5537,1.55578,0,0
2014-12-26,16:00:00,1.5558,1.55655,1.555,1.55531,0,0
2014-12-26,17:00:00,1.5553,1.55626,1.55471,1.55581,0,0
2014-12-26,18:00:00,1.55613,1.5562,1.55508,1.55514,0,0
2014-12-26,19:00:00,1.55514,1.55551,1.55479,1.55505,0,0
2014-12-26,20:00:00,1.55528,1.55604,1.55507,1.55553,0,0
2014-12-26,21:00:00,1.55555,1.55583,1.55526,1.55568,0,0
2014-12-26,22:00:00,1.55584,1.55584,1.55516,1.55532,0,0
2014-12-26,23:00:00,1.55532,1.55532,1.55532,1.55532,0,0
2014-12-29,01:00:00,1.55562,1.55577,1.55473,1.55506,0,0
2014-12-29,02:00:00,1.55509,1.55608,1.55507,1.55602,0,0
2014-12-29,03:00:00,1.55605,1.55715,1.55605,1.55707,0,0
2014-12-29,04:00:00,1.55707,1.5573,1.55653,1.55659,0,0
2014-12-29,05:00:00,1.55653,1.55712,1.55653,1.55664,0,0
2014-12-29,06:00:00,1.55664,1.55811,1.55659,1.55808,0,0
2014-12-29,07:00:00,1.55808,1.55852,1.55768,1.55775,0,0
2014-12-29,08:00:00,1.55775,1.55783,1.55712,1.5575,0,0
2014-12-29,09:00:00,1.55751,1.55803,1.55603,1.55664,0,0
2014-12-29,10:00:00,1.5563,1.55698,1.55605,1.55689,0,0
2014-12-29,11:00:00,1.55689,1.55845,1.55637,1.55691,0,0
2014-12-29,12:00:00,1.55658,1.55751,1.55447,1.55529,0,0
2014-12-29,13:00:00,1.55531,1.55535,1.55352,1.55448,0,0
2014-12-29,14:00:00,1.55451,1.55611,1.55402,1.55601,0,0
2014-12-29,15:00:00,1.55604,1.5562,1.55455,1.55458,0,0
2014-12-29,16:00:00,1.5546,1.55556,1.55351,1.55352,0,0
2014-12-29,17:00:00,1.5536,1.55388,1.55214,1.55296,0,0
2014-12-29,18:00:00,1.55302,1.5536,1.55147,1.55223,0,0
2014-12-29,19:00:00,1.55221,1.55225,1.55123,1.55201,0,0
2014-12-29,20:00:00,1.55202,1.55273,1.55065,1.5525,0,0
2014-12-29,21:00:00,1.55235,1.55238,1.5517,1.552,0,0
2014-12-29,22:00:00,1.55201,1.55207,1.55101,1.55127,0,0
2014-12-29,23:00:00,1.55127,1.55187,1.55082,1.55157,0,0
2014-12-29,23:59:00,1.55159,1.55228,1.55061,1.55128,0,0
2014-12-30,01:00:00,1.55126,1.55184,1.55095,1.55129,0,0
2014-12-30,02:00:00,1.55127,1.5518,1.55106,1.55158,0,0
2014-12-30,03:00:00,1.55157,1.55188,1.55142,1.5516,0,0
2014-12-30,04:00:00,1.5516,1.55166,1.55058,1.55159,0,0
2014-12-30,05:00:00,1.55159,1.55193,1.55088,1.55184,0,0
2014-12-30,06:00:00,1.55184,1.55195,1.55154,1.55174,0,0
2014-12-30,07:00:00,1.55174,1.55174,1.55105,1.55114,0,0
2014-12-30,08:00:00,1.55115,1.5518,1.55011,1.55066,0,0
2014-12-30,09:00:00,1.55044,1.5531,1.54999,1.55259,0,0
2014-12-30,10:00:00,1.55261,1.55473,1.55254,1.55384,0,0
2014-12-30,11:00:00,1.55388,1.55397,1.55276,1.55341,0,0
2014-12-30,12:00:00,1.55327,1.55328,1.55161,1.55246,0,0
2014-12-30,13:00:00,1.55245,1.55377,1.55243,1.55345,0,0
2014-12-30,14:00:00,1.55345,1.55458,1.55312,1.55335,0,0
2014-12-30,15:00:00,1.55335,1.55427,1.55281,1.55423,0,0
2014-12-30,16:00:00,1.55427,1.55607,1.55407,1.55571,0,0
2014-12-30,17:00:00,1.55546,1.55712,1.55436,1.5559,0,0
2014-12-30,18:00:00,1.55595,1.55726,1.55591,1.55699,0,0
2014-12-30,19:00:00,1.55701,1.55706,1.55567,1.55569,0,0
2014-12-30,20:00:00,1.55569,1.55647,1.55507,1.55632,0,0
2014-12-30,21:00:00,1.5561,1.55692,1.55546,1.55559,0,0
2014-12-30,22:00:00,1.55559,1.55582,1.55521,1.55551,0,0
2014-12-30,23:00:00,1.55551,1.55661,1.5555,1.55613,0,0
2014-12-30,23:59:00,1.55613,1.55638,1.55492,1.55583,0,0
2014-12-31,01:00:00,1.55585,1.5569,1.55567,1.55656,0,0
2014-12-31,02:00:00,1.55656,1.55715,1.5559,1.55651,0,0
2014-12-31,03:00:00,1.5565,1.5575,1.55634,1.55737,0,0
2014-12-31,04:00:00,1.55737,1.55742,1.55642,1.55642,0,0
2014-12-31,05:00:00,1.55644,1.55675,1.55603,1.55634,0,0
2014-12-31,06:00:00,1.55632,1.55705,1.55594,1.55606,0,0
2014-12-31,07:00:00,1.55607,1.55627,1.5556,1.55608,0,0
2014-12-31,08:00:00,1.55608,1.55678,1.55561,1.55568,0,0
2014-12-31,09:00:00,1.5553,1.55603,1.55483,1.556,0,0
2014-12-31,10:00:00,1.55604,1.55776,1.55552,1.55698,0,0
2014-12-31,11:00:00,1.55715,1.55811,1.55644,1.55793,0,0
2014-12-31,12:00:00,1.55779,1.5582,1.55731,1.55813,0,0
2014-12-31,13:00:00,1.55898,1.56168,1.55838,1.56087,0,0
2014-12-31,14:00:00,1.56053,1.56157,1.55877,1.55888,0,0
2014-12-31,15:00:00,1.55865,1.55886,1.5575,1.55844,0,0
2014-12-31,16:00:00,1.55844,1.55908,1.55564,1.55587,0,0
2014-12-31,17:00:00,1.55607,1.5594,1.5558,1.55878,0,0
2014-12-31,18:00:00,1.55879,1.55933,1.55751,1.55756,0,0
2014-12-31,19:00:00,1.55771,1.5593,1.55744,1.55808,0,0
2014-12-31,20:00:00,1.55805,1.55868,1.55709,1.55766,0,0
2014-12-31,21:00:00,1.55731,1.5581,1.55684,1.55801,0,0
2014-12-31,22:00:00,1.55869,1.55876,1.55783,1.55859,0,0
2014-12-31,23:00:00,1.5586,1.5588,1.557,1.5573,0,0
2014-12-31,23:59:00,1.5573,1.5589,1.5573,1.55881,0,0
2015-01-02,01:00:00,1.55794,1.55834,1.55681,1.55788,0,0
2015-01-02,02:00:00,1.5579,1.55817,1.55617,1.55634,0,0
2015-01-02,03:00:00,1.55634,1.55677,1.55405,1.55514,0,0
2015-01-02,04:00:00,1.55515,1.55557,1.55414,1.55441,0,0
2015-01-02,05:00:00,1.55436,1.55559,1.55408,1.55539,0,0
2015-01-02,06:00:00,1.55525,1.5557,1.55412,1.55445,0,0
2015-01-02,07:00:00,1.55445,1.55473,1.55396,1.55467,0,0
2015-01-02,08:00:00,1.55468,1.55493,1.55411,1.55446,0,0
2015-01-02,09:00:00,1.55446,1.55462,1.55351,1.55374,0,0
2015-01-02,10:00:00,1.55396,1.55471,1.55161,1.55322,0,0
2015-01-02,11:00:00,1.55323,1.55354,1.54762,1.54792,0,0
2015-01-02,12:00:00,1.54795,1.54801,1.544,1.54435,0,0
2015-01-02,13:00:00,1.54447,1.54532,1.54268,1.54385,0,0
2015-01-02,14:00:00,1.54371,1.54415,1.54118,1.5426,0,0
2015-01-02,15:00:00,1.54261,1.54391,1.54123,1.54166,0,0
2015-01-02,16:00:00,1.54161,1.54194,1.53889,1.53945,0,0
2015-01-02,17:00:00,1.53945,1.54098,1.53864,1.53879,0,0
2015-01-02,18:00:00,1.53879,1.53906,1.53555,1.53604,0,0
2015-01-02,19:00:00,1.53604,1.53633,1.53524,1.53563,0,0
2015-01-02,20:00:00,1.53584,1.53584,1.53519,1.53538,0,0
2015-01-02,21:00:00,1.53529,1.53547,1.53308,1.5337,0,0
2015-01-02,22:00:00,1.53339,1.53401,1.53274,1.53352,0,0
2015-01-02,23:00:00,1.53352,1.53352,1.53327,1.53327,0,0
2015-01-05,01:00:00,1.52815,1.52977,1.52617,1.52819,0,0
2015-01-05,02:00:00,1.5282,1.53182,1.5282,1.53078,0,0
2015-01-05,03:00:00,1.5308,1.53177,1.52971,1.53021,0,0
2015-01-05,04:00:00,1.53021,1.53033,1.52915,1.52915,0,0
2015-01-05,05:00:00,1.52906,1.52938,1.52841,1.52899,0,0
2015-01-05,06:00:00,1.52859,1.52904,1.52836,1.52877,0,0
2015-01-05,07:00:00,1.52867,1.52906,1.52766,1.52865,0,0
2015-01-05,08:00:00,1.52831,1.52861,1.52729,1.52811,0,0
2015-01-05,09:00:00,1.52811,1.52989,1.52798,1.52898,0,0
2015-01-05,10:00:00,1.52901,1.53192,1.52901,1.53033,0,0
2015-01-05,11:00:00,1.53035,1.53124,1.52857,1.53051,0,0
2015-01-05,12:00:00,1.53051,1.53062,1.52667,1.5267,0,0
2015-01-05,13:00:00,1.5267,1.52713,1.52502,1.52537,0,0
2015-01-05,14:00:00,1.52529,1.52534,1.52059,1.52125,0,0
2015-01-05,15:00:00,1.52091,1.52366,1.52054,1.52076,0,0
2015-01-05,16:00:00,1.52076,1.52334,1.52025,1.52298,0,0
2015-01-05,17:00:00,1.52319,1.52461,1.52192,1.52404,0,0
2015-01-05,18:00:00,1.52402,1.52435,1.52289,1.52332,0,0
2015-01-05,19:00:00,1.52328,1.52407,1.52249,1.52273,0,0
2015-01-05,20:00:00,1.52266,1.52487,1.52206,1.52487,0,0
2015-01-05,21:00:00,1.52465,1.52606,1.52446,1.52528,0,0
2015-01-05,22:00:00,1.5252,1.52698,1.52507,1.52527,0,0
2015-01-05,23:00:00,1.52529,1.526,1.52477,1.52486,0,0
2015-01-05,23:59:00,1.52491,1.52548,1.52457,1.52517,0,0
2015-01-06,01:00:00,1.52519,1.52616,1.52497,1.52561,0,0
2015-01-06,02:00:00,1.52562,1.52645,1.52538,1.52642,0,0
2015-01-06,03:00:00,1.52642,1.52649,1.52561,1.52605,0,0
2015-01-06,04:00:00,1.52605,1.52736,1.52597,1.52632,0,0
2015-01-06,05:00:00,1.52626,1.52653,1.52557,1.52588,0,0
2015-01-06,06:00:00,1.52588,1.52604,1.52566,1.52585,0,0
2015-01-06,07:00:00,1.52586,1.52615,1.5257,1.52611,0,0
2015-01-06,08:00:00,1.52641,1.52703,1.52554,1.526,0,0
2015-01-06,09:00:00,1.52588,1.52596,1.52288,1.52304,0,0
2015-01-06,10:00:00,1.52305,1.52476,1.52145,1.52429,0,0
2015-01-06,11:00:00,1.52399,1.52451,1.51897,1.52045,0,0
2015-01-06,12:00:00,1.51997,1.5203,1.51762,1.51867,0,0
2015-01-06,13:00:00,1.51867,1.52062,1.51835,1.51922,0,0
2015-01-06,14:00:00,1.51891,1.51985,1.51845,1.51929,0,0
2015-01-06,15:00:00,1.51895,1.51954,1.51675,1.51785,0,0
2015-01-06,16:00:00,1.51785,1.51799,1.51522,1.51701,0,0
2015-01-06,17:00:00,1.51783,1.51973,1.51635,1.51695,0,0
2015-01-06,18:00:00,1.51695,1.51838,1.5166,1.51741,0,0
2015-01-06,19:00:00,1.51753,1.5188,1.51697,1.5172,0,0
2015-01-06,20:00:00,1.51723,1.51882,1.51721,1.5188,0,0
2015-01-06,21:00:00,1.5188,1.51901,1.51638,1.51681,0,0
2015-01-06,22:00:00,1.51647,1.51652,1.51476,1.51512,0,0
2015-01-06,23:00:00,1.51512,1.51561,1.5141,1.51509,0,0
2015-01-06,23:59:00,1.51508,1.51509,1.51074,1.51389,0,0
2015-01-07,01:00:00,1.51415,1.5144,1.51326,1.51345,0,0
2015-01-07,02:00:00,1.51346,1.51376,1.51262,1.51281,0,0
2015-01-07,03:00:00,1.51281,1.51447,1.51281,1.51439,0,0
2015-01-07,04:00:00,1.51439,1.51439,1.51332,1.51386,0,0
2015-01-07,05:00:00,1.51384,1.51467,1.51349,1.51432,0,0
2015-01-07,06:00:00,1.51432,1.51455,1.51374,1.51376,0,0
2015-01-07,07:00:00,1.51376,1.51419,1.51349,1.51383,0,0
2015-01-07,08:00:00,1.51383,1.51411,1.5123,1.51314,0,0
2015-01-07,09:00:00,1.51314,1.51493,1.51279,1.51404,0,0
2015-01-07,10:00:00,1.51463,1.51553,1.51207,1.51266,0,0
2015-01-07,11:00:00,1.51266,1.51421,1.51144,1.512,0,0
2015-01-07,12:00:00,1.51195,1.51435,1.51052,1.51281,0,0
2015-01-07,13:00:00,1.51339,1.51387,1.51167,1.51214,0,0
2015-01-07,14:00:00,1.51227,1.51351,1.51213,1.51273,0,0
2015-01-07,15:00:00,1.51274,1.5128,1.51015,1.51052,0,0
2015-01-07,16:00:00,1.51051,1.51059,1.50775,1.50853,0,0
2015-01-07,17:00:00,1.50836,1.50975,1.50591,1.50625,0,0
2015-01-07,18:00:00,1.50627,1.50796,1.50572,1.50726,0,0
2015-01-07,19:00:00,1.50712,1.50886,1.50673,1.50877,0,0
2015-01-07,20:00:00,1.50878,1.51021,1.50854,1.50988,0,0
2015-01-07,21:00:00,1.50987,1.51258,1.50791,1.51218,0,0
2015-01-07,22:00:00,1.51183,1.51216,1.51031,1.51079,0,0
2015-01-07,23:00:00,1.51079,1.51133,1.51035,1.51083,0,0
2015-01-07,23:59:00,1.51089,1.51124,1.51022,1.5106,0,0
2015-01-08,01:00:00,1.51057,1.51068,1.51029,1.51048,0,0
2015-01-08,02:00:00,1.51048,1.51172,1.5104,1.51052,0,0
2015-01-08,03:00:00,1.51041,1.51088,1.50949,1.50962,0,0
2015-01-08,04:00:00,1.50961,1.50983,1.50844,1.50901,0,0
2015-01-08,05:00:00,1.50899,1.50971,1.5084,1.50931,0,0
2015-01-08,06:00:00,1.50929,1.50949,1.50843,1.50852,0,0
2015-01-08,07:00:00,1.50859,1.509,1.5081,1.50872,0,0
2015-01-08,08:00:00,1.50872,1.50939,1.50821,1.50887,0,0
2015-01-08,09:00:00,1.50832,1.50864,1.50621,1.50729,0,0
2015-01-08,10:00:00,1.50723,1.50729,1.50347,1.50383,0,0
2015-01-08,11:00:00,1.50378,1.50585,1.50368,1.5052,0,0
2015-01-08,12:00:00,1.50576,1.50693,1.50497,1.50565,0,0
2015-01-08,13:00:00,1.50545,1.50719,1.50517,1.5063,0,0
2015-01-08,14:00:00,1.5061,1.50753,1.50439,1.50736,0,0
2015-01-08,15:00:00,1.507,1.5081,1.50595,1.50767,0,0
2015-01-08,16:00:00,1.50762,1.50916,1.50579,1.50886,0,0
2015-01-08,17:00:00,1.50891,1.50945,1.50726,1.50808,0,0
2015-01-08,18:00:00,1.50808,1.5117,1.50795,1.51156,0,0
2015-01-08,19:00:00,1.51155,1.51164,1.51061,1.51149,0,0
2015-01-08,20:00:00,1.5115,1.51164,1.50947,1.51038,0,0
2015-01-08,21:00:00,1.51037,1.51066,1.50795,1.50795,0,0
2015-01-08,22:00:00,1.50838,1.50871,1.50801,1.50833,0,0
2015-01-08,23:00:00,1.50833,1.50908,1.50794,1.50871,0,0
2015-01-08,23:59:00,1.50855,1.50871,1.50772,1.50787,0,0
2015-01-09,01:00:00,1.50798,1.50898,1.50759,1.50855,0,0
2015-01-09,02:00:00,1.50853,1.50945,1.50829,1.5094,0,0
2015-01-09,03:00:00,1.5094,1.51036,1.50897,1.50909,0,0
2015-01-09,04:00:00,1.50901,1.50993,1.50885,1.50926,0,0
2015-01-09,05:00:00,1.50926,1.50958,1.50893,1.50928,0,0
2015-01-09,06:00:00,1.50931,1.50957,1.50904,1.50911,0,0
2015-01-09,07:00:00,1.50911,1.51008,1.5091,1.50973,0,0
2015-01-09,08:00:00,1.50961,1.50963,1.50887,1.50911,0,0
2015-01-09,09:00:00,1.50911,1.50993,1.50899,1.50954,0,0
2015-01-09,10:00:00,1.50954,1.51178,1.50954,1.51141,0,0
2015-01-09,11:00:00,1.51157,1.51483,1.51081,1.51305,0,0
2015-01-09,12:00:00,1.51311,1.51528,1.51241,1.51504,0,0
2015-01-09,13:00:00,1.51486,1.51606,1.51408,1.51492,0,0
2015-01-09,14:00:00,1.51491,1.51491,1.51299,1.51311,0,0
2015-01-09,15:00:00,1.51313,1.51701,1.50974,1.51196,0,0
2015-01-09,16:00:00,1.51196,1.51334,1.51016,1.51166,0,0
2015-01-09,17:00:00,1.51213,1.51687,1.51163,1.51465,0,0
2015-01-09,18:00:00,1.51462,1.51657,1.5108,1.51495,0,0
2015-01-09,19:00:00,1.51495,1.51598,1.51393,1.51418,0,0
2015-01-09,20:00:00,1.51442,1.51651,1.51433,1.51601,0,0
2015-01-09,21:00:00,1.51599,1.51659,1.51542,1.51648,0,0
2015-01-09,22:00:00,1.51645,1.5166,1.51586,1.51642,0,0
2015-01-09,23:00:00,1.5164,1.5164,1.5164,1.5164,0,0
