Date,Time,Open,High,Low,Close,Volume,OpenInt
2014-10-13,01:00:00,1.15211,1.15516,1.15186,1.15504,0,0
2014-10-13,02:00:00,1.15513,1.15578,1.15189,1.15246,0,0
2014-10-13,03:00:00,1.15246,1.15579,1.15034,1.1505,0,0
2014-10-13,04:00:00,1.15052,1.15081,1.14538,1.14582,0,0
2014-10-13,05:00:00,1.14595,1.14691,1.14301,1.14537,0,0
2014-10-13,06:00:00,1.14541,1.14688,1.14469,1.14508,0,0
2014-10-13,07:00:00,1.14509,1.14563,1.14372,1.14483,0,0
2014-10-13,08:00:00,1.14485,1.1458,1.14418,1.14508,0,0
2014-10-13,09:00:00,1.14502,1.14791,1.14405,1.14725,0,0
2014-10-13,10:00:00,1.1473,1.1482,1.14596,1.14596,0,0
2014-10-13,11:00:00,1.14608,1.14633,1.14456,1.14538,0,0
2014-10-13,12:00:00,1.14537,1.1459,1.14333,1.14355,0,0
2014-10-13,13:00:00,1.14352,1.14399,1.14106,1.14222,0,0
2014-10-13,14:00:00,1.14222,1.14224,1.14052,1.14218,0,0
2014-10-13,15:00:00,1.14218,1.14237,1.14048,1.14065,0,0
2014-10-13,16:00:00,1.14065,1.14119,1.13814,1.13933,0,0
2014-10-13,17:00:00,1.13921,1.14284,1.13907,1.14271,0,0
2014-10-13,18:00:00,1.14243,1.1436,1.14051,1.14158,0,0
2014-10-13,19:00:00,1.14146,1.14243,1.14106,1.1422,0,0
2014-10-13,20:00:00,1.14218,1.14241,1.1408,1.14128,0,0
2014-10-13,21:00:00,1.14125,1.14184,1.14082,1.14162,0,0
2014-10-13,22:00:00,1.1416,1.14244,1.13991,1.14244,0,0
2014-10-13,23:00:00,1.14247,1.1426,1.13954,1.14017,0,0
2014-10-13,23:59:00,1.14026,1.14213,1.13985,1.14187,0,0
2014-10-14,01:00:00,1.14187,1.14237,1.14116,1.14215,0,0
2014-10-14,02:00:00,1.14209,1.14328,1.14123,1.14247,0,0
2014-10-14,03:00:00,1.14247,1.14469,1.14245,1.14317,0,0
2014-10-14,04:00:00,1.14318,1.14371,1.13799,1.13855,0,0
2014-10-14,05:00:00,1.13855,1.139,1.13492,1.13594,0,0
2014-10-14,06:00:00,1.13594,1.13726,1.13502,1.1372,0,0
2014-10-14,07:00:00,1.13723,1.13801,1.13661,1.13704,0,0
2014-10-14,08:00:00,1.13704,1.13854,1.13643,1.13837,0,0
2014-10-14,09:00:00,1.1385,1.13995,1.13762,1.13945,0,0
2014-10-14,10:00:00,1.13945,1.14249,1.13922,1.14196,0,0
2014-10-14,11:00:00,1.14202,1.14449,1.14194,1.14309,0,0
2014-10-14,12:00:00,1.14311,1.14699,1.14262,1.14565,0,0
2014-10-14,13:00:00,1.14566,1.14676,1.14388,1.14444,0,0
2014-10-14,14:00:00,1.14431,1.14642,1.14431,1.1447,0,0
2014-10-14,15:00:00,1.14481,1.14528,1.14239,1.14318,0,0
2014-10-14,16:00:00,1.14307,1.14641,1.14282,1.14611,0,0
2014-10-14,17:00:00,1.14605,1.14667,1.14509,1.14616,0,0
2014-10-14,18:00:00,1.14592,1.14685,1.14542,1.14607,0,0
2014-10-14,19:00:00,1.14608,1.14643,1.14528,1.1457,0,0
2014-10-14,20:00:00,1.14569,1.14622,1.14553,1.14604,0,0
2014-10-14,21:00:00,1.14604,1.14903,1.14591,1.14838,0,0
2014-10-14,22:00:00,1.14837,1.15021,1.14804,1.14874,0,0
2014-10-14,23:00:00,1.1487,1.14874,1.14749,1.14771,0,0
2014-10-14,23:59:00,1.14774,1.14821,1.14684,1.14703,0,0
2014-10-15,01:00:00,1.14697,1.14853,1.14697,1.14825,0,0
2014-10-15,02:00:00,1.14826,1.15043,1.14797,1.14826,0,0
2014-10-15,03:00:00,1.14828,1.15146,1.1482,1.15134,0,0
2014-10-15,04:00:00,1.15137,1.1527,1.14774,1.14857,0,0
2014-10-15,05:00:00,1.14859,1.14966,1.14808,1.14853,0,0
2014-10-15,06:00:00,1.14849,1.14854,1.1468,1.14745,0,0
2014-10-15,07:00:00,1.14742,1.1487,1.14624,1.14693,0,0
2014-10-15,08:00:00,1.14678,1.14743,1.14474,1.14541,0,0
2014-10-15,09:00:00,1.14542,1.14576,1.14295,1.14399,0,0
2014-10-15,10:00:00,1.14405,1.14633,1.14325,1.14583,0,0
2014-10-15,11:00:00,1.14595,1.1471,1.14561,1.14624,0,0
2014-10-15,12:00:00,1.14625,1.14899,1.14521,1.14788,0,0
2014-10-15,13:00:00,1.1478,1.14787,1.14578,1.14638,0,0
2014-10-15,14:00:00,1.14634,1.1478,1.14597,1.14636,0,0
2014-10-15,15:00:00,1.14643,1.14726,1.13824,1.14032,0,0
2014-10-15,16:00:00,1.14029,1.14081,1.12885,1.13713,0,0
2014-10-15,17:00:00,1.13648,1.13924,1.13572,1.13837,0,0
2014-10-15,18:00:00,1.13834,1.13871,1.13552,1.13731,0,0
2014-10-15,19:00:00,1.13738,1.13894,1.13589,1.13842,0,0
2014-10-15,20:00:00,1.13838,1.14708,1.13815,1.14457,0,0
2014-10-15,21:00:00,1.14456,1.14532,1.1395,1.14016,0,0
2014-10-15,22:00:00,1.14013,1.14037,1.13383,1.13437,0,0
2014-10-15,23:00:00,1.13487,1.13551,1.13168,1.13281,0,0
2014-10-15,23:59:00,1.13296,1.13576,1.13296,1.13524,0,0
2014-10-16,01:00:00,1.13533,1.13698,1.1347,1.13645,0,0
2014-10-16,02:00:00,1.13645,1.13935,1.13591,1.13745,0,0
2014-10-16,03:00:00,1.13744,1.13869,1.13461,1.13596,0,0
2014-10-16,04:00:00,1.13587,1.1374,1.13525,1.13572,0,0
2014-10-16,05:00:00,1.13567,1.13834,1.13565,1.13705,0,0
2014-10-16,06:00:00,1.13704,1.13851,1.13656,1.13795,0,0
2014-10-16,07:00:00,1.13795,1.13863,1.13764,1.13808,0,0
2014-10-16,08:00:00,1.13808,1.13845,1.1366,1.13754,0,0
2014-10-16,09:00:00,1.13753,1.1417,1.13732,1.14065,0,0
2014-10-16,10:00:00,1.14055,1.14375,1.13921,1.14147,0,0
2014-10-16,11:00:00,1.14133,1.14546,1.14102,1.14541,0,0
2014-10-16,12:00:00,1.14538,1.15003,1.14443,1.15003,0,0
2014-10-16,13:00:00,1.14999,1.15105,1.14697,1.14758,0,0
2014-10-16,14:00:00,1.14759,1.14863,1.1457,1.14809,0,0
2014-10-16,15:00:00,1.14799,1.15124,1.14774,1.14887,0,0
2014-10-16,16:00:00,1.14891,1.14936,1.14503,1.14586,0,0
2014-10-16,17:00:00,1.14616,1.14708,1.1395,1.14086,0,0
2014-10-16,18:00:00,1.14077,1.14297,1.13794,1.14086,0,0
2014-10-16,19:00:00,1.14089,1.14177,1.13947,1.13956,0,0
2014-10-16,20:00:00,1.13956,1.14125,1.13845,1.14111,0,0
2014-10-16,21:00:00,1.14112,1.14189,1.1406,1.14115,0,0
2014-10-16,22:00:00,1.14112,1.14217,1.14042,1.14206,0,0
2014-10-16,23:00:00,1.14213,1.14278,1.14154,1.14213,0,0
2014-10-16,23:59:00,1.14247,1.14348,1.14203,1.14299,0,0
2014-10-17,01:00:00,1.14282,1.14503,1.14198,1.14211,0,0
2014-10-17,02:00:00,1.14215,1.14215,1.13989,1.14015,0,0
2014-10-17,03:00:00,1.14021,1.14034,1.13846,1.14,0,0
2014-10-17,04:00:00,1.13999,1.14012,1.13758,1.13801,0,0
2014-10-17,05:00:00,1.13802,1.14065,1.13802,1.14065,0,0
2014-10-17,06:00:00,1.14071,1.14375,1.14026,1.14346,0,0
2014-10-17,07:00:00,1.14346,1.14437,1.14129,1.14309,0,0
2014-10-17,08:00:00,1.14299,1.14466,1.14244,1.14355,0,0
2014-10-17,09:00:00,1.14354,1.14477,1.14287,1.14348,0,0
2014-10-17,10:00:00,1.14347,1.14443,1.13933,1.13982,0,0
2014-10-17,11:00:00,1.13982,1.14129,1.13777,1.13777,0,0
2014-10-17,12:00:00,1.13782,1.14033,1.13782,1.13969,0,0
2014-10-17,13:00:00,1.13969,1.13972,1.13726,1.13836,0,0
2014-10-17,14:00:00,1.13846,1.13913,1.13735,1.13779,0,0
2014-10-17,15:00:00,1.1378,1.14002,1.13506,1.13937,0,0
2014-10-17,16:00:00,1.13937,1.14358,1.13917,1.14286,0,0
2014-10-17,17:00:00,1.14283,1.14312,1.14006,1.14239,0,0
2014-10-17,18:00:00,1.14228,1.14317,1.14094,1.14145,0,0
2014-10-17,19:00:00,1.1416,1.14207,1.13967,1.14052,0,0
2014-10-17,20:00:00,1.14052,1.14127,1.1399,1.14022,0,0
2014-10-17,21:00:00,1.14013,1.14194,1.14011,1.14155,0,0
2014-10-17,22:00:00,1.14147,1.14196,1.14099,1.14115,0,0
2014-10-17,23:00:00,1.14115,1.14115,1.14115,1.14115,0,0
2014-10-20,01:00:00,1.14106,1.14316,1.14106,1.14316,0,0
2014-10-20,02:00:00,1.14322,1.14326,1.14103,1.14223,0,0
2014-10-20,03:00:00,1.14222,1.14222,1.13954,1.14039,0,0
2014-10-20,04:00:00,1.14041,1.14059,1.13849,1.13904,0,0
2014-10-20,05:00:00,1.13904,1.13991,1.1381,1.1386,0,0
2014-10-20,06:00:00,1.13863,1.14042,1.13854,1.1398,0,0
2014-10-20,07:00:00,1.13978,1.14047,1.13951,1.13982,0,0
2014-10-20,08:00:00,1.13982,1.14034,1.13933,1.13986,0,0
2014-10-20,09:00:00,1.13977,1.14297,1.13959,1.14181,0,0
2014-10-20,10:00:00,1.14183,1.14273,1.14078,1.14157,0,0
2014-10-20,11:00:00,1.14146,1.14189,1.14064,1.1418,0,0
2014-10-20,12:00:00,1.1419,1.14194,1.13998,1.14059,0,0
2014-10-20,13:00:00,1.1406,1.14133,1.13869,1.14127,0,0
2014-10-20,14:00:00,1.14128,1.14172,1.14067,1.14103,0,0
2014-10-20,15:00:00,1.14106,1.14108,1.13894,1.13967,0,0
2014-10-20,16:00:00,1.13968,1.14016,1.13824,1.13872,0,0
2014-10-20,17:00:00,1.13871,1.13871,1.13667,1.13858,0,0
2014-10-20,18:00:00,1.13856,1.13921,1.13837,1.13839,0,0
2014-10-20,19:00:00,1.13842,1.13898,1.13715,1.13801,0,0
2014-10-20,20:00:00,1.13803,1.13812,1.13718,1.13792,0,0
2014-10-20,21:00:00,1.1379,1.13803,1.13728,1.13763,0,0
2014-10-20,22:00:00,1.13763,1.13771,1.13627,1.137,0,0
2014-10-20,23:00:00,1.13701,1.13876,1.13689,1.1386,0,0
2014-10-20,23:59:00,1.13891,1.13919,1.13807,1.13912,0,0
2014-10-21,01:00:00,1.1392,1.1392,1.13736,1.13793,0,0
2014-10-21,02:00:00,1.13799,1.13964,1.13753,1.13938,0,0
2014-10-21,03:00:00,1.13938,1.1398,1.13682,1.13847,0,0
2014-10-21,04:00:00,1.13847,1.14094,1.13845,1.14094,0,0
2014-10-21,05:00:00,1.13937,1.13967,1.1346,1.13635,0,0
2014-10-21,06:00:00,1.13634,1.13682,1.13497,1.13501,0,0
2014-10-21,07:00:00,1.135,1.135,1.1328,1.13404,0,0
2014-10-21,08:00:00,1.13397,1.13591,1.13393,1.13399,0,0
2014-10-21,09:00:00,1.13403,1.13704,1.13291,1.13653,0,0
2014-10-21,10:00:00,1.13653,1.13653,1.1344,1.13525,0,0
2014-10-21,11:00:00,1.13528,1.13732,1.13464,1.13713,0,0
2014-10-21,12:00:00,1.13718,1.13738,1.13488,1.13492,0,0
2014-10-21,13:00:00,1.13494,1.13658,1.13456,1.13656,0,0
2014-10-21,14:00:00,1.1366,1.13667,1.13422,1.13466,0,0
2014-10-21,15:00:00,1.13466,1.13543,1.13228,1.13354,0,0
2014-10-21,16:00:00,1.13353,1.13522,1.13296,1.1344,0,0
2014-10-21,17:00:00,1.13442,1.13669,1.13397,1.13558,0,0
2014-10-21,18:00:00,1.13542,1.1393,1.13513,1.13693,0,0
2014-10-21,19:00:00,1.13692,1.13713,1.13569,1.13713,0,0
2014-10-21,20:00:00,1.13713,1.13735,1.13611,1.13735,0,0
2014-10-21,21:00:00,1.13744,1.13961,1.13744,1.13886,0,0
2014-10-21,22:00:00,1.13916,1.13947,1.1383,1.13893,0,0
2014-10-21,23:00:00,1.13903,1.13912,1.13847,1.13897,0,0
2014-10-21,23:59:00,1.13924,1.13968,1.13856,1.13908,0,0
2014-10-22,01:00:00,1.13902,1.14111,1.13898,1.14108,0,0
2014-10-22,02:00:00,1.14107,1.14117,1.13989,1.1405,0,0
2014-10-22,03:00:00,1.14054,1.14339,1.13808,1.13948,0,0
2014-10-22,04:00:00,1.13948,1.14071,1.13842,1.13897,0,0
2014-10-22,05:00:00,1.13897,1.139,1.13742,1.13776,0,0
2014-10-22,06:00:00,1.13777,1.13795,1.13665,1.13754,0,0
2014-10-22,07:00:00,1.13755,1.13803,1.13713,1.1376,0,0
2014-10-22,08:00:00,1.13764,1.13868,1.1376,1.13782,0,0
2014-10-22,09:00:00,1.13807,1.13868,1.13644,1.13806,0,0
2014-10-22,10:00:00,1.13806,1.1399,1.13792,1.13908,0,0
2014-10-22,11:00:00,1.13907,1.13981,1.1378,1.13798,0,0
2014-10-22,12:00:00,1.13808,1.13846,1.13749,1.13788,0,0
2014-10-22,13:00:00,1.13781,1.13868,1.13771,1.13808,0,0
2014-10-22,14:00:00,1.13801,1.13814,1.13612,1.13693,0,0
2014-10-22,15:00:00,1.13692,1.14008,1.13634,1.13999,0,0
2014-10-22,16:00:00,1.14,1.14068,1.13779,1.13845,0,0
2014-10-22,17:00:00,1.1385,1.13858,1.13608,1.13608,0,0
2014-10-22,18:00:00,1.13594,1.13762,1.13452,1.13732,0,0
2014-10-22,19:00:00,1.13744,1.13856,1.13718,1.13812,0,0
2014-10-22,20:00:00,1.13812,1.1383,1.13741,1.13808,0,0
2014-10-22,21:00:00,1.13808,1.13903,1.13808,1.1388,0,0
2014-10-22,22:00:00,1.13887,1.13985,1.13846,1.1396,0,0
2014-10-22,23:00:00,1.13959,1.14007,1.1383,1.13937,0,0
2014-10-22,23:59:00,1.1392,1.14206,1.1389,1.14121,0,0
2014-10-23,01:00:00,1.14123,1.14142,1.13951,1.14047,0,0
2014-10-23,02:00:00,1.14052,1.14134,1.1399,1.1408,0,0
2014-10-23,03:00:00,1.14078,1.14267,1.13982,1.14245,0,0
2014-10-23,04:00:00,1.14245,1.14294,1.13989,1.14226,0,0
2014-10-23,05:00:00,1.14222,1.14228,1.14026,1.14171,0,0
2014-10-23,06:00:00,1.14171,1.14228,1.14112,1.14213,0,0
2014-10-23,07:00:00,1.14214,1.14219,1.14134,1.14134,0,0
2014-10-23,08:00:00,1.14136,1.14198,1.14123,1.1417,0,0
2014-10-23,09:00:00,1.14164,1.14201,1.14042,1.14054,0,0
2014-10-23,10:00:00,1.14052,1.14089,1.13685,1.13823,0,0
2014-10-23,11:00:00,1.13807,1.13963,1.13741,1.13885,0,0
2014-10-23,12:00:00,1.13885,1.13916,1.13745,1.13851,0,0
2014-10-23,13:00:00,1.13846,1.13921,1.13793,1.13873,0,0
2014-10-23,14:00:00,1.13877,1.13913,1.13565,1.13648,0,0
2014-10-23,15:00:00,1.13643,1.13895,1.13643,1.13894,0,0
2014-10-23,16:00:00,1.13876,1.14063,1.1386,1.13954,0,0
2014-10-23,17:00:00,1.13956,1.1426,1.13929,1.14115,0,0
2014-10-23,18:00:00,1.14112,1.14155,1.13946,1.14002,0,0
2014-10-23,19:00:00,1.13993,1.1418,1.13938,1.1416,0,0
2014-10-23,20:00:00,1.14173,1.14253,1.14104,1.14145,0,0
2014-10-23,21:00:00,1.14145,1.14249,1.1412,1.14205,0,0
2014-10-23,22:00:00,1.14181,1.1425,1.14094,1.14222,0,0
2014-10-23,23:00:00,1.14222,1.14224,1.14115,1.14157,0,0
2014-10-23,23:59:00,1.14166,1.14233,1.1408,1.14171,0,0
2014-10-24,01:00:00,1.14175,1.1419,1.14119,1.14153,0,0
2014-10-24,02:00:00,1.1416,1.14233,1.14154,1.1422,0,0
2014-10-24,03:00:00,1.14232,1.14691,1.14223,1.14559,0,0
2014-10-24,04:00:00,1.14558,1.14592,1.14371,1.14379,0,0
2014-10-24,05:00:00,1.14371,1.14407,1.14339,1.14407,0,0
2014-10-24,06:00:00,1.14406,1.14451,1.1413,1.14224,0,0
2014-10-24,07:00:00,1.14223,1.1427,1.14121,1.14183,0,0
2014-10-24,08:00:00,1.1419,1.14217,1.13987,1.1409,0,0
2014-10-24,09:00:00,1.1409,1.1423,1.14028,1.14228,0,0
2014-10-24,10:00:00,1.14224,1.14284,1.14064,1.14077,0,0
2014-10-24,11:00:00,1.14077,1.1409,1.1385,1.13972,0,0
2014-10-24,12:00:00,1.13972,1.14013,1.13907,1.13965,0,0
2014-10-24,13:00:00,1.13968,1.13973,1.13876,1.13913,0,0
2014-10-24,14:00:00,1.13913,1.13967,1.13806,1.13834,0,0
2014-10-24,15:00:00,1.13832,1.13898,1.13469,1.13536,0,0
2014-10-24,16:00:00,1.13538,1.136,1.13345,1.13385,0,0
2014-10-24,17:00:00,1.13368,1.13689,1.13344,1.1366,0,0
2014-10-24,18:00:00,1.1367,1.13678,1.13471,1.135,0,0
2014-10-24,19:00:00,1.13506,1.13647,1.135,1.13647,0,0
2014-10-24,20:00:00,1.13651,1.13651,1.13507,1.13538,0,0
2014-10-24,21:00:00,1.1354,1.13714,1.13484,1.13693,0,0
2014-10-24,22:00:00,1.13687,1.13687,1.13583,1.13679,0,0
2014-10-24,23:00:00,1.13673,1.13673,1.13673,1.13673,0,0
2014-10-27,01:00:00,1.13621,1.13675,1.13569,1.13594,0,0
2014-10-27,02:00:00,1.13586,1.1359,1.13343,1.13438,0,0
2014-10-27,03:00:00,1.13439,1.13629,1.13374,1.13487,0,0
2014-10-27,04:00:00,1.13487,1.13565,1.13335,1.13371,0,0
2014-10-27,05:00:00,1.13385,1.13507,1.13376,1.13473,0,0
2014-10-27,06:00:00,1.13471,1.13493,1.13395,1.13429,0,0
2014-10-27,07:00:00,1.13425,1.13494,1.13413,1.13435,0,0
2014-10-27,08:00:00,1.13446,1.13622,1.13376,1.13608,0,0
2014-10-27,09:00:00,1.13613,1.1374,1.13571,1.13713,0,0
2014-10-27,10:00:00,1.13714,1.13792,1.13605,1.13627,0,0
2014-10-27,11:00:00,1.13631,1.13652,1.13412,1.13511,0,0
2014-10-27,12:00:00,1.1351,1.13679,1.13434,1.13679,0,0
2014-10-27,13:00:00,1.13679,1.1378,1.13594,1.13676,0,0
2014-10-27,14:00:00,1.13671,1.13738,1.13623,1.13715,0,0
2014-10-27,15:00:00,1.13715,1.1378,1.13673,1.13738,0,0
2014-10-27,16:00:00,1.13732,1.13745,1.13524,1.13565,0,0
2014-10-27,17:00:00,1.13564,1.13661,1.13549,1.1366,0,0
2014-10-27,18:00:00,1.13663,1.13676,1.13474,1.13527,0,0
2014-10-27,19:00:00,1.13527,1.13581,1.13488,1.13581,0,0
2014-10-27,20:00:00,1.13585,1.13598,1.13533,1.13533,0,0
2014-10-27,21:00:00,1.13534,1.13605,1.13534,1.13581,0,0
2014-10-27,22:00:00,1.13581,1.13625,1.13577,1.13621,0,0
2014-10-27,23:00:00,1.1362,1.13675,1.13591,1.13627,0,0
2014-10-27,23:59:00,1.13627,1.13695,1.13626,1.13695,0,0
2014-10-28,01:00:00,1.13683,1.13705,1.1358,1.13581,0,0
2014-10-28,02:00:00,1.13567,1.1363,1.13485,1.13505,0,0
2014-10-28,03:00:00,1.13505,1.13513,1.13358,1.13424,0,0
2014-10-28,04:00:00,1.13419,1.13482,1.13386,1.13439,0,0
2014-10-28,05:00:00,1.13439,1.13466,1.13277,1.13371,0,0
2014-10-28,06:00:00,1.13374,1.13437,1.1335,1.1342,0,0
2014-10-28,07:00:00,1.1342,1.13505,1.13403,1.13464,0,0
2014-10-28,08:00:00,1.13474,1.13475,1.13357,1.13395,0,0
2014-10-28,09:00:00,1.13394,1.13401,1.13138,1.13279,0,0
2014-10-28,10:00:00,1.13279,1.13316,1.13181,1.13312,0,0
2014-10-28,11:00:00,1.13326,1.13397,1.13263,1.13272,0,0
2014-10-28,12:00:00,1.1327,1.13348,1.13166,1.13179,0,0
2014-10-28,13:00:00,1.1318,1.13244,1.13088,1.13166,0,0
2014-10-28,14:00:00,1.13166,1.13195,1.12605,1.12839,0,0
2014-10-28,15:00:00,1.12826,1.12964,1.12618,1.12923,0,0
2014-10-28,16:00:00,1.12923,1.13094,1.12885,1.13008,0,0
2014-10-28,17:00:00,1.13006,1.13034,1.12934,1.13034,0,0
2014-10-28,18:00:00,1.13036,1.13052,1.12938,1.1295,0,0
2014-10-28,19:00:00,1.12954,1.13006,1.12859,1.12895,0,0
2014-10-28,20:00:00,1.129,1.12948,1.12827,1.12922,0,0
2014-10-28,21:00:00,1.12923,1.12943,1.12827,1.1288,0,0
2014-10-28,22:00:00,1.12871,1.12942,1.12862,1.12942,0,0
2014-10-28,23:00:00,1.12957,1.13015,1.12908,1.12985,0,0
2014-10-28,23:59:00,1.12985,1.13003,1.12909,1.12974,0,0
2014-10-29,01:00:00,1.12974,1.12975,1.12843,1.12877,0,0
2014-10-29,02:00:00,1.1286,1.12905,1.12759,1.12853,0,0
2014-10-29,03:00:00,1.12866,1.12961,1.1282,1.12843,0,0
2014-10-29,04:00:00,1.12841,1.12871,1.12785,1.12826,0,0
2014-10-29,05:00:00,1.12827,1.12846,1.1278,1.12817,0,0
2014-10-29,06:00:00,1.12822,1.1284,1.1277,1.12775,0,0
2014-10-29,07:00:00,1.12776,1.12825,1.12756,1.12825,0,0
2014-10-29,08:00:00,1.12824,1.12863,1.12742,1.12863,0,0
2014-10-29,09:00:00,1.12862,1.12863,1.12657,1.12696,0,0
2014-10-29,10:00:00,1.12693,1.12713,1.12585,1.127,0,0
2014-10-29,11:00:00,1.12704,1.12709,1.1259,1.12627,0,0
2014-10-29,12:00:00,1.12623,1.12677,1.12592,1.12608,0,0
2014-10-29,13:00:00,1.12605,1.12633,1.12497,1.12519,0,0
2014-10-29,14:00:00,1.12521,1.12561,1.12459,1.1248,0,0
2014-10-29,15:00:00,1.12483,1.12551,1.12416,1.12472,0,0
2014-10-29,16:00:00,1.12471,1.12481,1.12223,1.12377,0,0
2014-10-29,17:00:00,1.12371,1.12471,1.1232,1.12322,0,0
2014-10-29,18:00:00,1.12334,1.12486,1.12334,1.12427,0,0
2014-10-29,19:00:00,1.12428,1.1274,1.12428,1.12635,0,0
2014-10-29,20:00:00,1.12667,1.13894,1.12667,1.13596,0,0
2014-10-29,21:00:00,1.13592,1.13771,1.13565,1.1367,0,0
2014-10-29,22:00:00,1.13658,1.13943,1.13636,1.13671,0,0
2014-10-29,23:00:00,1.13685,1.13854,1.13684,1.13749,0,0
2014-10-29,23:59:00,1.13738,1.13803,1.13647,1.13797,0,0
2014-10-30,01:00:00,1.13795,1.14107,1.1375,1.14045,0,0
2014-10-30,02:00:00,1.14043,1.14155,1.13916,1.13945,0,0
2014-10-30,03:00:00,1.1395,1.14127,1.13926,1.13973,0,0
2014-10-30,04:00:00,1.13972,1.13981,1.13881,1.13929,0,0
2014-10-30,05:00:00,1.13922,1.14082,1.1392,1.14064,0,0
2014-10-30,06:00:00,1.14064,1.14089,1.13977,1.14071,0,0
2014-10-30,07:00:00,1.14058,1.14211,1.14013,1.14097,0,0
2014-10-30,08:00:00,1.14091,1.14121,1.13973,1.14015,0,0
2014-10-30,09:00:00,1.14013,1.14086,1.13937,1.14065,0,0
2014-10-30,10:00:00,1.14064,1.14116,1.1381,1.13816,0,0
2014-10-30,11:00:00,1.13814,1.13865,1.13679,1.13693,0,0
2014-10-30,12:00:00,1.13711,1.13807,1.1358,1.13718,0,0
2014-10-30,13:00:00,1.1372,1.13839,1.13709,1.13832,0,0
2014-10-30,14:00:00,1.13828,1.14164,1.135,1.13502,0,0
2014-10-30,15:00:00,1.1351,1.1368,1.13461,1.13605,0,0
2014-10-30,16:00:00,1.1362,1.13647,1.13339,1.13374,0,0
2014-10-30,17:00:00,1.13361,1.13546,1.13308,1.13323,0,0
2014-10-30,18:00:00,1.13334,1.13357,1.13136,1.13214,0,0
2014-10-30,19:00:00,1.13214,1.13383,1.13177,1.13325,0,0
2014-10-30,20:00:00,1.13327,1.13327,1.13181,1.13258,0,0
2014-10-30,21:00:00,1.13257,1.13268,1.1317,1.1324,0,0
2014-10-30,22:00:00,1.13244,1.13279,1.13186,1.13203,0,0
2014-10-30,23:00:00,1.13226,1.1325,1.13006,1.13132,0,0
2014-10-30,23:59:00,1.13135,1.13327,1.13135,1.13295,0,0
2014-10-31,01:00:00,1.13287,1.13361,1.13209,1.13291,0,0
2014-10-31,02:00:00,1.1329,1.1343,1.13267,1.13397,0,0
2014-10-31,03:00:00,1.13397,1.13412,1.1324,1.13286,0,0
2014-10-31,04:00:00,1.13286,1.13412,1.13253,1.13353,0,0
2014-10-31,05:00:00,1.13354,1.1339,1.13248,1.13338,0,0
2014-10-31,06:00:00,1.13332,1.13724,1.13284,1.13581,0,0
2014-10-31,07:00:00,1.13577,1.13823,1.13538,1.13742,0,0
2014-10-31,08:00:00,1.13733,1.13804,1.13502,1.13621,0,0
2014-10-31,09:00:00,1.13625,1.13825,1.13309,1.13498,0,0
2014-10-31,10:00:00,1.13498,1.13587,1.13385,1.13447,0,0
2014-10-31,11:00:00,1.13433,1.13595,1.13429,1.13455,0,0
2014-10-31,12:00:00,1.13435,1.13482,1.1329,1.13305,0,0
2014-10-31,13:00:00,1.13304,1.13326,1.13157,1.13246,0,0
2014-10-31,14:00:00,1.13237,1.13794,1.13076,1.13731,0,0
2014-10-31,15:00:00,1.13793,1.13993,1.13692,1.1383,0,0
2014-10-31,16:00:00,1.13817,1.14101,1.13801,1.13961,0,0
2014-10-31,17:00:00,1.13978,1.14034,1.13707,1.13768,0,0
2014-10-31,18:00:00,1.13758,1.13804,1.13551,1.13552,0,0
2014-10-31,19:00:00,1.13556,1.13759,1.13556,1.13729,0,0
2014-10-31,20:00:00,1.13729,1.13741,1.13649,1.13707,0,0
2014-10-31,21:00:00,1.13707,1.13718,1.13599,1.13658,0,0
2014-10-31,22:00:00,1.13654,1.13729,1.13625,1.13705,0,0
2014-10-31,23:00:00,1.13702,1.13702,1.13702,1.13702,0,0
2014-11-03,01:00:00,1.14181,1.14352,1.14144,1.14273,0,0
2014-11-03,02:00:00,1.14271,1.14816,1.14154,1.14816,0,0
2014-11-03,03:00:00,1.14813,1.14902,1.14651,1.14726,0,0
2014-11-03,04:00:00,1.14732,1.14762,1.14611,1.14632,0,0
2014-11-03,05:00:00,1.1463,1.14682,1.14551,1.14595,0,0
2014-11-03,06:00:00,1.14604,1.14611,1.14424,1.14475,0,0
2014-11-03,07:00:00,1.14477,1.14513,1.14423,1.14447,0,0
2014-11-03,08:00:00,1.14452,1.14462,1.14261,1.143,0,0
2014-11-03,09:00:00,1.14299,1.14516,1.14254,1.14407,0,0
2014-11-03,10:00:00,1.14403,1.14403,1.14278,1.14381,0,0
2014-11-03,11:00:00,1.14388,1.14392,1.14227,1.14359,0,0
2014-11-03,12:00:00,1.14355,1.14575,1.14286,1.14478,0,0
2014-11-03,13:00:00,1.14477,1.14821,1.14475,1.14671,0,0
2014-11-03,14:00:00,1.14678,1.14776,1.14636,1.14735,0,0
2014-11-03,15:00:00,1.14771,1.1489,1.14689,1.14757,0,0
2014-11-03,16:00:00,1.14767,1.1498,1.1476,1.14966,0,0
2014-11-03,17:00:00,1.14964,1.15111,1.14743,1.14912,0,0
2014-11-03,18:00:00,1.14906,1.14989,1.14838,1.14952,0,0
2014-11-03,19:00:00,1.14953,1.15169,1.14952,1.15023,0,0
2014-11-03,20:00:00,1.15021,1.15126,1.15015,1.15025,0,0
2014-11-03,21:00:00,1.15023,1.15223,1.15017,1.15144,0,0
2014-11-03,22:00:00,1.15145,1.15189,1.1503,1.1508,0,0
2014-11-03,23:00:00,1.15079,1.15233,1.15073,1.1521,0,0
2014-11-03,23:59:00,1.1521,1.15238,1.15043,1.15097,0,0
2014-11-04,01:00:00,1.15097,1.15141,1.1499,1.15087,0,0
2014-11-04,02:00:00,1.15079,1.15676,1.14834,1.15291,0,0
2014-11-04,03:00:00,1.15291,1.15291,1.14931,1.15085,0,0
2014-11-04,04:00:00,1.15084,1.15158,1.14948,1.15103,0,0
2014-11-04,05:00:00,1.15101,1.15116,1.14499,1.14592,0,0
2014-11-04,06:00:00,1.14593,1.147,1.14499,1.14676,0,0
2014-11-04,07:00:00,1.14676,1.14749,1.14596,1.14603,0,0
2014-11-04,08:00:00,1.14603,1.14671,1.14519,1.14532,0,0
2014-11-04,09:00:00,1.14529,1.14774,1.14524,1.14743,0,0
2014-11-04,10:00:00,1.14747,1.14797,1.14584,1.14603,0,0
2014-11-04,11:00:00,1.14603,1.14692,1.14385,1.14457,0,0
2014-11-04,12:00:00,1.14444,1.14525,1.14295,1.14409,0,0
2014-11-04,13:00:00,1.14406,1.14485,1.14372,1.14403,0,0
2014-11-04,14:00:00,1.14403,1.14647,1.14393,1.14574,0,0
2014-11-04,15:00:00,1.14574,1.14725,1.14465,1.14511,0,0
2014-11-04,16:00:00,1.14512,1.14778,1.14495,1.14712,0,0
2014-11-04,17:00:00,1.14726,1.14793,1.1453,1.14596,0,0
2014-11-04,18:00:00,1.14595,1.14737,1.14495,1.14584,0,0
2014-11-04,19:00:00,1.1459,1.14664,1.14524,1.14532,0,0
2014-11-04,20:00:00,1.14536,1.14601,1.14447,1.14471,0,0
2014-11-04,21:00:00,1.14471,1.14553,1.14392,1.14392,0,0
2014-11-04,22:00:00,1.14396,1.14465,1.14368,1.14461,0,0
2014-11-04,23:00:00,1.14462,1.14565,1.1442,1.14451,0,0
2014-11-04,23:59:00,1.14452,1.14517,1.14179,1.14245,0,0
2014-11-05,01:00:00,1.14244,1.14358,1.14153,1.14358,0,0
2014-11-05,02:00:00,1.14352,1.14507,1.14339,1.14397,0,0
2014-11-05,03:00:00,1.14397,1.14504,1.14338,1.1438,0,0
2014-11-05,04:00:00,1.14381,1.14428,1.14227,1.14318,0,0
2014-11-05,05:00:00,1.1432,1.14384,1.14245,1.14294,0,0
2014-11-05,06:00:00,1.14294,1.1457,1.1429,1.14519,0,0
2014-11-05,07:00:00,1.14516,1.14737,1.14448,1.14645,0,0
2014-11-05,08:00:00,1.14639,1.15115,1.14638,1.15018,0,0
2014-11-05,09:00:00,1.15023,1.15115,1.14957,1.15035,0,0
2014-11-05,10:00:00,1.15031,1.1538,1.14999,1.15331,0,0
2014-11-05,11:00:00,1.15334,1.15537,1.15258,1.15453,0,0
2014-11-05,12:00:00,1.15453,1.16121,1.15453,1.15839,0,0
2014-11-05,13:00:00,1.15835,1.16116,1.15778,1.16116,0,0
2014-11-05,14:00:00,1.16124,1.16179,1.15993,1.16156,0,0
2014-11-05,15:00:00,1.16158,1.16313,1.15931,1.16077,0,0
2014-11-05,16:00:00,1.16089,1.16535,1.16054,1.16439,0,0
2014-11-05,17:00:00,1.16442,1.16758,1.16321,1.16391,0,0
2014-11-05,18:00:00,1.16401,1.16564,1.16371,1.16417,0,0
2014-11-05,19:00:00,1.16421,1.16656,1.16398,1.16541,0,0
2014-11-05,20:00:00,1.16543,1.16696,1.16492,1.16681,0,0
2014-11-05,21:00:00,1.16683,1.16693,1.16501,1.16557,0,0
2014-11-05,22:00:00,1.16568,1.1657,1.1636,1.16383,0,0
2014-11-05,23:00:00,1.16382,1.16414,1.1632,1.16355,0,0
2014-11-05,23:59:00,1.16351,1.16681,1.16337,1.16659,0,0
2014-11-06,01:00:00,1.16651,1.16788,1.16543,1.1658,0,0
2014-11-06,02:00:00,1.16579,1.16913,1.16203,1.16769,0,0
2014-11-06,03:00:00,1.16773,1.16773,1.16505,1.16581,0,0
2014-11-06,04:00:00,1.16581,1.16723,1.16268,1.16709,0,0
2014-11-06,05:00:00,1.167,1.1688,1.16652,1.16663,0,0
2014-11-06,06:00:00,1.16663,1.16747,1.16162,1.16162,0,0
2014-11-06,07:00:00,1.16172,1.16351,1.16012,1.16069,0,0
2014-11-06,08:00:00,1.16044,1.1621,1.16024,1.16166,0,0
2014-11-06,09:00:00,1.16176,1.16241,1.15929,1.16091,0,0
2014-11-06,10:00:00,1.1609,1.16307,1.16019,1.16063,0,0
2014-11-06,11:00:00,1.16062,1.16144,1.15937,1.16059,0,0
2014-11-06,12:00:00,1.16059,1.16143,1.16025,1.16102,0,0
2014-11-06,13:00:00,1.16101,1.16236,1.16098,1.16139,0,0
2014-11-06,14:00:00,1.16136,1.16191,1.16066,1.16082,0,0
2014-11-06,15:00:00,1.16083,1.1657,1.16028,1.16436,0,0
2014-11-06,16:00:00,1.16444,1.16653,1.16121,1.16124,0,0
2014-11-06,17:00:00,1.16133,1.16619,1.16133,1.1641,0,0
2014-11-06,18:00:00,1.16412,1.1657,1.16372,1.16561,0,0
2014-11-06,19:00:00,1.16564,1.16816,1.16546,1.16777,0,0
2014-11-06,20:00:00,1.16777,1.16802,1.16549,1.16592,0,0
2014-11-06,21:00:00,1.16592,1.16704,1.16576,1.16666,0,0
2014-11-06,22:00:00,1.16664,1.16798,1.16644,1.16775,0,0
2014-11-06,23:00:00,1.16776,1.16862,1.16758,1.1684,0,0
2014-11-06,23:59:00,1.16848,1.16899,1.16777,1.1685,0,0
2014-11-07,01:00:00,1.16835,1.16918,1.16775,1.16803,0,0
2014-11-07,02:00:00,1.16799,1.16996,1.16637,1.16772,0,0
2014-11-07,03:00:00,1.16764,1.16981,1.16698,1.1682,0,0
2014-11-07,04:00:00,1.16821,1.16863,1.16685,1.16798,0,0
2014-11-07,05:00:00,1.16784,1.16951,1.16742,1.16869,0,0
2014-11-07,06:00:00,1.16872,1.17071,1.16832,1.17038,0,0
2014-11-07,07:00:00,1.1704,1.17096,1.16833,1.16922,0,0
2014-11-07,08:00:00,1.16925,1.16965,1.16783,1.16848,0,0
2014-11-07,09:00:00,1.16854,1.16884,1.1659,1.16622,0,0
2014-11-07,10:00:00,1.16622,1.16622,1.16381,1.16391,0,0
2014-11-07,11:00:00,1.16382,1.16478,1.16352,1.16364,0,0
2014-11-07,12:00:00,1.1636,1.16401,1.16232,1.16243,0,0
2014-11-07,13:00:00,1.16233,1.16409,1.16229,1.16324,0,0
2014-11-07,14:00:00,1.16318,1.16526,1.16318,1.16371,0,0
2014-11-07,15:00:00,1.1637,1.16727,1.15853,1.16366,0,0
2014-11-07,16:00:00,1.16368,1.16423,1.15802,1.15922,0,0
2014-11-07,17:00:00,1.15931,1.16187,1.15904,1.16139,0,0
2014-11-07,18:00:00,1.16139,1.16187,1.16001,1.16031,0,0
2014-11-07,19:00:00,1.16028,1.16028,1.15878,1.15919,0,0
2014-11-07,20:00:00,1.15937,1.15969,1.15524,1.15734,0,0
2014-11-07,21:00:00,1.15727,1.15892,1.15705,1.15789,0,0
2014-11-07,22:00:00,1.15796,1.15865,1.1564,1.15833,0,0
2014-11-07,23:00:00,1.15849,1.15849,1.15849,1.15849,0,0
2014-11-10,01:00:00,1.15734,1.15741,1.15583,1.15702,0,0
2014-11-10,02:00:00,1.1571,1.15718,1.15568,1.15644,0,0
2014-11-10,03:00:00,1.15619,1.15654,1.15393,1.15393,0,0
2014-11-10,04:00:00,1.1534,1.15416,1.15197,1.15393,0,0
2014-11-10,05:00:00,1.15393,1.1542,1.15263,1.15314,0,0
2014-11-10,06:00:00,1.15314,1.15346,1.15266,1.15327,0,0
2014-11-10,07:00:00,1.15327,1.15379,1.15225,1.15292,0,0
2014-11-10,08:00:00,1.15292,1.15412,1.1518,1.15409,0,0
2014-11-10,09:00:00,1.15399,1.155,1.15222,1.153,0,0
2014-11-10,10:00:00,1.15308,1.15387,1.15287,1.1535,0,0
2014-11-10,11:00:00,1.15344,1.15359,1.15178,1.1523,0,0
2014-11-10,12:00:00,1.1523,1.1536,1.1523,1.15237,0,0
2014-11-10,13:00:00,1.15234,1.15527,1.15222,1.15455,0,0
2014-11-10,14:00:00,1.15441,1.15463,1.1537,1.15396,0,0
2014-11-10,15:00:00,1.15386,1.15513,1.1537,1.15423,0,0
2014-11-10,16:00:00,1.15423,1.15715,1.15423,1.15693,0,0
2014-11-10,17:00:00,1.15693,1.15843,1.1565,1.15749,0,0
2014-11-10,18:00:00,1.15722,1.15964,1.15717,1.15964,0,0
2014-11-10,19:00:00,1.15951,1.15968,1.15857,1.15911,0,0
2014-11-10,20:00:00,1.15926,1.1602,1.15887,1.15976,0,0
2014-11-10,21:00:00,1.15945,1.16156,1.15942,1.16091,0,0
2014-11-10,22:00:00,1.16062,1.16149,1.16056,1.16056,0,0
2014-11-10,23:00:00,1.16047,1.16081,1.15978,1.16001,0,0
2014-11-10,23:59:00,1.16027,1.16055,1.15964,1.16,0,0
2014-11-11,01:00:00,1.16,1.16,1.15831,1.15965,0,0
2014-11-11,02:00:00,1.15947,1.16075,1.15758,1.15765,0,0
2014-11-11,03:00:00,1.15765,1.15794,1.15612,1.15727,0,0
2014-11-11,04:00:00,1.15713,1.15755,1.15628,1.1567,0,0
2014-11-11,05:00:00,1.15675,1.15798,1.15604,1.15789,0,0
2014-11-11,06:00:00,1.15786,1.16035,1.15719,1.16003,0,0
2014-11-11,07:00:00,1.16003,1.1607,1.15852,1.15859,0,0
2014-11-11,08:00:00,1.15829,1.16159,1.15829,1.16151,0,0
2014-11-11,09:00:00,1.16117,1.16283,1.1599,1.16243,0,0
2014-11-11,10:00:00,1.16221,1.164,1.16162,1.16297,0,0
2014-11-11,11:00:00,1.16333,1.16383,1.16151,1.16228,0,0
2014-11-11,12:00:00,1.16195,1.16247,1.16075,1.16101,0,0
2014-11-11,13:00:00,1.16101,1.16101,1.15761,1.15865,0,0
2014-11-11,14:00:00,1.15845,1.15872,1.15739,1.15844,0,0
2014-11-11,15:00:00,1.15857,1.15865,1.15568,1.15694,0,0
2014-11-11,16:00:00,1.15654,1.15674,1.15515,1.15644,0,0
2014-11-11,17:00:00,1.1565,1.15773,1.15495,1.15495,0,0
2014-11-11,18:00:00,1.15485,1.15521,1.15176,1.15278,0,0
2014-11-11,19:00:00,1.15279,1.15404,1.15249,1.15306,0,0
2014-11-11,20:00:00,1.15295,1.15331,1.14954,1.15063,0,0
2014-11-11,21:00:00,1.15079,1.15084,1.14696,1.14927,0,0
2014-11-11,22:00:00,1.14919,1.15001,1.14866,1.14998,0,0
2014-11-11,23:00:00,1.14998,1.15209,1.14989,1.15142,0,0
2014-11-11,23:59:00,1.15134,1.15166,1.15022,1.15083,0,0
2014-11-12,01:00:00,1.15083,1.15103,1.14859,1.14891,0,0
2014-11-12,02:00:00,1.14892,1.15253,1.14866,1.1519,0,0
2014-11-12,03:00:00,1.1519,1.15207,1.15043,1.15124,0,0
2014-11-12,04:00:00,1.15141,1.15149,1.14937,1.15084,0,0
2014-11-12,05:00:00,1.15084,1.15178,1.15031,1.15178,0,0
2014-11-12,06:00:00,1.15174,1.15388,1.15146,1.15288,0,0
2014-11-12,07:00:00,1.1529,1.15311,1.15046,1.15137,0,0
2014-11-12,08:00:00,1.15146,1.15148,1.15005,1.15116,0,0
2014-11-12,09:00:00,1.15111,1.15144,1.14699,1.14718,0,0
2014-11-12,10:00:00,1.14775,1.14972,1.14775,1.14862,0,0
2014-11-12,11:00:00,1.14928,1.1512,1.14882,1.14966,0,0
2014-11-12,12:00:00,1.14917,1.14928,1.14645,1.14674,0,0
2014-11-12,13:00:00,1.14734,1.14825,1.14596,1.14768,0,0
2014-11-12,14:00:00,1.14778,1.14866,1.1473,1.14845,0,0
2014-11-12,15:00:00,1.14847,1.1489,1.14645,1.14742,0,0
2014-11-12,16:00:00,1.14749,1.14826,1.14667,1.14679,0,0
2014-11-12,17:00:00,1.14679,1.14679,1.14364,1.14513,0,0
2014-11-12,18:00:00,1.14504,1.14541,1.14435,1.14495,0,0
2014-11-12,19:00:00,1.14495,1.1467,1.14458,1.1467,0,0
2014-11-12,20:00:00,1.1467,1.14845,1.146,1.14784,0,0
2014-11-12,21:00:00,1.14786,1.14859,1.14735,1.14743,0,0
2014-11-12,22:00:00,1.14742,1.14784,1.14695,1.14737,0,0
2014-11-12,23:00:00,1.14718,1.14749,1.14645,1.14718,0,0
2014-11-12,23:59:00,1.14718,1.14813,1.14708,1.14779,0,0
2014-11-13,01:00:00,1.14792,1.14845,1.14722,1.14822,0,0
2014-11-13,02:00:00,1.14822,1.14828,1.14693,1.14771,0,0
2014-11-13,03:00:00,1.14772,1.14799,1.14572,1.14579,0,0
2014-11-13,04:00:00,1.14579,1.15294,1.1449,1.14982,0,0
2014-11-13,05:00:00,1.14985,1.15096,1.14878,1.14953,0,0
2014-11-13,06:00:00,1.14943,1.15051,1.14884,1.14917,0,0
2014-11-13,07:00:00,1.14931,1.15002,1.14891,1.14917,0,0
2014-11-13,08:00:00,1.14931,1.14966,1.1472,1.14912,0,0
2014-11-13,09:00:00,1.14912,1.14969,1.14797,1.14841,0,0
2014-11-13,10:00:00,1.14844,1.14844,1.14401,1.14433,0,0
2014-11-13,11:00:00,1.14433,1.14482,1.14321,1.14372,0,0
2014-11-13,12:00:00,1.14376,1.14377,1.14106,1.14209,0,0
2014-11-13,13:00:00,1.14196,1.14403,1.1418,1.14403,0,0
2014-11-13,14:00:00,1.14405,1.14437,1.14222,1.14313,0,0
2014-11-13,15:00:00,1.1432,1.14486,1.14297,1.14453,0,0
2014-11-13,16:00:00,1.14439,1.14457,1.14362,1.14394,0,0
2014-11-13,17:00:00,1.14394,1.14513,1.14348,1.14449,0,0
2014-11-13,18:00:00,1.14441,1.14624,1.14384,1.14565,0,0
2014-11-13,19:00:00,1.14565,1.14747,1.14561,1.14742,0,0
2014-11-13,20:00:00,1.14709,1.14824,1.14675,1.14714,0,0
2014-11-13,21:00:00,1.14712,1.14718,1.14622,1.14641,0,0
2014-11-13,22:00:00,1.14641,1.14759,1.14641,1.14738,0,0
2014-11-13,23:00:00,1.14732,1.1476,1.14695,1.14701,0,0
2014-11-13,23:59:00,1.14701,1.14845,1.14701,1.14817,0,0
2014-11-14,01:00:00,1.14815,1.14891,1.14771,1.14875,0,0
2014-11-14,02:00:00,1.14875,1.15071,1.14767,1.1501,0,0
2014-11-14,03:00:00,1.1501,1.15027,1.14807,1.14865,0,0
2014-11-14,04:00:00,1.14865,1.1506,1.14841,1.15055,0,0
2014-11-14,05:00:00,1.15048,1.15124,1.14973,1.1507,0,0
2014-11-14,06:00:00,1.15067,1.15116,1.14841,1.15056,0,0
2014-11-14,07:00:00,1.15079,1.15249,1.15055,1.15209,0,0
2014-11-14,08:00:00,1.15154,1.1523,1.15077,1.15083,0,0
2014-11-14,09:00:00,1.15047,1.15194,1.14929,1.15015,0,0
2014-11-14,10:00:00,1.15009,1.1515,1.14989,1.15062,0,0
2014-11-14,11:00:00,1.15062,1.15075,1.14812,1.14862,0,0
2014-11-14,12:00:00,1.14859,1.14919,1.14741,1.14805,0,0
2014-11-14,13:00:00,1.14807,1.15107,1.14807,1.15031,0,0
2014-11-14,14:00:00,1.1503,1.15154,1.14981,1.15152,0,0
2014-11-14,15:00:00,1.15185,1.15618,1.15137,1.15431,0,0
2014-11-14,16:00:00,1.15432,1.15493,1.15257,1.15378,0,0
2014-11-14,17:00:00,1.15378,1.15378,1.14549,1.14603,0,0
2014-11-14,18:00:00,1.14548,1.14745,1.14403,1.14443,0,0
2014-11-14,19:00:00,1.14427,1.14449,1.14008,1.14329,0,0
2014-11-14,20:00:00,1.14373,1.14392,1.1428,1.14295,0,0
2014-11-14,21:00:00,1.14294,1.14294,1.14102,1.14214,0,0
2014-11-14,22:00:00,1.14211,1.14256,1.14164,1.1418,0,0
2014-11-14,23:00:00,1.14185,1.14185,1.14185,1.14185,0,0
2014-11-17,01:00:00,1.14213,1.14324,1.14127,1.14273,0,0
2014-11-17,02:00:00,1.1427,1.14307,1.13982,1.14154,0,0
2014-11-17,03:00:00,1.14154,1.14154,1.13842,1.13886,0,0
2014-11-17,04:00:00,1.13885,1.13965,1.13711,1.13753,0,0
2014-11-17,05:00:00,1.13773,1.13889,1.13714,1.13855,0,0
2014-11-17,06:00:00,1.13863,1.13907,1.1375,1.13801,0,0
2014-11-17,07:00:00,1.13799,1.13859,1.13757,1.13812,0,0
2014-11-17,08:00:00,1.13812,1.13933,1.13794,1.13895,0,0
2014-11-17,09:00:00,1.13898,1.14108,1.13894,1.14032,0,0
2014-11-17,10:00:00,1.14033,1.14188,1.14016,1.14188,0,0
2014-11-17,11:00:00,1.14189,1.14583,1.14189,1.14562,0,0
2014-11-17,12:00:00,1.1458,1.14668,1.14532,1.14559,0,0
2014-11-17,13:00:00,1.14559,1.1458,1.1446,1.14527,0,0
2014-11-17,14:00:00,1.14546,1.14632,1.14506,1.14537,0,0
2014-11-17,15:00:00,1.14562,1.14667,1.14469,1.14576,0,0
2014-11-17,16:00:00,1.14617,1.14958,1.14604,1.14927,0,0
2014-11-17,17:00:00,1.14939,1.15006,1.14797,1.14838,0,0
2014-11-17,18:00:00,1.14787,1.14801,1.1466,1.14726,0,0
2014-11-17,19:00:00,1.14726,1.14788,1.14662,1.14788,0,0
2014-11-17,20:00:00,1.14811,1.14811,1.14722,1.14764,0,0
2014-11-17,21:00:00,1.14764,1.14832,1.14734,1.14822,0,0
2014-11-17,22:00:00,1.14822,1.1485,1.14753,1.14821,0,0
2014-11-17,23:00:00,1.14821,1.14832,1.14764,1.14828,0,0
2014-11-17,23:59:00,1.14828,1.14956,1.14792,1.14954,0,0
2014-11-18,01:00:00,1.1496,1.14972,1.14837,1.14846,0,0
2014-11-18,02:00:00,1.14846,1.14902,1.14613,1.14637,0,0
2014-11-18,03:00:00,1.14634,1.14816,1.14628,1.14704,0,0
2014-11-18,04:00:00,1.147,1.147,1.14528,1.14565,0,0
2014-11-18,05:00:00,1.14565,1.14683,1.14557,1.14657,0,0
2014-11-18,06:00:00,1.14657,1.14675,1.14621,1.14657,0,0
2014-11-18,07:00:00,1.14664,1.1473,1.14642,1.14693,0,0
2014-11-18,08:00:00,1.14695,1.14775,1.1468,1.14716,0,0
2014-11-18,09:00:00,1.14712,1.14716,1.14491,1.14632,0,0
2014-11-18,10:00:00,1.14632,1.14759,1.14334,1.14334,0,0
2014-11-18,11:00:00,1.14339,1.14865,1.14339,1.14825,0,0
2014-11-18,12:00:00,1.14825,1.15148,1.14788,1.14861,0,0
2014-11-18,13:00:00,1.14874,1.14874,1.14689,1.14726,0,0
2014-11-18,14:00:00,1.14713,1.14875,1.14701,1.14816,0,0
2014-11-18,15:00:00,1.14812,1.14826,1.14542,1.14574,0,0
2014-11-18,16:00:00,1.14571,1.14747,1.1454,1.14685,0,0
2014-11-18,17:00:00,1.14685,1.14743,1.1453,1.14562,0,0
2014-11-18,18:00:00,1.14551,1.1465,1.14508,1.14639,0,0
2014-11-18,19:00:00,1.14628,1.14628,1.14544,1.14562,0,0
2014-11-18,20:00:00,1.14565,1.14605,1.14516,1.14545,0,0
2014-11-18,21:00:00,1.14545,1.14587,1.14529,1.14567,0,0
2014-11-18,22:00:00,1.14559,1.14621,1.14557,1.14603,0,0
2014-11-18,23:00:00,1.14603,1.14703,1.14587,1.14689,0,0
2014-11-18,23:59:00,1.14689,1.14795,1.1468,1.14743,0,0
2014-11-19,01:00:00,1.14729,1.14854,1.14591,1.14833,0,0
2014-11-19,02:00:00,1.14825,1.15067,1.14808,1.15003,0,0
2014-11-19,03:00:00,1.15027,1.15312,1.15027,1.15122,0,0
2014-11-19,04:00:00,1.15122,1.15331,1.15088,1.15316,0,0
2014-11-19,05:00:00,1.15304,1.15497,1.1529,1.15356,0,0
2014-11-19,06:00:00,1.15363,1.15507,1.15331,1.15452,0,0
2014-11-19,07:00:00,1.15427,1.15535,1.1538,1.15411,0,0
2014-11-19,08:00:00,1.15421,1.15455,1.1526,1.15308,0,0
2014-11-19,09:00:00,1.15332,1.15602,1.15276,1.1544,0,0
2014-11-19,10:00:00,1.1544,1.1561,1.15387,1.15563,0,0
2014-11-19,11:00:00,1.15619,1.15986,1.15616,1.15844,0,0
2014-11-19,12:00:00,1.15843,1.15875,1.15651,1.15671,0,0
2014-11-19,13:00:00,1.15671,1.1579,1.1567,1.15709,0,0
2014-11-19,14:00:00,1.15706,1.15888,1.15678,1.15839,0,0
2014-11-19,15:00:00,1.15849,1.15872,1.15566,1.15578,0,0
2014-11-19,16:00:00,1.15578,1.15806,1.15574,1.15789,0,0
2014-11-19,17:00:00,1.15788,1.16078,1.15788,1.1591,0,0
2014-11-19,18:00:00,1.15933,1.15982,1.15813,1.15981,0,0
2014-11-19,19:00:00,1.15984,1.16011,1.1588,1.1598,0,0
2014-11-19,20:00:00,1.15965,1.16043,1.15938,1.1597,0,0
2014-11-19,21:00:00,1.1575,1.16222,1.15537,1.16081,0,0
2014-11-19,22:00:00,1.16075,1.1622,1.16035,1.16089,0,0
2014-11-19,23:00:00,1.16091,1.16117,1.15993,1.16036,0,0
2014-11-19,23:59:00,1.16036,1.16289,1.16005,1.16274,0,0
2014-11-20,01:00:00,1.16239,1.16362,1.16191,1.16234,0,0
2014-11-20,02:00:00,1.16237,1.16287,1.16116,1.16222,0,0
2014-11-20,03:00:00,1.16217,1.16475,1.16075,1.16175,0,0
2014-11-20,04:00:00,1.16151,1.16233,1.16077,1.16139,0,0
2014-11-20,05:00:00,1.16139,1.16313,1.1611,1.16286,0,0
2014-11-20,06:00:00,1.16287,1.16492,1.16276,1.16367,0,0
2014-11-20,07:00:00,1.16385,1.16466,1.16343,1.16382,0,0
2014-11-20,08:00:00,1.16382,1.16448,1.16286,1.16378,0,0
2014-11-20,09:00:00,1.16381,1.16722,1.16368,1.166,0,0
2014-11-20,10:00:00,1.16596,1.16619,1.1619,1.16397,0,0
2014-11-20,11:00:00,1.16397,1.16584,1.16305,1.16336,0,0
2014-11-20,12:00:00,1.16326,1.16374,1.16098,1.16098,0,0
2014-11-20,13:00:00,1.16098,1.1617,1.16023,1.16089,0,0
2014-11-20,14:00:00,1.16082,1.16152,1.15973,1.16077,0,0
2014-11-20,15:00:00,1.16081,1.16371,1.15984,1.1617,0,0
2014-11-20,16:00:00,1.1617,1.1624,1.15942,1.16035,0,0
2014-11-20,17:00:00,1.16035,1.16236,1.15837,1.15981,0,0
2014-11-20,18:00:00,1.15981,1.16191,1.15912,1.16175,0,0
2014-11-20,19:00:00,1.16147,1.16148,1.16055,1.16055,0,0
2014-11-20,20:00:00,1.16044,1.16051,1.15741,1.15762,0,0
2014-11-20,21:00:00,1.15772,1.15856,1.15746,1.15816,0,0
2014-11-20,22:00:00,1.15816,1.15895,1.15802,1.15895,0,0
2014-11-20,23:00:00,1.1589,1.16004,1.15878,1.15989,0,0
2014-11-20,23:59:00,1.16056,1.16108,1.15937,1.16058,0,0
2014-11-21,01:00:00,1.16058,1.16113,1.15972,1.16,0,0
2014-11-21,02:00:00,1.16,1.16021,1.15832,1.15993,0,0
2014-11-21,03:00:00,1.15992,1.15992,1.15663,1.15663,0,0
2014-11-21,04:00:00,1.15672,1.15853,1.15594,1.1582,0,0
2014-11-21,05:00:00,1.15817,1.15861,1.15742,1.15742,0,0
2014-11-21,06:00:00,1.15757,1.15827,1.15662,1.1581,0,0
2014-11-21,07:00:00,1.15821,1.15886,1.15683,1.15857,0,0
2014-11-21,08:00:00,1.15859,1.15985,1.15796,1.15914,0,0
2014-11-21,09:00:00,1.1591,1.15973,1.15794,1.15805,0,0
2014-11-21,10:00:00,1.15805,1.16176,1.15718,1.16172,0,0
2014-11-21,11:00:00,1.16186,1.16198,1.15759,1.15911,0,0
2014-11-21,12:00:00,1.15911,1.15957,1.14676,1.15119,0,0
2014-11-21,13:00:00,1.15119,1.15165,1.1485,1.14946,0,0
2014-11-21,14:00:00,1.14946,1.15107,1.14788,1.14862,0,0
2014-11-21,15:00:00,1.14862,1.14976,1.14714,1.1485,0,0
2014-11-21,16:00:00,1.1485,1.15109,1.14771,1.15104,0,0
2014-11-21,17:00:00,1.15088,1.15189,1.1489,1.15189,0,0
2014-11-21,18:00:00,1.15197,1.15362,1.1514,1.1532,0,0
2014-11-21,19:00:00,1.15322,1.15432,1.1523,1.15245,0,0
2014-11-21,20:00:00,1.15245,1.15356,1.1523,1.15347,0,0
2014-11-21,21:00:00,1.1535,1.15487,1.15322,1.15479,0,0
2014-11-21,22:00:00,1.1548,1.1548,1.15376,1.15383,0,0
2014-11-21,23:00:00,1.15386,1.15396,1.1537,1.15374,0,0
2014-11-24,01:00:00,1.15395,1.15395,1.15203,1.15237,0,0
2014-11-24,02:00:00,1.15238,1.15251,1.1504,1.15112,0,0
2014-11-24,03:00:00,1.15109,1.1525,1.15032,1.15046,0,0
2014-11-24,04:00:00,1.15046,1.15152,1.14961,1.15052,0,0
2014-11-24,05:00:00,1.15055,1.1519,1.14998,1.15189,0,0
2014-11-24,06:00:00,1.15189,1.15215,1.15133,1.1515,0,0
2014-11-24,07:00:00,1.15148,1.15203,1.15108,1.15195,0,0
2014-11-24,08:00:00,1.15195,1.15229,1.15157,1.15177,0,0
2014-11-24,09:00:00,1.15182,1.15401,1.15172,1.1536,0,0
2014-11-24,10:00:00,1.15359,1.15674,1.15303,1.15664,0,0
2014-11-24,11:00:00,1.15664,1.15848,1.15592,1.1568,0,0
2014-11-24,12:00:00,1.15693,1.15808,1.15678,1.15686,0,0
2014-11-24,13:00:00,1.15682,1.15829,1.15667,1.15776,0,0
2014-11-24,14:00:00,1.15774,1.16,1.15746,1.15976,0,0
2014-11-24,15:00:00,1.15974,1.15993,1.15884,1.15911,0,0
2014-11-24,16:00:00,1.1591,1.16139,1.15874,1.1599,0,0
2014-11-24,17:00:00,1.15997,1.16126,1.15876,1.16104,0,0
2014-11-24,18:00:00,1.16095,1.1612,1.15977,1.16105,0,0
2014-11-24,19:00:00,1.16109,1.16274,1.16109,1.16137,0,0
2014-11-24,20:00:00,1.16136,1.16183,1.16066,1.16175,0,0
2014-11-24,21:00:00,1.16175,1.16197,1.16133,1.16187,0,0
2014-11-24,22:00:00,1.16187,1.16187,1.16059,1.16131,0,0
2014-11-24,23:00:00,1.16132,1.16164,1.16048,1.16063,0,0
2014-11-24,23:59:00,1.16062,1.16147,1.16042,1.16144,0,0
2014-11-25,01:00:00,1.16133,1.16439,1.16083,1.16283,0,0
2014-11-25,02:00:00,1.16287,1.1629,1.16125,1.16206,0,0
2014-11-25,03:00:00,1.16187,1.16482,1.16067,1.16314,0,0
2014-11-25,04:00:00,1.16322,1.16694,1.16245,1.16636,0,0
2014-11-25,05:00:00,1.16653,1.16716,1.16501,1.166,0,0
2014-11-25,06:00:00,1.166,1.16641,1.16306,1.16412,0,0
2014-11-25,07:00:00,1.16417,1.1642,1.16206,1.16263,0,0
2014-11-25,08:00:00,1.16255,1.1637,1.16255,1.1633,0,0
2014-11-25,09:00:00,1.16333,1.1679,1.16233,1.16614,0,0
2014-11-25,10:00:00,1.16618,1.16989,1.16568,1.16844,0,0
2014-11-25,11:00:00,1.1684,1.17356,1.16836,1.17129,0,0
2014-11-25,12:00:00,1.17134,1.1716,1.17003,1.17004,0,0
2014-11-25,13:00:00,1.17003,1.1721,1.16965,1.17165,0,0
2014-11-25,14:00:00,1.17166,1.17288,1.1706,1.17207,0,0
2014-11-25,15:00:00,1.17204,1.17483,1.17174,1.1733,0,0
2014-11-25,16:00:00,1.17332,1.17403,1.1697,1.17152,0,0
2014-11-25,17:00:00,1.171,1.1736,1.17007,1.17141,0,0
2014-11-25,18:00:00,1.17145,1.17422,1.17073,1.17404,0,0
2014-11-25,19:00:00,1.17403,1.17426,1.1728,1.17353,0,0
2014-11-25,20:00:00,1.17356,1.17376,1.17185,1.17202,0,0
2014-11-25,21:00:00,1.17198,1.17411,1.17167,1.17381,0,0
2014-11-25,22:00:00,1.17379,1.17397,1.17204,1.17258,0,0
2014-11-25,23:00:00,1.1725,1.17324,1.17229,1.17247,0,0
2014-11-25,23:59:00,1.17254,1.17334,1.17213,1.17225,0,0
2014-11-26,01:00:00,1.17221,1.17248,1.16805,1.16873,0,0
2014-11-26,02:00:00,1.16876,1.1711,1.16876,1.17018,0,0
2014-11-26,03:00:00,1.17025,1.17112,1.16944,1.17088,0,0
2014-11-26,04:00:00,1.17088,1.17279,1.1706,1.17155,0,0
2014-11-26,05:00:00,1.17155,1.1717,1.17025,1.17147,0,0
2014-11-26,06:00:00,1.17145,1.17236,1.17097,1.17184,0,0
2014-11-26,07:00:00,1.17163,1.17229,1.17043,1.17115,0,0
2014-11-26,08:00:00,1.17117,1.17132,1.16874,1.17029,0,0
2014-11-26,09:00:00,1.17029,1.17056,1.16777,1.16989,0,0
2014-11-26,10:00:00,1.16993,1.17679,1.1691,1.17611,0,0
2014-11-26,11:00:00,1.17603,1.1795,1.17553,1.17734,0,0
2014-11-26,12:00:00,1.17738,1.17883,1.17632,1.17648,0,0
2014-11-26,13:00:00,1.17651,1.17761,1.17596,1.17596,0,0
2014-11-26,14:00:00,1.17592,1.17658,1.17466,1.17502,0,0
2014-11-26,15:00:00,1.17503,1.17647,1.17272,1.1757,0,0
2014-11-26,16:00:00,1.17563,1.17636,1.17411,1.17436,0,0
2014-11-26,17:00:00,1.17436,1.17507,1.17129,1.17139,0,0
2014-11-26,18:00:00,1.17145,1.17259,1.17144,1.17207,0,0
2014-11-26,19:00:00,1.1721,1.1724,1.17167,1.17174,0,0
2014-11-26,20:00:00,1.17174,1.17174,1.16939,1.17059,0,0
2014-11-26,21:00:00,1.17059,1.17114,1.16933,1.16933,0,0
2014-11-26,22:00:00,1.16934,1.16996,1.16907,1.16978,0,0
2014-11-26,23:00:00,1.16973,1.17034,1.16958,1.17007,0,0
2014-11-26,23:59:00,1.1701,1.17137,1.16982,1.17126,0,0
2014-11-27,01:00:00,1.17137,1.17262,1.17134,1.1724,0,0
2014-11-27,02:00:00,1.17242,1.17262,1.16775,1.16985,0,0
2014-11-27,03:00:00,1.16995,1.17064,1.16857,1.16906,0,0
2014-11-27,04:00:00,1.16904,1.16904,1.16527,1.16767,0,0
2014-11-27,05:00:00,1.16761,1.16783,1.16462,1.165,0,0
2014-11-27,06:00:00,1.16508,1.16558,1.16271,1.16321,0,0
2014-11-27,07:00:00,1.16321,1.16564,1.1632,1.16516,0,0
2014-11-27,08:00:00,1.16515,1.16568,1.16394,1.16452,0,0
2014-11-27,09:00:00,1.16451,1.16451,1.16097,1.1618,0,0
2014-11-27,10:00:00,1.1618,1.16655,1.1618,1.16568,0,0
2014-11-27,11:00:00,1.1656,1.16674,1.165,1.16624,0,0
2014-11-27,12:00:00,1.16615,1.16833,1.1661,1.16797,0,0
2014-11-27,13:00:00,1.16794,1.16858,1.1667,1.16723,0,0
2014-11-27,14:00:00,1.16717,1.16752,1.16624,1.1666,0,0
2014-11-27,15:00:00,1.16664,1.16828,1.1663,1.16784,0,0
2014-11-27,16:00:00,1.16784,1.16924,1.16673,1.16919,0,0
2014-11-27,17:00:00,1.16918,1.17088,1.16847,1.16985,0,0
2014-11-27,18:00:00,1.16988,1.17177,1.1694,1.17022,0,0
2014-11-27,19:00:00,1.1703,1.17064,1.16975,1.17034,0,0
2014-11-27,20:00:00,1.17034,1.1704,1.16959,1.16996,0,0
2014-11-27,21:00:00,1.16999,1.17055,1.16982,1.17047,0,0
2014-11-27,22:00:00,1.17047,1.17075,1.16969,1.16971,0,0
2014-11-27,23:00:00,1.16971,1.17067,1.16941,1.17067,0,0
2014-11-27,23:59:00,1.17062,1.17507,1.17014,1.17353,0,0
2014-11-28,01:00:00,1.17352,1.17443,1.17279,1.1733,0,0
2014-11-28,02:00:00,1.1731,1.17535,1.17301,1.17503,0,0
2014-11-28,03:00:00,1.17503,1.17644,1.1737,1.17423,0,0
2014-11-28,04:00:00,1.17422,1.1759,1.17347,1.17563,0,0
2014-11-28,05:00:00,1.17565,1.17751,1.17503,1.17745,0,0
2014-11-28,06:00:00,1.17743,1.17876,1.17679,1.17804,0,0
2014-11-28,07:00:00,1.178,1.17836,1.17679,1.17679,0,0
2014-11-28,08:00:00,1.17668,1.17711,1.17483,1.17539,0,0
2014-11-28,09:00:00,1.17525,1.17781,1.17432,1.1778,0,0
2014-11-28,10:00:00,1.17805,1.17805,1.17597,1.1768,0,0
2014-11-28,11:00:00,1.1768,1.17684,1.17332,1.17361,0,0
2014-11-28,12:00:00,1.17358,1.17425,1.17297,1.17396,0,0
2014-11-28,13:00:00,1.17397,1.17484,1.17347,1.17365,0,0
2014-11-28,14:00:00,1.17375,1.17488,1.17297,1.17397,0,0
2014-11-28,15:00:00,1.17405,1.17596,1.17309,1.17559,0,0
2014-11-28,16:00:00,1.17559,1.17669,1.17501,1.17619,0,0
2014-11-28,17:00:00,1.17604,1.17686,1.17188,1.17202,0,0
2014-11-28,18:00:00,1.17185,1.17381,1.17156,1.17365,0,0
2014-11-28,19:00:00,1.17365,1.17582,1.1735,1.17572,0,0
2014-11-28,20:00:00,1.17563,1.17622,1.17501,1.176,0,0
2014-11-28,21:00:00,1.17599,1.17654,1.17532,1.17617,0,0
2014-11-28,22:00:00,1.17617,1.17626,1.17495,1.17495,0,0
2014-11-28,23:00:00,1.17517,1.17525,1.17505,1.17506,0,0
2014-12-01,01:00:00,1.17997,1.18685,1.17933,1.18513,0,0
2014-12-01,02:00:00,1.18502,1.18579,1.18282,1.18476,0,0
2014-12-01,03:00:00,1.18454,1.18827,1.18384,1.18583,0,0
2014-12-01,04:00:00,1.18578,1.1861,1.18321,1.18322,0,0
2014-12-01,05:00:00,1.18325,1.18594,1.18325,1.18434,0,0
2014-12-01,06:00:00,1.18434,1.1844,1.18279,1.18328,0,0
2014-12-01,07:00:00,1.18338,1.18568,1.18263,1.18531,0,0
2014-12-01,08:00:00,1.18538,1.18659,1.18446,1.18492,0,0
2014-12-01,09:00:00,1.18489,1.18697,1.1835,1.18464,0,0
2014-12-01,10:00:00,1.18476,1.18478,1.17763,1.18152,0,0
2014-12-01,11:00:00,1.18145,1.18224,1.17886,1.17888,0,0
2014-12-01,12:00:00,1.17915,1.1798,1.17707,1.17852,0,0
2014-12-01,13:00:00,1.17852,1.17977,1.17793,1.17913,0,0
2014-12-01,14:00:00,1.17929,1.17963,1.17788,1.17791,0,0
2014-12-01,15:00:00,1.17793,1.17802,1.17496,1.17615,0,0
2014-12-01,16:00:00,1.17615,1.17615,1.17305,1.17381,0,0
2014-12-01,17:00:00,1.17354,1.17934,1.1733,1.17777,0,0
2014-12-01,18:00:00,1.17776,1.17912,1.1739,1.17392,0,0
2014-12-01,19:00:00,1.1739,1.17449,1.17242,1.17349,0,0
2014-12-01,20:00:00,1.17352,1.17461,1.17325,1.17449,0,0
2014-12-01,21:00:00,1.17451,1.17563,1.17433,1.17516,0,0
2014-12-01,22:00:00,1.17531,1.17644,1.17531,1.17642,0,0
2014-12-01,23:00:00,1.17642,1.17855,1.17611,1.17801,0,0
2014-12-01,23:59:00,1.17784,1.17836,1.17697,1.17762,0,0
2014-12-02,01:00:00,1.17763,1.18014,1.1768,1.17963,0,0
2014-12-02,02:00:00,1.17963,1.18,1.17643,1.17881,0,0
2014-12-02,03:00:00,1.17883,1.18025,1.17805,1.17922,0,0
2014-12-02,04:00:00,1.17922,1.17963,1.17833,1.17904,0,0
2014-12-02,05:00:00,1.17904,1.18082,1.17462,1.17516,0,0
2014-12-02,06:00:00,1.1752,1.17679,1.1731,1.17633,0,0
2014-12-02,07:00:00,1.17633,1.17661,1.17445,1.17445,0,0
2014-12-02,08:00:00,1.17454,1.17454,1.17091,1.17331,0,0
2014-12-02,09:00:00,1.17328,1.17588,1.17328,1.17578,0,0
2014-12-02,10:00:00,1.17578,1.17893,1.17518,1.17761,0,0
2014-12-02,11:00:00,1.17758,1.18041,1.17744,1.17972,0,0
2014-12-02,12:00:00,1.17975,1.18315,1.17975,1.18231,0,0
2014-12-02,13:00:00,1.18233,1.1841,1.18143,1.18399,0,0
2014-12-02,14:00:00,1.18394,1.18545,1.18338,1.1852,0,0
2014-12-02,15:00:00,1.18511,1.18568,1.18263,1.18268,0,0
2014-12-02,16:00:00,1.18256,1.18608,1.18195,1.18504,0,0
2014-12-02,17:00:00,1.18506,1.18558,1.18194,1.18255,0,0
2014-12-02,18:00:00,1.18266,1.18384,1.18245,1.18298,0,0
2014-12-02,19:00:00,1.18289,1.18453,1.18289,1.18427,0,0
2014-12-02,20:00:00,1.18431,1.18485,1.18399,1.18464,0,0
2014-12-02,21:00:00,1.18465,1.18472,1.18368,1.18429,0,0
2014-12-02,22:00:00,1.18419,1.18443,1.1838,1.1841,0,0
2014-12-02,23:00:00,1.18412,1.18481,1.18384,1.18444,0,0
2014-12-02,23:59:00,1.18434,1.18434,1.18282,1.18417,0,0
2014-12-03,01:00:00,1.18426,1.18433,1.18201,1.18251,0,0
2014-12-03,02:00:00,1.18252,1.19178,1.18142,1.19038,0,0
2014-12-03,03:00:00,1.19033,1.19097,1.18823,1.18886,0,0
2014-12-03,04:00:00,1.18882,1.1908,1.18783,1.19075,0,0
2014-12-03,05:00:00,1.19076,1.19235,1.19053,1.19167,0,0
2014-12-03,06:00:00,1.19167,1.19187,1.18879,1.1898,0,0
2014-12-03,07:00:00,1.1898,1.19195,1.18896,1.1912,0,0
2014-12-03,08:00:00,1.19076,1.19212,1.18964,1.18964,0,0
2014-12-03,09:00:00,1.1897,1.19127,1.18881,1.18954,0,0
2014-12-03,10:00:00,1.18956,1.19127,1.18895,1.18932,0,0
2014-12-03,11:00:00,1.18936,1.18998,1.18869,1.1891,0,0
2014-12-03,12:00:00,1.18912,1.18937,1.18734,1.18734,0,0
2014-12-03,13:00:00,1.18717,1.18907,1.18717,1.18782,0,0
2014-12-03,14:00:00,1.18787,1.18816,1.18627,1.18639,0,0
2014-12-03,15:00:00,1.18644,1.18775,1.18446,1.18765,0,0
2014-12-03,16:00:00,1.18769,1.18922,1.18655,1.18862,0,0
2014-12-03,17:00:00,1.18883,1.18998,1.18669,1.1872,0,0
2014-12-03,18:00:00,1.18718,1.18858,1.18655,1.18858,0,0
2014-12-03,19:00:00,1.18858,1.18902,1.18745,1.18859,0,0
2014-12-03,20:00:00,1.18858,1.19058,1.18828,1.19035,0,0
2014-12-03,21:00:00,1.19036,1.19052,1.1893,1.19052,0,0
2014-12-03,22:00:00,1.19053,1.19111,1.18968,1.19018,0,0
2014-12-03,23:00:00,1.19015,1.19045,1.18967,1.19001,0,0
2014-12-03,23:59:00,1.18999,1.19272,1.18957,1.19272,0,0
2014-12-04,01:00:00,1.19253,1.19253,1.19076,1.19116,0,0
2014-12-04,02:00:00,1.19116,1.1919,1.18663,1.18878,0,0
2014-12-04,03:00:00,1.18883,1.19065,1.18841,1.19035,0,0
2014-12-04,04:00:00,1.19029,1.19323,1.19025,1.19242,0,0
2014-12-04,05:00:00,1.19251,1.19379,1.19204,1.19214,0,0
2014-12-04,06:00:00,1.19222,1.19366,1.19077,1.19111,0,0
2014-12-04,07:00:00,1.19113,1.19386,1.19007,1.19374,0,0
2014-12-04,08:00:00,1.1937,1.19664,1.19286,1.19504,0,0
2014-12-04,09:00:00,1.19504,1.19637,1.19258,1.19403,0,0
2014-12-04,10:00:00,1.19402,1.19551,1.1932,1.19541,0,0
2014-12-04,11:00:00,1.19534,1.19702,1.19446,1.19521,0,0
2014-12-04,12:00:00,1.19531,1.19539,1.19417,1.19456,0,0
2014-12-04,13:00:00,1.19444,1.195,1.19367,1.19477,0,0
2014-12-04,14:00:00,1.1948,1.1948,1.19191,1.19362,0,0
2014-12-04,15:00:00,1.19345,1.1946,1.1911,1.19231,0,0
2014-12-04,16:00:00,1.19214,1.19629,1.19079,1.19393,0,0
2014-12-04,17:00:00,1.194,1.19583,1.19073,1.19086,0,0
2014-12-04,18:00:00,1.19093,1.19201,1.18786,1.19008,0,0
2014-12-04,19:00:00,1.19009,1.19229,1.18964,1.19195,0,0
2014-12-04,20:00:00,1.19198,1.19387,1.19165,1.19333,0,0
2014-12-04,21:00:00,1.1932,1.19383,1.19285,1.19333,0,0
2014-12-04,22:00:00,1.19333,1.1934,1.19262,1.19273,0,0
2014-12-04,23:00:00,1.19273,1.19342,1.19234,1.19313,0,0
2014-12-04,23:59:00,1.19309,1.19423,1.19296,1.19352,0,0
2014-12-05,01:00:00,1.19349,1.19362,1.19208,1.19249,0,0
2014-12-05,02:00:00,1.19265,1.19337,1.19208,1.19219,0,0
2014-12-05,03:00:00,1.19222,1.19366,1.19182,1.19365,0,0
2014-12-05,04:00:00,1.19362,1.19376,1.19253,1.19273,0,0
2014-12-05,05:00:00,1.19279,1.19332,1.19236,1.19298,0,0
2014-12-05,06:00:00,1.19298,1.19516,1.19295,1.19483,0,0
2014-12-05,07:00:00,1.19483,1.1952,1.1939,1.19412,0,0
2014-12-05,08:00:00,1.19413,1.19484,1.19373,1.19481,0,0
2014-12-05,09:00:00,1.19476,1.19513,1.19305,1.1944,0,0
2014-12-05,10:00:00,1.19434,1.19531,1.19369,1.19407,0,0
2014-12-05,11:00:00,1.19406,1.19501,1.19383,1.1946,0,0
2014-12-05,12:00:00,1.19463,1.19546,1.1944,1.19481,0,0
2014-12-05,13:00:00,1.19481,1.19639,1.19467,1.1957,0,0
2014-12-05,14:00:00,1.19571,1.19613,1.19441,1.19441,0,0
2014-12-05,15:00:00,1.19443,1.20211,1.19329,1.20078,0,0
2014-12-05,16:00:00,1.20084,1.2022,1.19848,1.20207,0,0
2014-12-05,17:00:00,1.20205,1.20205,1.19937,1.20045,0,0
2014-12-05,18:00:00,1.20065,1.20166,1.2,1.2008,0,0
2014-12-05,19:00:00,1.20087,1.2022,1.20087,1.20218,0,0
2014-12-05,20:00:00,1.20217,1.20291,1.20166,1.20234,0,0
2014-12-05,21:00:00,1.20234,1.20247,1.20113,1.20152,0,0
2014-12-05,22:00:00,1.20152,1.20152,1.20081,1.20132,0,0
2014-12-05,23:00:00,1.20127,1.20137,1.20127,1.20132,0,0
2014-12-08,01:00:00,1.20527,1.20575,1.20363,1.20399,0,0
2014-12-08,02:00:00,1.20401,1.20531,1.20344,1.20391,0,0
2014-12-08,03:00:00,1.20385,1.20389,1.20166,1.20223,0,0
2014-12-08,04:00:00,1.202,1.20594,1.20194,1.20482,0,0
2014-12-08,05:00:00,1.20478,1.20704,1.20404,1.2069,0,0
2014-12-08,06:00:00,1.20691,1.20865,1.206,1.20844,0,0
2014-12-08,07:00:00,1.20844,1.20871,1.20643,1.20667,0,0
2014-12-08,08:00:00,1.20678,1.20945,1.20619,1.20852,0,0
2014-12-08,09:00:00,1.20849,1.21089,1.20805,1.20961,0,0
2014-12-08,10:00:00,1.20966,1.2106,1.20852,1.20894,0,0
2014-12-08,11:00:00,1.20897,1.20899,1.20588,1.20651,0,0
2014-12-08,12:00:00,1.20659,1.20736,1.20501,1.20539,0,0
2014-12-08,13:00:00,1.20534,1.20534,1.20299,1.20485,0,0
2014-12-08,14:00:00,1.20486,1.20659,1.20427,1.20604,0,0
2014-12-08,15:00:00,1.20601,1.20709,1.20417,1.20435,0,0
2014-12-08,16:00:00,1.20434,1.20633,1.20282,1.20575,0,0
2014-12-08,17:00:00,1.20576,1.20608,1.20308,1.20347,0,0
2014-12-08,18:00:00,1.20351,1.20592,1.20273,1.20572,0,0
2014-12-08,19:00:00,1.20576,1.20645,1.20502,1.20635,0,0
2014-12-08,20:00:00,1.20636,1.2068,1.20444,1.20462,0,0
2014-12-08,21:00:00,1.20457,1.20562,1.20285,1.20541,0,0
2014-12-08,22:00:00,1.20541,1.20646,1.20517,1.20636,0,0
2014-12-08,23:00:00,1.20646,1.20675,1.20576,1.20598,0,0
2014-12-08,23:59:00,1.20604,1.2063,1.20475,1.20534,0,0
2014-12-09,01:00:00,1.20527,1.20569,1.20472,1.20517,0,0
2014-12-09,02:00:00,1.20518,1.21164,1.20518,1.20989,0,0
2014-12-09,03:00:00,1.20991,1.2129,1.2091,1.21143,0,0
2014-12-09,04:00:00,1.2115,1.21262,1.2113,1.21261,0,0
2014-12-09,05:00:00,1.21262,1.21615,1.21242,1.21476,0,0
2014-12-09,06:00:00,1.21465,1.21508,1.21324,1.21368,0,0
2014-12-09,07:00:00,1.2137,1.21532,1.21327,1.21406,0,0
2014-12-09,08:00:00,1.21409,1.21443,1.212,1.21283,0,0
2014-12-09,09:00:00,1.21283,1.21483,1.21076,1.21092,0,0
2014-12-09,10:00:00,1.21093,1.21124,1.2082,1.20874,0,0
2014-12-09,11:00:00,1.20874,1.20875,1.2069,1.20777,0,0
2014-12-09,12:00:00,1.20777,1.20817,1.20539,1.20636,0,0
2014-12-09,13:00:00,1.20636,1.20874,1.20619,1.20814,0,0
2014-12-09,14:00:00,1.20812,1.20812,1.20467,1.20502,0,0
2014-12-09,15:00:00,1.20504,1.20623,1.20385,1.20438,0,0
2014-12-09,16:00:00,1.20438,1.2054,1.20227,1.20346,0,0
2014-12-09,17:00:00,1.20346,1.2036,1.195,1.19772,0,0
2014-12-09,18:00:00,1.19759,1.20047,1.19649,1.19946,0,0
2014-12-09,19:00:00,1.19941,1.20333,1.19927,1.2027,0,0
2014-12-09,20:00:00,1.20272,1.20334,1.20213,1.2032,0,0
2014-12-09,21:00:00,1.20318,1.2046,1.20304,1.20456,0,0
2014-12-09,22:00:00,1.20463,1.20655,1.20437,1.20547,0,0
2014-12-09,23:00:00,1.20544,1.20722,1.2051,1.20611,0,0
2014-12-09,23:59:00,1.20616,1.20656,1.20585,1.20636,0,0
2014-12-10,01:00:00,1.20645,1.20684,1.20401,1.20544,0,0
2014-12-10,02:00:00,1.20543,1.2068,1.20465,1.20575,0,0
2014-12-10,03:00:00,1.20579,1.21026,1.20556,1.20967,0,0
2014-12-10,04:00:00,1.20951,1.21001,1.20734,1.20782,0,0
2014-12-10,05:00:00,1.20771,1.20802,1.20515,1.20589,0,0
2014-12-10,06:00:00,1.20589,1.20616,1.20137,1.20214,0,0
2014-12-10,07:00:00,1.20214,1.20349,1.19963,1.2014,0,0
2014-12-10,08:00:00,1.20137,1.20283,1.20035,1.20184,0,0
2014-12-10,09:00:00,1.20195,1.20304,1.20152,1.20208,0,0
2014-12-10,10:00:00,1.20215,1.20401,1.20197,1.20207,0,0
2014-12-10,11:00:00,1.20215,1.2033,1.2011,1.20217,0,0
2014-12-10,12:00:00,1.20215,1.20228,1.20067,1.2014,0,0
2014-12-10,13:00:00,1.20142,1.20158,1.19953,1.20107,0,0
2014-12-10,14:00:00,1.20094,1.20152,1.19933,1.19969,0,0
2014-12-10,15:00:00,1.19967,1.20146,1.19821,1.20133,0,0
2014-12-10,16:00:00,1.20136,1.20317,1.20098,1.2024,0,0
2014-12-10,17:00:00,1.2024,1.20462,1.20127,1.20414,0,0
2014-12-10,18:00:00,1.20404,1.20478,1.20254,1.20446,0,0
2014-12-10,19:00:00,1.20437,1.20649,1.20427,1.20518,0,0
2014-12-10,20:00:00,1.20524,1.20667,1.20514,1.20525,0,0
2014-12-10,21:00:00,1.20527,1.20675,1.20521,1.2061,0,0
2014-12-10,22:00:00,1.20613,1.20731,1.20022,1.2015,0,0
2014-12-10,23:00:00,1.20152,1.20298,1.2012,1.20236,0,0
2014-12-10,23:59:00,1.2025,1.20315,1.20119,1.2025,0,0
2014-12-11,01:00:00,1.20256,1.20304,1.19992,1.20041,0,0
2014-12-11,02:00:00,1.20041,1.20143,1.19426,1.19484,0,0
2014-12-11,03:00:00,1.19469,1.20011,1.19463,1.19924,0,0
2014-12-11,04:00:00,1.19908,1.19983,1.1971,1.19957,0,0
2014-12-11,05:00:00,1.19952,1.20111,1.19917,1.20051,0,0
2014-12-11,06:00:00,1.20058,1.20184,1.1994,1.20184,0,0
2014-12-11,07:00:00,1.20185,1.20211,1.20106,1.20111,0,0
2014-12-11,08:00:00,1.20111,1.20204,1.1994,1.19979,0,0
2014-12-11,09:00:00,1.1998,1.20243,1.19924,1.20036,0,0
2014-12-11,10:00:00,1.20022,1.20478,1.20022,1.20447,0,0
2014-12-11,11:00:00,1.20433,1.21424,1.20399,1.21184,0,0
2014-12-11,12:00:00,1.21186,1.21187,1.20707,1.2078,0,0
2014-12-11,13:00:00,1.20777,1.20882,1.20635,1.20664,0,0
2014-12-11,14:00:00,1.20677,1.20856,1.20649,1.20855,0,0
2014-12-11,15:00:00,1.20853,1.21745,1.2076,1.21108,0,0
2014-12-11,16:00:00,1.21081,1.21127,1.20849,1.20903,0,0
2014-12-11,17:00:00,1.2091,1.21218,1.2082,1.21208,0,0
2014-12-11,18:00:00,1.21187,1.21292,1.20941,1.2104,0,0
2014-12-11,19:00:00,1.21039,1.21064,1.20893,1.20941,0,0
2014-12-11,20:00:00,1.20945,1.21149,1.20918,1.21149,0,0
2014-12-11,21:00:00,1.21149,1.21268,1.21127,1.21174,0,0
2014-12-11,22:00:00,1.21161,1.21189,1.21067,1.21077,0,0
2014-12-11,23:00:00,1.21076,1.21092,1.20801,1.20922,0,0
2014-12-11,23:59:00,1.20957,1.21023,1.20843,1.21013,0,0
2014-12-12,01:00:00,1.21011,1.21312,1.20989,1.21303,0,0
2014-12-12,02:00:00,1.21306,1.21349,1.2097,1.21212,0,0
2014-12-12,03:00:00,1.21202,1.21372,1.21114,1.21306,0,0
2014-12-12,04:00:00,1.21309,1.21309,1.20992,1.21057,0,0
2014-12-12,05:00:00,1.21057,1.21146,1.20992,1.21011,0,0
2014-12-12,06:00:00,1.21017,1.21048,1.20779,1.20882,0,0
2014-12-12,07:00:00,1.20897,1.20954,1.20809,1.20877,0,0
2014-12-12,08:00:00,1.20875,1.21023,1.20844,1.20903,0,0
2014-12-12,09:00:00,1.20901,1.21061,1.20865,1.20928,0,0
2014-12-12,10:00:00,1.20923,1.21013,1.20702,1.20731,0,0
2014-12-12,11:00:00,1.20747,1.20891,1.20527,1.2088,0,0
2014-12-12,12:00:00,1.20891,1.20934,1.20798,1.20885,0,0
2014-12-12,13:00:00,1.20888,1.20932,1.20774,1.20903,0,0
2014-12-12,14:00:00,1.20912,1.21058,1.2084,1.2088,0,0
2014-12-12,15:00:00,1.2088,1.21128,1.20852,1.21124,0,0
2014-12-12,16:00:00,1.21128,1.21275,1.21087,1.21255,0,0
2014-12-12,17:00:00,1.21258,1.21576,1.21212,1.21259,0,0
2014-12-12,18:00:00,1.2128,1.21283,1.20753,1.20992,0,0
2014-12-12,19:00:00,1.20992,1.21159,1.20992,1.21159,0,0
2014-12-12,20:00:00,1.21158,1.21218,1.21136,1.21181,0,0
2014-12-12,21:00:00,1.21181,1.21292,1.21168,1.21265,0,0
2014-12-12,22:00:00,1.21256,1.2133,1.21175,1.21181,0,0
2014-12-12,23:00:00,1.2119,1.21194,1.21184,1.21193,0,0
2014-12-15,01:00:00,1.21217,1.21913,1.21192,1.2184,0,0
2014-12-15,02:00:00,1.2184,1.2184,1.2156,1.21815,0,0
2014-12-15,03:00:00,1.2182,1.21914,1.21618,1.21681,0,0
2014-12-15,04:00:00,1.21672,1.2181,1.21539,1.2181,0,0
2014-12-15,05:00:00,1.21795,1.21849,1.21641,1.21641,0,0
2014-12-15,06:00:00,1.21641,1.21687,1.21305,1.21458,0,0
2014-12-15,07:00:00,1.21448,1.21448,1.21244,1.21249,0,0
2014-12-15,08:00:00,1.21247,1.21336,1.21108,1.21174,0,0
2014-12-15,09:00:00,1.21174,1.21501,1.21153,1.21346,0,0
2014-12-15,10:00:00,1.21346,1.21455,1.21139,1.21197,0,0
2014-12-15,11:00:00,1.21203,1.2129,1.20979,1.21046,0,0
2014-12-15,12:00:00,1.21045,1.21334,1.2103,1.21333,0,0
2014-12-15,13:00:00,1.21333,1.21644,1.21283,1.21581,0,0
2014-12-15,14:00:00,1.21582,1.21794,1.21541,1.21785,0,0
2014-12-15,15:00:00,1.21786,1.21884,1.21635,1.21683,0,0
2014-12-15,16:00:00,1.21681,1.21956,1.21635,1.21953,0,0
2014-12-15,17:00:00,1.21951,1.21959,1.21681,1.21861,0,0
2014-12-15,18:00:00,1.21837,1.21869,1.21459,1.21514,0,0
2014-12-15,19:00:00,1.21533,1.21804,1.21504,1.21782,0,0
2014-12-15,20:00:00,1.21791,1.21809,1.21686,1.21732,0,0
2014-12-15,21:00:00,1.21732,1.21794,1.21637,1.21657,0,0
2014-12-15,22:00:00,1.21649,1.21846,1.21619,1.21846,0,0
2014-12-15,23:00:00,1.21832,1.21832,1.21703,1.21822,0,0
2014-12-15,23:59:00,1.21782,1.21875,1.21718,1.21826,0,0
2014-12-16,01:00:00,1.21815,1.21822,1.21729,1.21788,0,0
2014-12-16,02:00:00,1.21785,1.21838,1.21607,1.21623,0,0
2014-12-16,03:00:00,1.21644,1.21972,1.21569,1.21635,0,0
2014-12-16,04:00:00,1.21625,1.21693,1.21558,1.2162,0,0
2014-12-16,05:00:00,1.21622,1.21729,1.21417,1.21426,0,0
2014-12-16,06:00:00,1.21449,1.21693,1.21439,1.21643,0,0
2014-12-16,07:00:00,1.21641,1.21694,1.21517,1.21538,0,0
2014-12-16,08:00:00,1.21529,1.21607,1.21455,1.21538,0,0
2014-12-16,09:00:00,1.21533,1.2161,1.21318,1.21492,0,0
2014-12-16,10:00:00,1.21495,1.21689,1.21228,1.21249,0,0
2014-12-16,11:00:00,1.21275,1.21508,1.2107,1.21211,0,0
2014-12-16,12:00:00,1.21221,1.21265,1.20881,1.21265,0,0
2014-12-16,13:00:00,1.21268,1.21403,1.2119,1.21359,0,0
2014-12-16,14:00:00,1.21358,1.21367,1.20986,1.21162,0,0
2014-12-16,15:00:00,1.21162,1.21547,1.21109,1.2135,0,0
2014-12-16,16:00:00,1.21359,1.2164,1.2134,1.216,0,0
2014-12-16,17:00:00,1.216,1.21774,1.21576,1.21752,0,0
2014-12-16,18:00:00,1.21745,1.21797,1.21646,1.21689,0,0
2014-12-16,19:00:00,1.21699,1.21739,1.21542,1.21721,0,0
2014-12-16,20:00:00,1.2173,1.21758,1.21635,1.21724,0,0
2014-12-16,21:00:00,1.21729,1.21841,1.21689,1.21816,0,0
2014-12-16,22:00:00,1.21837,1.21881,1.21681,1.21687,0,0
2014-12-16,23:00:00,1.21689,1.21767,1.21631,1.21709,0,0
2014-12-16,23:59:00,1.21708,1.2174,1.21638,1.21714,0,0
2014-12-17,01:00:00,1.21708,1.21751,1.21632,1.21638,0,0
2014-12-17,02:00:00,1.21638,1.21749,1.21631,1.21646,0,0
2014-12-17,03:00:00,1.21646,1.21794,1.21454,1.21749,0,0
2014-12-17,04:00:00,1.21755,1.22275,1.21734,1.2224,0,0
2014-12-17,05:00:00,1.22245,1.22636,1.22243,1.22602,0,0
2014-12-17,06:00:00,1.22593,1.22787,1.2257,1.22602,0,0
2014-12-17,07:00:00,1.22588,1.22796,1.22587,1.22722,0,0
2014-12-17,08:00:00,1.22722,1.2287,1.22609,1.22811,0,0
2014-12-17,09:00:00,1.2282,1.22864,1.2259,1.22624,0,0
2014-12-17,10:00:00,1.22635,1.22654,1.22291,1.22324,0,0
2014-12-17,11:00:00,1.22326,1.2243,1.22218,1.22315,0,0
2014-12-17,12:00:00,1.22315,1.22387,1.22199,1.22374,0,0
2014-12-17,13:00:00,1.2238,1.22387,1.22157,1.22167,0,0
2014-12-17,14:00:00,1.22169,1.22254,1.22114,1.22234,0,0
2014-12-17,15:00:00,1.22233,1.22284,1.21947,1.22048,0,0
2014-12-17,16:00:00,1.22036,1.22288,1.21984,1.2223,0,0
2014-12-17,17:00:00,1.2223,1.22508,1.22049,1.22492,0,0
2014-12-17,18:00:00,1.2248,1.22534,1.22329,1.22435,0,0
2014-12-17,19:00:00,1.22436,1.22526,1.22266,1.22279,0,0
2014-12-17,20:00:00,1.22279,1.22423,1.22196,1.2223,0,0
2014-12-17,21:00:00,1.22194,1.2337,1.21455,1.2337,0,0
2014-12-17,22:00:00,1.23364,1.23364,1.22824,1.23154,0,0
2014-12-17,23:00:00,1.23172,1.23244,1.22933,1.23141,0,0
2014-12-17,23:59:00,1.23125,1.23226,1.22962,1.23001,0,0
2014-12-18,01:00:00,1.23003,1.23212,1.22959,1.23091,0,0
2014-12-18,02:00:00,1.23098,1.23212,1.23041,1.2316,0,0
2014-12-18,03:00:00,1.23174,1.23218,1.22972,1.23053,0,0
2014-12-18,04:00:00,1.23042,1.23083,1.22708,1.22892,0,0
2014-12-18,05:00:00,1.22892,1.22911,1.22548,1.22838,0,0
2014-12-18,06:00:00,1.22835,1.22974,1.22794,1.22882,0,0
2014-12-18,07:00:00,1.22882,1.2306,1.22879,1.22959,0,0
2014-12-18,08:00:00,1.22957,1.23113,1.2293,1.22992,0,0
2014-12-18,09:00:00,1.22974,1.23172,1.22344,1.2248,0,0
2014-12-18,10:00:00,1.22478,1.22642,1.22017,1.22088,0,0
2014-12-18,11:00:00,1.22084,1.2239,1.21932,1.22345,0,0
2014-12-18,12:00:00,1.2235,1.22359,1.21997,1.22314,0,0
2014-12-18,13:00:00,1.22333,1.22342,1.21994,1.2222,0,0
2014-12-18,14:00:00,1.22208,1.22231,1.22011,1.22203,0,0
2014-12-18,15:00:00,1.22203,1.22227,1.22002,1.22227,0,0
2014-12-18,16:00:00,1.22215,1.2235,1.22145,1.2223,0,0
2014-12-18,17:00:00,1.22224,1.22602,1.22145,1.22602,0,0
2014-12-18,18:00:00,1.226,1.22666,1.22374,1.22445,0,0
2014-12-18,19:00:00,1.22456,1.22683,1.22402,1.22663,0,0
2014-12-18,20:00:00,1.22665,1.22796,1.22632,1.22705,0,0
2014-12-18,21:00:00,1.2271,1.2271,1.22612,1.22627,0,0
2014-12-18,22:00:00,1.22612,1.22683,1.22407,1.22421,0,0
2014-12-18,23:00:00,1.22421,1.22618,1.22393,1.2249,0,0
2014-12-18,23:59:00,1.22502,1.22593,1.22311,1.22381,0,0
2014-12-19,01:00:00,1.2238,1.22554,1.22321,1.22445,0,0
2014-12-19,02:00:00,1.22447,1.2266,1.2235,1.22608,0,0
2014-12-19,03:00:00,1.22617,1.22641,1.22194,1.22194,0,0
2014-12-19,04:00:00,1.22187,1.22466,1.22157,1.22435,0,0
2014-12-19,05:00:00,1.22435,1.22444,1.22251,1.2236,0,0
2014-12-19,06:00:00,1.2236,1.2236,1.22191,1.22205,0,0
2014-12-19,07:00:00,1.22211,1.22239,1.22097,1.22167,0,0
2014-12-19,08:00:00,1.22164,1.22377,1.22097,1.22347,0,0
2014-12-19,09:00:00,1.22348,1.22513,1.22344,1.2249,0,0
2014-12-19,10:00:00,1.22492,1.22657,1.22432,1.22644,0,0
2014-12-19,11:00:00,1.22644,1.22746,1.22623,1.22647,0,0
2014-12-19,12:00:00,1.22647,1.22654,1.22536,1.226,0,0
2014-12-19,13:00:00,1.22593,1.226,1.22351,1.22354,0,0
2014-12-19,14:00:00,1.22354,1.22445,1.22309,1.22416,0,0
2014-12-19,15:00:00,1.22413,1.22435,1.22181,1.22263,0,0
2014-12-19,16:00:00,1.22272,1.22528,1.22246,1.22528,0,0
2014-12-19,17:00:00,1.22531,1.22743,1.22529,1.22743,0,0
2014-12-19,18:00:00,1.22754,1.23086,1.22717,1.23048,0,0
2014-12-19,19:00:00,1.23047,1.23128,1.23016,1.23054,0,0
2014-12-19,20:00:00,1.23054,1.23145,1.22911,1.23033,0,0
2014-12-19,21:00:00,1.23038,1.23074,1.22778,1.22824,0,0
2014-12-19,22:00:00,1.22821,1.22879,1.22749,1.22858,0,0
2014-12-19,23:00:00,1.22855,1.22864,1.22852,1.22856,0,0
2014-12-22,01:00:00,1.22865,1.22883,1.22723,1.2276,0,0
2014-12-22,02:00:00,1.2276,1.22796,1.22714,1.22796,0,0
2014-12-22,03:00:00,1.22796,1.22861,1.22757,1.22772,0,0
2014-12-22,04:00:00,1.22758,1.22969,1.22758,1.22894,0,0
2014-12-22,05:00:00,1.22894,1.22894,1.22751,1.22751,0,0
2014-12-22,06:00:00,1.22751,1.22751,1.22548,1.22573,0,0
2014-12-22,07:00:00,1.22569,1.22642,1.22435,1.22435,0,0
2014-12-22,08:00:00,1.2242,1.22588,1.2239,1.22554,0,0
2014-12-22,09:00:00,1.22557,1.22557,1.22375,1.22513,0,0
2014-12-22,10:00:00,1.22528,1.22817,1.22528,1.22739,0,0
2014-12-22,11:00:00,1.22739,1.22898,1.22681,1.22684,0,0
2014-12-22,12:00:00,1.22684,1.2274,1.22635,1.22645,0,0
2014-12-22,13:00:00,1.22686,1.22781,1.22587,1.22671,0,0
2014-12-22,14:00:00,1.22669,1.2282,1.22657,1.22818,0,0
2014-12-22,15:00:00,1.22838,1.22924,1.22773,1.22907,0,0
2014-12-22,16:00:00,1.22907,1.22917,1.2277,1.229,0,0
2014-12-22,17:00:00,1.22898,1.22903,1.22749,1.22871,0,0
2014-12-22,18:00:00,1.22794,1.22883,1.22782,1.22856,0,0
2014-12-22,19:00:00,1.22856,1.22907,1.22796,1.22832,0,0
2014-12-22,20:00:00,1.22834,1.22907,1.22814,1.2288,0,0
2014-12-22,21:00:00,1.22886,1.22912,1.2285,1.22892,0,0
2014-12-22,22:00:00,1.22892,1.23018,1.22889,1.22969,0,0
2014-12-22,23:00:00,1.22997,1.23056,1.22948,1.22953,0,0
2014-12-22,23:59:00,1.22982,1.2313,1.22945,1.2313,0,0
2014-12-23,01:00:00,1.23125,1.23215,1.23125,1.23163,0,0
2014-12-23,02:00:00,1.23175,1.23189,1.2303,1.23147,0,0
2014-12-23,03:00:00,1.23136,1.23163,1.22974,1.22992,0,0
2014-12-23,04:00:00,1.22995,1.23074,1.22942,1.23059,0,0
2014-12-23,05:00:00,1.23053,1.23141,1.23033,1.23112,0,0
2014-12-23,06:00:00,1.23113,1.23233,1.23069,1.23183,0,0
2014-12-23,07:00:00,1.23182,1.23507,1.23165,1.23361,0,0
2014-12-23,08:00:00,1.23364,1.23574,1.23353,1.23393,0,0
2014-12-23,09:00:00,1.23393,1.23393,1.23178,1.23253,0,0
2014-12-23,10:00:00,1.23251,1.23253,1.23122,1.23189,0,0
2014-12-23,11:00:00,1.23189,1.23191,1.23047,1.23081,0,0
2014-12-23,12:00:00,1.23081,1.23081,1.2293,1.2295,0,0
2014-12-23,13:00:00,1.22947,1.22982,1.22826,1.22876,0,0
2014-12-23,14:00:00,1.22876,1.23021,1.22814,1.22983,0,0
2014-12-23,15:00:00,1.22968,1.23308,1.22968,1.23201,0,0
2014-12-23,16:00:00,1.23201,1.23492,1.23201,1.23492,0,0
2014-12-23,17:00:00,1.23432,1.23495,1.23292,1.23452,0,0
2014-12-23,18:00:00,1.23463,1.23609,1.23457,1.23515,0,0
2014-12-23,19:00:00,1.23513,1.23516,1.23416,1.23416,0,0
2014-12-23,20:00:00,1.23422,1.23585,1.23419,1.23535,0,0
2014-12-23,21:00:00,1.23535,1.2359,1.23518,1.23524,0,0
2014-12-23,22:00:00,1.23499,1.23638,1.23489,1.23545,0,0
2014-12-23,23:00:00,1.23504,1.23521,1.23394,1.23426,0,0
2014-12-23,23:59:00,1.23425,1.23538,1.23335,1.23403,0,0
2014-12-24,01:00:00,1.23352,1.23384,1.23212,1.23335,0,0
2014-12-24,02:00:00,1.23317,1.23382,1.23154,1.23154,0,0
2014-12-24,03:00:00,1.23153,1.23305,1.23153,1.23238,0,0
2014-12-24,04:00:00,1.23238,1.23396,1.23118,1.23343,0,0
2014-12-24,05:00:00,1.2333,1.23408,1.2323,1.2327,0,0
2014-12-24,06:00:00,1.23274,1.23358,1.23229,1.23276,0,0
2014-12-24,07:00:00,1.23318,1.23336,1.23125,1.23125,0,0
2014-12-24,08:00:00,1.23186,1.23367,1.23165,1.2333,0,0
2014-12-24,09:00:00,1.2333,1.2333,1.23165,1.23197,0,0
2014-12-24,10:00:00,1.23182,1.23318,1.23182,1.23291,0,0
2014-12-24,11:00:00,1.23282,1.23314,1.23227,1.2328,0,0
2014-12-24,12:00:00,1.2327,1.23355,1.23212,1.23257,0,0
2014-12-24,13:00:00,1.23257,1.23306,1.23239,1.23297,0,0
2014-12-24,14:00:00,1.23289,1.23341,1.23265,1.23289,0,0
2014-12-24,15:00:00,1.23285,1.23326,1.23157,1.2327,0,0
2014-12-24,16:00:00,1.23264,1.23346,1.23239,1.23256,0,0
2014-12-24,17:00:00,1.23276,1.23373,1.23241,1.23373,0,0
2014-12-24,18:00:00,1.23373,1.23373,1.23274,1.2334,0,0
2014-12-24,19:00:00,1.23338,1.23359,1.23288,1.23338,0,0
2014-12-24,20:00:00,1.23336,1.23381,1.23259,1.2335,0,0
2014-12-24,21:00:00,1.2335,1.23365,1.23274,1.23358,0,0
2014-12-24,22:00:00,1.23336,1.23384,1.23267,1.23333,0,0
2014-12-24,23:00:00,1.23333,1.23358,1.23312,1.23336,0,0
2014-12-24,23:59:00,1.2333,1.23365,1.23236,1.23277,0,0
2014-12-26,01:00:00,1.23206,1.23399,1.23192,1.23333,0,0
2014-12-26,02:00:00,1.23333,1.23364,1.23157,1.23192,0,0
2014-12-26,03:00:00,1.23197,1.23223,1.2305,1.23178,0,0
2014-12-26,04:00:00,1.23156,1.23185,1.23086,1.23092,0,0
2014-12-26,05:00:00,1.23092,1.2313,1.23084,1.23121,0,0
2014-12-26,06:00:00,1.23106,1.23153,1.23054,1.23078,0,0
2014-12-26,07:00:00,1.23069,1.23113,1.23041,1.23081,0,0
2014-12-26,08:00:00,1.23081,1.23133,1.23051,1.23069,0,0
2014-12-26,09:00:00,1.23069,1.23122,1.23069,1.23106,0,0
2014-12-26,10:00:00,1.23103,1.23157,1.23068,1.23101,0,0
2014-12-26,11:00:00,1.23098,1.23115,1.23063,1.23091,0,0
2014-12-26,12:00:00,1.23088,1.23115,1.23045,1.23045,0,0
2014-12-26,13:00:00,1.23024,1.23036,1.23001,1.23001,0,0
2014-12-26,14:00:00,1.23004,1.23065,1.22974,1.2306,0,0
2014-12-26,15:00:00,1.23075,1.23109,1.22998,1.23021,0,0
2014-12-26,16:00:00,1.23022,1.23153,1.23016,1.23145,0,0
2014-12-26,17:00:00,1.23145,1.23318,1.23116,1.23277,0,0
2014-12-26,18:00:00,1.23277,1.23312,1.2321,1.23288,0,0
2014-12-26,19:00:00,1.23286,1.23295,1.23162,1.23241,0,0
2014-12-26,20:00:00,1.23312,1.2332,1.23203,1.23254,0,0
2014-12-26,21:00:00,1.23265,1.23267,1.23206,1.23223,0,0
2014-12-26,22:00:00,1.23227,1.23276,1.23145,1.2316,0,0
2014-12-26,23:00:00,1.2316,1.2316,1.2316,1.2316,0,0
2014-12-29,01:00:00,1.23216,1.23303,1.23163,1.23265,0,0
2014-12-29,02:00:00,1.23264,1.23268,1.23142,1.23166,0,0
2014-12-29,03:00:00,1.2316,1.23256,1.23057,1.23083,0,0
2014-12-29,04:00:00,1.23084,1.23148,1.22956,1.23012,0,0
2014-12-29,05:00:00,1.2301,1.2305,1.2292,1.23041,0,0
2014-12-29,06:00:00,1.23042,1.23047,1.22897,1.22904,0,0
2014-12-29,07:00:00,1.22904,1.22971,1.22746,1.22941,0,0
2014-12-29,08:00:00,1.22944,1.2296,1.22901,1.22932,0,0
2014-12-29,09:00:00,1.22938,1.22969,1.22871,1.22914,0,0
2014-12-29,10:00:00,1.22914,1.22965,1.22755,1.22793,0,0
2014-12-29,11:00:00,1.22793,1.22799,1.22561,1.22585,0,0
2014-12-29,12:00:00,1.22567,1.22713,1.22516,1.22666,0,0
2014-12-29,13:00:00,1.22666,1.22767,1.22597,1.22687,0,0
2014-12-29,14:00:00,1.22684,1.22725,1.22638,1.22681,0,0
2014-12-29,15:00:00,1.22683,1.22766,1.2265,1.22764,0,0
2014-12-29,16:00:00,1.22763,1.22876,1.22745,1.22859,0,0
2014-12-29,17:00:00,1.22856,1.22865,1.22698,1.22731,0,0
2014-12-29,18:00:00,1.22728,1.22808,1.22675,1.22731,0,0
2014-12-29,19:00:00,1.22781,1.22844,1.22775,1.22799,0,0
2014-12-29,20:00:00,1.22799,1.22914,1.22799,1.22909,0,0
2014-12-29,21:00:00,1.22911,1.23048,1.22909,1.23013,0,0
2014-12-29,22:00:00,1.23013,1.23016,1.22912,1.22912,0,0
2014-12-29,23:00:00,1.22912,1.22986,1.22912,1.22951,0,0
2014-12-29,23:59:00,1.22951,1.23001,1.2288,1.22983,0,0
2014-12-30,01:00:00,1.22979,1.22986,1.22897,1.22929,0,0
2014-12-30,02:00:00,1.22929,1.22944,1.22815,1.22921,0,0
2014-12-30,03:00:00,1.22918,1.23072,1.22918,1.23071,0,0
2014-12-30,04:00:00,1.23066,1.2313,1.23006,1.23065,0,0
2014-12-30,05:00:00,1.23054,1.2311,1.2298,1.23071,0,0
2014-12-30,06:00:00,1.23066,1.23066,1.22956,1.2303,0,0
2014-12-30,07:00:00,1.23028,1.23063,1.22948,1.22974,0,0
2014-12-30,08:00:00,1.22971,1.23057,1.22971,1.23015,0,0
2014-12-30,09:00:00,1.23021,1.23025,1.22621,1.22699,0,0
2014-12-30,10:00:00,1.22696,1.22696,1.22357,1.22529,0,0
2014-12-30,11:00:00,1.22508,1.22581,1.2229,1.2242,0,0
2014-12-30,12:00:00,1.2242,1.22576,1.22384,1.22477,0,0
2014-12-30,13:00:00,1.22475,1.22573,1.22424,1.22502,0,0
2014-12-30,14:00:00,1.22502,1.22561,1.22405,1.22421,0,0
2014-12-30,15:00:00,1.22416,1.22451,1.22161,1.22166,0,0
2014-12-30,16:00:00,1.22163,1.22199,1.22045,1.22052,0,0
2014-12-30,17:00:00,1.22079,1.22175,1.21978,1.22,0,0
2014-12-30,18:00:00,1.22,1.22045,1.2191,1.2199,0,0
2014-12-30,19:00:00,1.2199,1.22258,1.21963,1.22258,0,0
2014-12-30,20:00:00,1.22263,1.22315,1.22155,1.22212,0,0
2014-12-30,21:00:00,1.22212,1.22287,1.22148,1.22287,0,0
2014-12-30,22:00:00,1.22273,1.22276,1.2222,1.22248,0,0
2014-12-30,23:00:00,1.22248,1.22248,1.22172,1.22193,0,0
2014-12-30,23:59:00,1.22197,1.22282,1.22197,1.22245,0,0
2014-12-31,01:00:00,1.22261,1.22279,1.22172,1.22225,0,0
2014-12-31,02:00:00,1.22224,1.2227,1.22172,1.22222,0,0
2014-12-31,03:00:00,1.22221,1.22242,1.21743,1.21754,0,0
2014-12-31,04:00:00,1.21764,1.21868,1.21732,1.21809,0,0
2014-12-31,05:00:00,1.21828,1.21962,1.21826,1.21933,0,0
2014-12-31,06:00:00,1.21935,1.21966,1.21838,1.21939,0,0
2014-12-31,07:00:00,1.21963,1.22218,1.2196,1.22067,0,0
2014-12-31,08:00:00,1.22067,1.22236,1.22043,1.22227,0,0
2014-12-31,09:00:00,1.2223,1.22276,1.22158,1.22164,0,0
2014-12-31,10:00:00,1.22175,1.22181,1.21991,1.22046,0,0
2014-12-31,11:00:00,1.22067,1.22115,1.22035,1.22055,0,0
2014-12-31,12:00:00,1.22055,1.22064,1.21921,1.21987,0,0
2014-12-31,13:00:00,1.21977,1.22038,1.21843,1.21867,0,0
2014-12-31,14:00:00,1.21867,1.22052,1.21807,1.22052,0,0
2014-12-31,15:00:00,1.2206,1.22202,1.2206,1.22161,0,0
2014-12-31,16:00:00,1.22179,1.22393,1.22145,1.22372,0,0
2014-12-31,17:00:00,1.22347,1.22567,1.22306,1.22321,0,0
2014-12-31,18:00:00,1.22091,1.22386,1.22091,1.22386,0,0
2014-12-31,19:00:00,1.22386,1.22433,1.22266,1.22433,0,0
2014-12-31,20:00:00,1.22489,1.22534,1.22357,1.22516,0,0
2014-12-31,21:00:00,1.22501,1.22584,1.22457,1.22459,0,0
2014-12-31,22:00:00,1.22351,1.22525,1.22348,1.22496,0,0
2014-12-31,23:00:00,1.22493,1.22564,1.22474,1.22493,0,0
2014-12-31,23:59:00,1.22519,1.22519,1.22338,1.22468,0,0
2015-01-02,01:00:00,1.22381,1.22427,1.22234,1.22258,0,0
2015-01-02,02:00:00,1.22258,1.22439,1.22172,1.22438,0,0
2015-01-02,03:00:00,1.22433,1.22989,1.22433,1.22938,0,0
2015-01-02,04:00:00,1.2293,1.23033,1.22915,1.22971,0,0
2015-01-02,05:00:00,1.22971,1.23047,1.22926,1.2298,0,0
2015-01-02,06:00:00,1.2298,1.23057,1.22935,1.23039,0,0
2015-01-02,07:00:00,1.23039,1.23045,1.22888,1.22911,0,0
2015-01-02,08:00:00,1.22911,1.22912,1.22778,1.22823,0,0
2015-01-02,09:00:00,1.2282,1.23062,1.2282,1.22882,0,0
2015-01-02,10:00:00,1.22882,1.22885,1.22772,1.22802,0,0
2015-01-02,11:00:00,1.22802,1.22898,1.22764,1.22818,0,0
2015-01-02,12:00:00,1.22815,1.23048,1.22812,1.22989,0,0
2015-01-02,13:00:00,1.22989,1.23218,1.22986,1.23168,0,0
2015-01-02,14:00:00,1.23166,1.23335,1.23163,1.23285,0,0
2015-01-02,15:00:00,1.23279,1.23365,1.23241,1.23332,0,0
2015-01-02,16:00:00,1.23329,1.23426,1.23308,1.23341,0,0
2015-01-02,17:00:00,1.23262,1.23315,1.23066,1.23142,0,0
2015-01-02,18:00:00,1.23142,1.23232,1.22995,1.232,0,0
2015-01-02,19:00:00,1.23201,1.23336,1.2318,1.23298,0,0
2015-01-02,20:00:00,1.23273,1.23353,1.23264,1.23333,0,0
2015-01-02,21:00:00,1.23332,1.23368,1.23241,1.23256,0,0
2015-01-02,22:00:00,1.23276,1.23573,1.23271,1.23492,0,0
2015-01-02,23:00:00,1.23492,1.23501,1.23492,1.23501,0,0
2015-01-05,01:00:00,1.23847,1.24187,1.23799,1.23973,0,0
2015-01-05,02:00:00,1.23974,1.23974,1.23376,1.23574,0,0
2015-01-05,03:00:00,1.23576,1.23821,1.23367,1.23733,0,0
2015-01-05,04:00:00,1.23724,1.23885,1.23553,1.23885,0,0
2015-01-05,05:00:00,1.23903,1.24154,1.2389,1.24036,0,0
2015-01-05,06:00:00,1.24103,1.24159,1.23989,1.24046,0,0
2015-01-05,07:00:00,1.24046,1.24434,1.24013,1.24236,0,0
2015-01-05,08:00:00,1.2429,1.2437,1.24225,1.24275,0,0
2015-01-05,09:00:00,1.24278,1.24278,1.23999,1.24227,0,0
2015-01-05,10:00:00,1.24258,1.24258,1.23819,1.23822,0,0
2015-01-05,11:00:00,1.23827,1.2389,1.23648,1.23654,0,0
2015-01-05,12:00:00,1.23667,1.2402,1.23635,1.23988,0,0
2015-01-05,13:00:00,1.23982,1.24122,1.23956,1.24046,0,0
2015-01-05,14:00:00,1.24048,1.24113,1.23894,1.23993,0,0
2015-01-05,15:00:00,1.23993,1.24025,1.23652,1.23808,0,0
2015-01-05,16:00:00,1.23822,1.23857,1.2359,1.23603,0,0
2015-01-05,17:00:00,1.23603,1.23755,1.23495,1.23495,0,0
2015-01-05,18:00:00,1.23501,1.23585,1.23355,1.23548,0,0
2015-01-05,19:00:00,1.23548,1.23693,1.23538,1.23582,0,0
2015-01-05,20:00:00,1.23611,1.23703,1.23561,1.23582,0,0
2015-01-05,21:00:00,1.23582,1.23617,1.23457,1.23574,0,0
2015-01-05,22:00:00,1.23574,1.23652,1.23486,1.23634,0,0
2015-01-05,23:00:00,1.23643,1.23716,1.23602,1.23713,0,0
2015-01-05,23:59:00,1.23713,1.23773,1.23651,1.23698,0,0
2015-01-06,01:00:00,1.23697,1.23701,1.23417,1.23503,0,0
2015-01-06,02:00:00,1.23503,1.23661,1.23113,1.23113,0,0
2015-01-06,03:00:00,1.23119,1.23347,1.23119,1.23212,0,0
2015-01-06,04:00:00,1.23216,1.23221,1.2272,1.22898,0,0
2015-01-06,05:00:00,1.22898,1.23015,1.22847,1.2293,0,0
2015-01-06,06:00:00,1.22929,1.23109,1.22903,1.23066,0,0
2015-01-06,07:00:00,1.23066,1.23066,1.22796,1.22817,0,0
2015-01-06,08:00:00,1.22805,1.22855,1.22612,1.22728,0,0
2015-01-06,09:00:00,1.22728,1.23065,1.22728,1.23065,0,0
2015-01-06,10:00:00,1.23065,1.23224,1.22867,1.22962,0,0
2015-01-06,11:00:00,1.22962,1.23025,1.22883,1.22974,0,0
2015-01-06,12:00:00,1.22997,1.23103,1.22963,1.23004,0,0
2015-01-06,13:00:00,1.23004,1.2305,1.22831,1.23047,0,0
2015-01-06,14:00:00,1.23047,1.23141,1.22924,1.22944,0,0
2015-01-06,15:00:00,1.23009,1.23091,1.22864,1.23083,0,0
2015-01-06,16:00:00,1.23081,1.23419,1.2305,1.23084,0,0
2015-01-06,17:00:00,1.23084,1.23265,1.22897,1.23244,0,0
2015-01-06,18:00:00,1.23251,1.234,1.23141,1.23201,0,0
2015-01-06,19:00:00,1.23201,1.23387,1.23104,1.23361,0,0
2015-01-06,20:00:00,1.23343,1.23353,1.23189,1.23212,0,0
2015-01-06,21:00:00,1.23215,1.23311,1.23168,1.23311,0,0
2015-01-06,22:00:00,1.23314,1.2358,1.23291,1.23519,0,0
2015-01-06,23:00:00,1.23525,1.23709,1.23483,1.23709,0,0
2015-01-06,23:59:00,1.23709,1.23974,1.23667,1.23883,0,0
2015-01-07,01:00:00,1.23827,1.23876,1.23744,1.23805,0,0
2015-01-07,02:00:00,1.23805,1.24143,1.23778,1.24073,0,0
2015-01-07,03:00:00,1.24065,1.24108,1.23836,1.23853,0,0
2015-01-07,04:00:00,1.23848,1.23999,1.23796,1.23954,0,0
2015-01-07,05:00:00,1.23951,1.24006,1.23741,1.23791,0,0
2015-01-07,06:00:00,1.23859,1.23891,1.23791,1.23874,0,0
2015-01-07,07:00:00,1.23874,1.2398,1.23761,1.23902,0,0
2015-01-07,08:00:00,1.23899,1.24174,1.2387,1.24014,0,0
2015-01-07,09:00:00,1.24016,1.24085,1.23813,1.23917,0,0
2015-01-07,10:00:00,1.23917,1.24042,1.23804,1.23965,0,0
2015-01-07,11:00:00,1.23965,1.24043,1.23753,1.24043,0,0
2015-01-07,12:00:00,1.24048,1.24074,1.23883,1.24025,0,0
2015-01-07,13:00:00,1.23966,1.23966,1.23799,1.23907,0,0
2015-01-07,14:00:00,1.23907,1.23907,1.23761,1.2388,0,0
2015-01-07,15:00:00,1.23873,1.24199,1.23862,1.24133,0,0
2015-01-07,16:00:00,1.24148,1.24347,1.24145,1.24305,0,0
2015-01-07,17:00:00,1.24307,1.24482,1.24151,1.24383,0,0
2015-01-07,18:00:00,1.24389,1.24412,1.24211,1.24245,0,0
2015-01-07,19:00:00,1.24245,1.24278,1.24143,1.24196,0,0
2015-01-07,20:00:00,1.24196,1.24208,1.24099,1.2411,0,0
2015-01-07,21:00:00,1.24094,1.24394,1.23629,1.23721,0,0
2015-01-07,22:00:00,1.2379,1.23963,1.23761,1.2392,0,0
2015-01-07,23:00:00,1.2391,1.23956,1.2373,1.23808,0,0
2015-01-07,23:59:00,1.23808,1.2392,1.23759,1.23828,0,0
2015-01-08,01:00:00,1.23845,1.23914,1.23761,1.23847,0,0
2015-01-08,02:00:00,1.23779,1.2381,1.23382,1.23623,0,0
2015-01-08,03:00:00,1.23544,1.23579,1.23376,1.23559,0,0
2015-01-08,04:00:00,1.23561,1.23683,1.23493,1.23603,0,0
2015-01-08,05:00:00,1.23602,1.23674,1.23227,1.23289,0,0
2015-01-08,06:00:00,1.23289,1.23407,1.23254,1.23317,0,0
2015-01-08,07:00:00,1.23332,1.23407,1.23256,1.23268,0,0
2015-01-08,08:00:00,1.23264,1.23407,1.23264,1.23378,0,0
2015-01-08,09:00:00,1.23435,1.23559,1.23336,1.23361,0,0
2015-01-08,10:00:00,1.2339,1.2341,1.23206,1.23253,0,0
2015-01-08,11:00:00,1.23274,1.23286,1.23089,1.23268,0,0
2015-01-08,12:00:00,1.23265,1.23538,1.23253,1.23435,0,0
2015-01-08,13:00:00,1.2346,1.23461,1.23274,1.23311,0,0
2015-01-08,14:00:00,1.23283,1.23477,1.23277,1.23317,0,0
2015-01-08,15:00:00,1.23315,1.23428,1.23226,1.2333,0,0
2015-01-08,16:00:00,1.23335,1.23557,1.23223,1.23223,0,0
2015-01-08,17:00:00,1.23221,1.23327,1.231,1.23327,0,0
2015-01-08,18:00:00,1.23333,1.23333,1.23027,1.23027,0,0
2015-01-08,19:00:00,1.23084,1.23103,1.22994,1.23042,0,0
2015-01-08,20:00:00,1.23031,1.2321,1.2301,1.23171,0,0
2015-01-08,21:00:00,1.23169,1.23394,1.23169,1.23355,0,0
2015-01-08,22:00:00,1.23323,1.2333,1.23229,1.23241,0,0
2015-01-08,23:00:00,1.23238,1.23274,1.23089,1.23112,0,0
2015-01-08,23:59:00,1.23112,1.23332,1.2311,1.23277,0,0
2015-01-09,01:00:00,1.23277,1.23347,1.2325,1.23267,0,0
2015-01-09,02:00:00,1.23267,1.23365,1.23007,1.23036,0,0
2015-01-09,03:00:00,1.23036,1.23036,1.2287,1.23,0,0
2015-01-09,04:00:00,1.22959,1.22986,1.22752,1.22809,0,0
2015-01-09,05:00:00,1.22834,1.22917,1.22767,1.22862,0,0
2015-01-09,06:00:00,1.22862,1.22894,1.2277,1.22879,0,0
2015-01-09,07:00:00,1.22886,1.22923,1.22803,1.22859,0,0
2015-01-09,08:00:00,1.22859,1.23075,1.22859,1.22959,0,0
2015-01-09,09:00:00,1.22983,1.2313,1.22921,1.23116,0,0
2015-01-09,10:00:00,1.23115,1.23197,1.23081,1.23171,0,0
2015-01-09,11:00:00,1.23171,1.23248,1.23066,1.23142,0,0
2015-01-09,12:00:00,1.23153,1.23154,1.22895,1.22914,0,0
2015-01-09,13:00:00,1.22914,1.22935,1.2279,1.22805,0,0
2015-01-09,14:00:00,1.22812,1.22915,1.22811,1.22812,0,0
2015-01-09,15:00:00,1.22815,1.22995,1.22498,1.22653,0,0
2015-01-09,16:00:00,1.22654,1.22654,1.22261,1.22383,0,0
2015-01-09,17:00:00,1.22383,1.22383,1.22023,1.22139,0,0
2015-01-09,18:00:00,1.22143,1.22392,1.21951,1.22102,0,0
2015-01-09,19:00:00,1.22103,1.2213,1.21916,1.22093,0,0
2015-01-09,20:00:00,1.22093,1.22118,1.21963,1.21981,0,0
2015-01-09,21:00:00,1.21999,1.22063,1.21904,1.21956,0,0
2015-01-09,22:00:00,1.21956,1.21993,1.21832,1.2188,0,0
2015-01-09,23:00:00,1.21884,1.21884,1.21884,1.21884,0,0
