Date,Time,Open,High,Low,Close,Volume,OpenInt
2014-10-13,01:00:00,0.95669,0.95679,0.95524,0.95533,0,0
2014-10-13,02:00:00,0.95529,0.95635,0.95527,0.95618,0,0
2014-10-13,03:00:00,0.95618,0.95664,0.95568,0.95583,0,0
2014-10-13,04:00:00,0.95583,0.95588,0.95281,0.95296,0,0
2014-10-13,05:00:00,0.95289,0.95354,0.95195,0.95237,0,0
2014-10-13,06:00:00,0.95237,0.95306,0.95221,0.95242,0,0
2014-10-13,07:00:00,0.95242,0.95354,0.95233,0.95317,0,0
2014-10-13,08:00:00,0.95318,0.95388,0.95262,0.95291,0,0
2014-10-13,09:00:00,0.95291,0.95405,0.95215,0.95396,0,0
2014-10-13,10:00:00,0.95396,0.95516,0.95388,0.95394,0,0
2014-10-13,11:00:00,0.95394,0.95432,0.95311,0.95371,0,0
2014-10-13,12:00:00,0.95368,0.95417,0.95302,0.95314,0,0
2014-10-13,13:00:00,0.95314,0.95344,0.95166,0.95245,0,0
2014-10-13,14:00:00,0.95246,0.95249,0.95138,0.9518,0,0
2014-10-13,15:00:00,0.95181,0.95274,0.95158,0.95231,0,0
2014-10-13,16:00:00,0.95231,0.95243,0.95111,0.95198,0,0
2014-10-13,17:00:00,0.95198,0.95256,0.95112,0.95237,0,0
2014-10-13,18:00:00,0.95233,0.9533,0.95154,0.95211,0,0
2014-10-13,19:00:00,0.95211,0.95365,0.95211,0.95358,0,0
2014-10-13,20:00:00,0.95358,0.95384,0.95263,0.95332,0,0
2014-10-13,21:00:00,0.95331,0.9537,0.95318,0.95336,0,0
2014-10-13,22:00:00,0.95336,0.95343,0.95218,0.95252,0,0
2014-10-13,23:00:00,0.95252,0.95253,0.94702,0.94788,0,0
2014-10-13,23:59:00,0.94791,0.94879,0.94676,0.94867,0,0
2014-10-14,01:00:00,0.94867,0.94922,0.94846,0.94893,0,0
2014-10-14,02:00:00,0.94888,0.95001,0.94809,0.94996,0,0
2014-10-14,03:00:00,0.94996,0.95057,0.94991,0.95003,0,0
2014-10-14,04:00:00,0.95003,0.9502,0.94932,0.94948,0,0
2014-10-14,05:00:00,0.94949,0.95003,0.94947,0.94958,0,0
2014-10-14,06:00:00,0.9496,0.95035,0.94958,0.95022,0,0
2014-10-14,07:00:00,0.95022,0.9505,0.95007,0.95013,0,0
2014-10-14,08:00:00,0.95013,0.95094,0.94961,0.95088,0,0
2014-10-14,09:00:00,0.95088,0.9513,0.95014,0.95125,0,0
2014-10-14,10:00:00,0.95123,0.9525,0.95113,0.9512,0,0
2014-10-14,11:00:00,0.95117,0.95243,0.9505,0.95196,0,0
2014-10-14,12:00:00,0.95198,0.95541,0.95191,0.95489,0,0
2014-10-14,13:00:00,0.95494,0.95519,0.95401,0.95463,0,0
2014-10-14,14:00:00,0.95456,0.95483,0.95337,0.95483,0,0
2014-10-14,15:00:00,0.95484,0.95526,0.95404,0.95455,0,0
2014-10-14,16:00:00,0.95455,0.95516,0.95401,0.95401,0,0
2014-10-14,17:00:00,0.95401,0.95411,0.95222,0.95317,0,0
2014-10-14,18:00:00,0.95317,0.95392,0.95242,0.95365,0,0
2014-10-14,19:00:00,0.95364,0.95401,0.95293,0.95351,0,0
2014-10-14,20:00:00,0.95358,0.95404,0.95321,0.95392,0,0
2014-10-14,21:00:00,0.95392,0.95502,0.95392,0.95424,0,0
2014-10-14,22:00:00,0.95424,0.95484,0.95356,0.95383,0,0
2014-10-14,23:00:00,0.95381,0.95419,0.95334,0.95351,0,0
2014-10-14,23:59:00,0.95362,0.9542,0.95347,0.95378,0,0
2014-10-15,01:00:00,0.95379,0.95486,0.95379,0.95464,0,0
2014-10-15,02:00:00,0.95463,0.9556,0.95454,0.95483,0,0
2014-10-15,03:00:00,0.95483,0.95527,0.95434,0.95519,0,0
2014-10-15,04:00:00,0.95518,0.95618,0.95496,0.9553,0,0
2014-10-15,05:00:00,0.9553,0.95545,0.95477,0.95477,0,0
2014-10-15,06:00:00,0.95477,0.9551,0.95434,0.95475,0,0
2014-10-15,07:00:00,0.95475,0.95527,0.95459,0.95513,0,0
2014-10-15,08:00:00,0.95513,0.95531,0.95464,0.95506,0,0
2014-10-15,09:00:00,0.95505,0.95516,0.95383,0.95436,0,0
2014-10-15,10:00:00,0.95436,0.95524,0.95368,0.95482,0,0
2014-10-15,11:00:00,0.95483,0.95502,0.95303,0.95428,0,0
2014-10-15,12:00:00,0.95428,0.95538,0.95428,0.95492,0,0
2014-10-15,13:00:00,0.95489,0.95557,0.95466,0.95514,0,0
2014-10-15,14:00:00,0.95516,0.95533,0.95245,0.95293,0,0
2014-10-15,15:00:00,0.95293,0.95326,0.94604,0.94699,0,0
2014-10-15,16:00:00,0.947,0.94731,0.93593,0.94467,0,0
2014-10-15,17:00:00,0.94467,0.94722,0.94376,0.94608,0,0
2014-10-15,18:00:00,0.94606,0.94638,0.94291,0.94424,0,0
2014-10-15,19:00:00,0.94422,0.94441,0.94136,0.94311,0,0
2014-10-15,20:00:00,0.94309,0.94448,0.94243,0.94381,0,0
2014-10-15,21:00:00,0.94377,0.94455,0.9431,0.94411,0,0
2014-10-15,22:00:00,0.9441,0.94428,0.94148,0.94184,0,0
2014-10-15,23:00:00,0.94182,0.94228,0.93949,0.9399,0,0
2014-10-15,23:59:00,0.93989,0.94195,0.93977,0.94194,0,0
2014-10-16,01:00:00,0.94192,0.9422,0.94084,0.94115,0,0
2014-10-16,02:00:00,0.94116,0.94185,0.94109,0.94155,0,0
2014-10-16,03:00:00,0.94157,0.94228,0.94006,0.94041,0,0
2014-10-16,04:00:00,0.9404,0.94111,0.93999,0.9407,0,0
2014-10-16,05:00:00,0.94065,0.9413,0.94053,0.94113,0,0
2014-10-16,06:00:00,0.94114,0.94165,0.94075,0.94138,0,0
2014-10-16,07:00:00,0.94138,0.94193,0.94099,0.9414,0,0
2014-10-16,08:00:00,0.94136,0.94197,0.94116,0.94196,0,0
2014-10-16,09:00:00,0.94198,0.94389,0.94166,0.94314,0,0
2014-10-16,10:00:00,0.94313,0.94442,0.94236,0.94282,0,0
2014-10-16,11:00:00,0.94282,0.94347,0.94062,0.94275,0,0
2014-10-16,12:00:00,0.94275,0.94575,0.94121,0.94573,0,0
2014-10-16,13:00:00,0.94575,0.94901,0.94558,0.94618,0,0
2014-10-16,14:00:00,0.94618,0.94677,0.9448,0.94676,0,0
2014-10-16,15:00:00,0.94676,0.94726,0.94407,0.94595,0,0
2014-10-16,16:00:00,0.94597,0.94718,0.94456,0.94668,0,0
2014-10-16,17:00:00,0.94662,0.94763,0.94318,0.9441,0,0
2014-10-16,18:00:00,0.94409,0.94449,0.94214,0.94246,0,0
2014-10-16,19:00:00,0.94246,0.94317,0.94123,0.94136,0,0
2014-10-16,20:00:00,0.94138,0.94247,0.94044,0.94244,0,0
2014-10-16,21:00:00,0.94249,0.94379,0.94243,0.94333,0,0
2014-10-16,22:00:00,0.94333,0.94404,0.94285,0.94289,0,0
2014-10-16,23:00:00,0.9429,0.94333,0.9423,0.94245,0,0
2014-10-16,23:59:00,0.9423,0.94315,0.9423,0.94291,0,0
2014-10-17,01:00:00,0.94291,0.94357,0.94248,0.94248,0,0
2014-10-17,02:00:00,0.94248,0.94286,0.94201,0.9428,0,0
2014-10-17,03:00:00,0.9428,0.94327,0.94235,0.94249,0,0
2014-10-17,04:00:00,0.9425,0.94285,0.9421,0.9428,0,0
2014-10-17,05:00:00,0.9428,0.94315,0.94259,0.9431,0,0
2014-10-17,06:00:00,0.94309,0.94347,0.94286,0.94333,0,0
2014-10-17,07:00:00,0.94337,0.94355,0.94318,0.94324,0,0
2014-10-17,08:00:00,0.94327,0.94334,0.94252,0.94273,0,0
2014-10-17,09:00:00,0.94272,0.9446,0.94245,0.94397,0,0
2014-10-17,10:00:00,0.94398,0.94458,0.9434,0.94428,0,0
2014-10-17,11:00:00,0.94428,0.94463,0.9407,0.94082,0,0
2014-10-17,12:00:00,0.94082,0.943,0.9406,0.94256,0,0
2014-10-17,13:00:00,0.94255,0.94323,0.94143,0.94222,0,0
2014-10-17,14:00:00,0.94222,0.94245,0.94076,0.94082,0,0
2014-10-17,15:00:00,0.94082,0.94404,0.94063,0.94282,0,0
2014-10-17,16:00:00,0.94277,0.94664,0.94269,0.94618,0,0
2014-10-17,17:00:00,0.94616,0.94657,0.94438,0.94572,0,0
2014-10-17,18:00:00,0.94578,0.94742,0.94557,0.94672,0,0
2014-10-17,19:00:00,0.94672,0.94687,0.94509,0.94545,0,0
2014-10-17,20:00:00,0.94542,0.94572,0.94481,0.945,0,0
2014-10-17,21:00:00,0.945,0.94605,0.94491,0.94541,0,0
2014-10-17,22:00:00,0.94541,0.94651,0.94519,0.94622,0,0
2014-10-17,23:00:00,0.94621,0.94621,0.94621,0.94621,0,0
2014-10-20,01:00:00,0.94654,0.94799,0.94646,0.94755,0,0
2014-10-20,02:00:00,0.94755,0.94782,0.9469,0.94704,0,0
2014-10-20,03:00:00,0.94704,0.94706,0.94634,0.94673,0,0
2014-10-20,04:00:00,0.94674,0.94698,0.94576,0.94622,0,0
2014-10-20,05:00:00,0.94623,0.94625,0.94572,0.9459,0,0
2014-10-20,06:00:00,0.94589,0.94679,0.94585,0.94656,0,0
2014-10-20,07:00:00,0.94657,0.94711,0.94656,0.94676,0,0
2014-10-20,08:00:00,0.94676,0.94686,0.94643,0.94649,0,0
2014-10-20,09:00:00,0.94648,0.94791,0.94626,0.94768,0,0
2014-10-20,10:00:00,0.94768,0.9477,0.9441,0.94448,0,0
2014-10-20,11:00:00,0.94449,0.9456,0.94375,0.94548,0,0
2014-10-20,12:00:00,0.94546,0.94583,0.94439,0.94466,0,0
2014-10-20,13:00:00,0.94466,0.9449,0.94409,0.94449,0,0
2014-10-20,14:00:00,0.94449,0.9446,0.94304,0.94457,0,0
2014-10-20,15:00:00,0.94457,0.94501,0.94348,0.945,0,0
2014-10-20,16:00:00,0.945,0.94561,0.94443,0.94474,0,0
2014-10-20,17:00:00,0.94473,0.94516,0.94361,0.94379,0,0
2014-10-20,18:00:00,0.94382,0.94427,0.94337,0.94385,0,0
2014-10-20,19:00:00,0.94385,0.9441,0.9424,0.94275,0,0
2014-10-20,20:00:00,0.94274,0.94297,0.9421,0.94294,0,0
2014-10-20,21:00:00,0.94297,0.94316,0.94177,0.94208,0,0
2014-10-20,22:00:00,0.94209,0.94272,0.94143,0.94237,0,0
2014-10-20,23:00:00,0.94239,0.94292,0.94213,0.94255,0,0
2014-10-20,23:59:00,0.9426,0.9433,0.94239,0.94318,0,0
2014-10-21,01:00:00,0.94311,0.94332,0.9427,0.94321,0,0
2014-10-21,02:00:00,0.94321,0.94358,0.94304,0.94314,0,0
2014-10-21,03:00:00,0.94314,0.94323,0.94252,0.94312,0,0
2014-10-21,04:00:00,0.9431,0.94314,0.94277,0.94309,0,0
2014-10-21,05:00:00,0.94305,0.94311,0.94213,0.94241,0,0
2014-10-21,06:00:00,0.94241,0.94273,0.94156,0.94159,0,0
2014-10-21,07:00:00,0.9416,0.94173,0.94064,0.94078,0,0
2014-10-21,08:00:00,0.94076,0.9414,0.94069,0.94126,0,0
2014-10-21,09:00:00,0.94126,0.94176,0.94008,0.94137,0,0
2014-10-21,10:00:00,0.9414,0.9414,0.93974,0.94065,0,0
2014-10-21,11:00:00,0.94065,0.94208,0.94053,0.94185,0,0
2014-10-21,12:00:00,0.94184,0.94582,0.94131,0.94562,0,0
2014-10-21,13:00:00,0.9456,0.9463,0.94513,0.9462,0,0
2014-10-21,14:00:00,0.94615,0.9467,0.94403,0.94434,0,0
2014-10-21,15:00:00,0.9443,0.94652,0.94426,0.94581,0,0
2014-10-21,16:00:00,0.94583,0.94736,0.94537,0.94696,0,0
2014-10-21,17:00:00,0.94696,0.94879,0.94693,0.94769,0,0
2014-10-21,18:00:00,0.94769,0.9487,0.94763,0.94811,0,0
2014-10-21,19:00:00,0.94811,0.94823,0.94738,0.94748,0,0
2014-10-21,20:00:00,0.94748,0.948,0.94704,0.94746,0,0
2014-10-21,21:00:00,0.94747,0.94849,0.94741,0.94823,0,0
2014-10-21,22:00:00,0.94826,0.94896,0.94806,0.94893,0,0
2014-10-21,23:00:00,0.94893,0.94915,0.94851,0.94904,0,0
2014-10-21,23:59:00,0.94904,0.94941,0.94881,0.94916,0,0
2014-10-22,01:00:00,0.94916,0.94951,0.94893,0.9492,0,0
2014-10-22,02:00:00,0.94913,0.94953,0.94886,0.94945,0,0
2014-10-22,03:00:00,0.94948,0.94961,0.94904,0.94942,0,0
2014-10-22,04:00:00,0.94941,0.94942,0.94837,0.94839,0,0
2014-10-22,05:00:00,0.94839,0.94885,0.94809,0.94847,0,0
2014-10-22,06:00:00,0.94843,0.94844,0.94786,0.94824,0,0
2014-10-22,07:00:00,0.94826,0.94855,0.94819,0.94835,0,0
2014-10-22,08:00:00,0.94835,0.94862,0.94814,0.94825,0,0
2014-10-22,09:00:00,0.94825,0.94863,0.94718,0.94789,0,0
2014-10-22,10:00:00,0.94787,0.94987,0.94773,0.94903,0,0
2014-10-22,11:00:00,0.94903,0.95117,0.949,0.95063,0,0
2014-10-22,12:00:00,0.95063,0.95082,0.94987,0.95045,0,0
2014-10-22,13:00:00,0.95045,0.95072,0.94981,0.95042,0,0
2014-10-22,14:00:00,0.95039,0.95045,0.94766,0.94967,0,0
2014-10-22,15:00:00,0.94966,0.95277,0.9493,0.95246,0,0
2014-10-22,16:00:00,0.95249,0.95295,0.95136,0.95245,0,0
2014-10-22,17:00:00,0.95248,0.95337,0.95219,0.95228,0,0
2014-10-22,18:00:00,0.95229,0.95357,0.9522,0.95299,0,0
2014-10-22,19:00:00,0.95303,0.95319,0.9522,0.95243,0,0
2014-10-22,20:00:00,0.95242,0.9531,0.95219,0.95289,0,0
2014-10-22,21:00:00,0.95289,0.95414,0.95286,0.9538,0,0
2014-10-22,22:00:00,0.95374,0.95416,0.9532,0.95362,0,0
2014-10-22,23:00:00,0.95361,0.95398,0.95333,0.95361,0,0
2014-10-22,23:59:00,0.95352,0.95399,0.95331,0.95387,0,0
2014-10-23,01:00:00,0.95377,0.95397,0.95361,0.95365,0,0
2014-10-23,02:00:00,0.95361,0.95415,0.95361,0.95407,0,0
2014-10-23,03:00:00,0.95407,0.95442,0.95344,0.95434,0,0
2014-10-23,04:00:00,0.95434,0.95484,0.95397,0.95478,0,0
2014-10-23,05:00:00,0.95476,0.95484,0.9544,0.95482,0,0
2014-10-23,06:00:00,0.95482,0.9549,0.95426,0.95447,0,0
2014-10-23,07:00:00,0.95447,0.95459,0.95437,0.95446,0,0
2014-10-23,08:00:00,0.95445,0.95465,0.95386,0.95392,0,0
2014-10-23,09:00:00,0.95392,0.95488,0.9536,0.95444,0,0
2014-10-23,10:00:00,0.95443,0.95586,0.95287,0.95425,0,0
2014-10-23,11:00:00,0.95426,0.95426,0.9523,0.95272,0,0
2014-10-23,12:00:00,0.95272,0.95328,0.95224,0.95308,0,0
2014-10-23,13:00:00,0.95308,0.95325,0.9517,0.95242,0,0
2014-10-23,14:00:00,0.95243,0.95317,0.95209,0.95219,0,0
2014-10-23,15:00:00,0.95216,0.95371,0.95215,0.95311,0,0
2014-10-23,16:00:00,0.9531,0.95397,0.95262,0.95367,0,0
2014-10-23,17:00:00,0.95367,0.95517,0.9535,0.95401,0,0
2014-10-23,18:00:00,0.95402,0.95446,0.95313,0.9535,0,0
2014-10-23,19:00:00,0.9535,0.95445,0.95311,0.95445,0,0
2014-10-23,20:00:00,0.95445,0.95453,0.95387,0.95394,0,0
2014-10-23,21:00:00,0.95393,0.95468,0.95362,0.95371,0,0
2014-10-23,22:00:00,0.95371,0.95386,0.9526,0.95365,0,0
2014-10-23,23:00:00,0.95367,0.95413,0.95362,0.95407,0,0
2014-10-23,23:59:00,0.95407,0.95424,0.95384,0.95412,0,0
2014-10-24,01:00:00,0.95415,0.95421,0.9535,0.95375,0,0
2014-10-24,02:00:00,0.95375,0.95398,0.95364,0.95387,0,0
2014-10-24,03:00:00,0.95387,0.95411,0.95279,0.95321,0,0
2014-10-24,04:00:00,0.95322,0.95352,0.95283,0.95302,0,0
2014-10-24,05:00:00,0.95302,0.95344,0.95294,0.9534,0,0
2014-10-24,06:00:00,0.9534,0.95358,0.953,0.95316,0,0
2014-10-24,07:00:00,0.95317,0.95354,0.9531,0.95331,0,0
2014-10-24,08:00:00,0.95332,0.95344,0.95309,0.95329,0,0
2014-10-24,09:00:00,0.95327,0.95385,0.95256,0.95379,0,0
2014-10-24,10:00:00,0.95379,0.95453,0.95349,0.95411,0,0
2014-10-24,11:00:00,0.95409,0.95432,0.95283,0.95289,0,0
2014-10-24,12:00:00,0.95283,0.95425,0.95277,0.95396,0,0
2014-10-24,13:00:00,0.95396,0.95414,0.953,0.9531,0,0
2014-10-24,14:00:00,0.95311,0.95345,0.95231,0.95258,0,0
2014-10-24,15:00:00,0.95258,0.95351,0.95077,0.95117,0,0
2014-10-24,16:00:00,0.95119,0.95189,0.95006,0.95056,0,0
2014-10-24,17:00:00,0.9505,0.95259,0.9497,0.95206,0,0
2014-10-24,18:00:00,0.95206,0.95232,0.95131,0.95142,0,0
2014-10-24,19:00:00,0.95145,0.95244,0.95144,0.95243,0,0
2014-10-24,20:00:00,0.95245,0.95245,0.95149,0.95163,0,0
2014-10-24,21:00:00,0.95163,0.95233,0.9515,0.95233,0,0
2014-10-24,22:00:00,0.95232,0.95232,0.95188,0.95206,0,0
2014-10-24,23:00:00,0.95207,0.95209,0.95207,0.95209,0,0
2014-10-27,01:00:00,0.9516,0.95191,0.9508,0.95171,0,0
2014-10-27,02:00:00,0.9517,0.9517,0.9505,0.95078,0,0
2014-10-27,03:00:00,0.95078,0.95082,0.94993,0.94993,0,0
2014-10-27,04:00:00,0.94994,0.95035,0.94886,0.94938,0,0
2014-10-27,05:00:00,0.94938,0.94975,0.94917,0.94962,0,0
2014-10-27,06:00:00,0.94962,0.94984,0.94941,0.94961,0,0
2014-10-27,07:00:00,0.94961,0.94982,0.94942,0.94959,0,0
2014-10-27,08:00:00,0.94964,0.95033,0.94933,0.95024,0,0
2014-10-27,09:00:00,0.95024,0.95101,0.95011,0.95056,0,0
2014-10-27,10:00:00,0.95056,0.951,0.9494,0.95001,0,0
2014-10-27,11:00:00,0.95004,0.95053,0.94908,0.95045,0,0
2014-10-27,12:00:00,0.95045,0.95174,0.9503,0.95174,0,0
2014-10-27,13:00:00,0.95174,0.95206,0.95116,0.95141,0,0
2014-10-27,14:00:00,0.95143,0.95143,0.95002,0.95072,0,0
2014-10-27,15:00:00,0.95076,0.95138,0.95053,0.95086,0,0
2014-10-27,16:00:00,0.95084,0.95096,0.94763,0.94881,0,0
2014-10-27,17:00:00,0.94881,0.94905,0.9481,0.94838,0,0
2014-10-27,18:00:00,0.94841,0.94841,0.94777,0.94819,0,0
2014-10-27,19:00:00,0.94819,0.94885,0.94792,0.94877,0,0
2014-10-27,20:00:00,0.94875,0.94877,0.94831,0.94855,0,0
2014-10-27,21:00:00,0.94852,0.94895,0.9485,0.94879,0,0
2014-10-27,22:00:00,0.9488,0.9495,0.9488,0.94949,0,0
2014-10-27,23:00:00,0.94942,0.94964,0.94923,0.9495,0,0
2014-10-27,23:59:00,0.9495,0.94969,0.94939,0.94967,0,0
2014-10-28,01:00:00,0.94965,0.9497,0.94901,0.9491,0,0
2014-10-28,02:00:00,0.94911,0.94962,0.94884,0.94904,0,0
2014-10-28,03:00:00,0.94904,0.9494,0.94843,0.94872,0,0
2014-10-28,04:00:00,0.9487,0.9489,0.94852,0.94876,0,0
2014-10-28,05:00:00,0.94878,0.94899,0.94833,0.94884,0,0
2014-10-28,06:00:00,0.94884,0.94926,0.9488,0.9492,0,0
2014-10-28,07:00:00,0.9492,0.94991,0.94907,0.94969,0,0
2014-10-28,08:00:00,0.94971,0.94985,0.94927,0.94931,0,0
2014-10-28,09:00:00,0.94931,0.94947,0.94813,0.94854,0,0
2014-10-28,10:00:00,0.94854,0.94995,0.94829,0.94995,0,0
2014-10-28,11:00:00,0.95001,0.95106,0.94985,0.95012,0,0
2014-10-28,12:00:00,0.95012,0.95055,0.94978,0.94986,0,0
2014-10-28,13:00:00,0.94987,0.95009,0.9489,0.94988,0,0
2014-10-28,14:00:00,0.94988,0.94994,0.94521,0.94603,0,0
2014-10-28,15:00:00,0.94604,0.94653,0.94446,0.94653,0,0
2014-10-28,16:00:00,0.94654,0.94804,0.94611,0.94611,0,0
2014-10-28,17:00:00,0.94612,0.94684,0.94575,0.94625,0,0
2014-10-28,18:00:00,0.94624,0.94684,0.9461,0.94653,0,0
2014-10-28,19:00:00,0.94653,0.94692,0.94582,0.94665,0,0
2014-10-28,20:00:00,0.94665,0.9468,0.94583,0.94677,0,0
2014-10-28,21:00:00,0.94676,0.94712,0.94668,0.94679,0,0
2014-10-28,22:00:00,0.94679,0.94722,0.94679,0.9471,0,0
2014-10-28,23:00:00,0.9471,0.94724,0.94692,0.94713,0,0
2014-10-28,23:59:00,0.94712,0.94717,0.94678,0.94687,0,0
2014-10-29,01:00:00,0.94687,0.94689,0.94667,0.94669,0,0
2014-10-29,02:00:00,0.94666,0.94723,0.94642,0.94702,0,0
2014-10-29,03:00:00,0.94703,0.94738,0.9467,0.94672,0,0
2014-10-29,04:00:00,0.94667,0.94693,0.94666,0.94668,0,0
2014-10-29,05:00:00,0.94668,0.94689,0.94646,0.94683,0,0
2014-10-29,06:00:00,0.94683,0.94697,0.9467,0.94683,0,0
2014-10-29,07:00:00,0.94684,0.94685,0.94666,0.94671,0,0
2014-10-29,08:00:00,0.94671,0.94697,0.94608,0.94667,0,0
2014-10-29,09:00:00,0.9467,0.94701,0.94599,0.94657,0,0
2014-10-29,10:00:00,0.94657,0.94762,0.94638,0.9476,0,0
2014-10-29,11:00:00,0.9476,0.94765,0.94694,0.94723,0,0
2014-10-29,12:00:00,0.94721,0.94732,0.94621,0.94642,0,0
2014-10-29,13:00:00,0.94642,0.947,0.94599,0.94698,0,0
2014-10-29,14:00:00,0.94698,0.94719,0.94612,0.94643,0,0
2014-10-29,15:00:00,0.94643,0.94691,0.94622,0.94643,0,0
2014-10-29,16:00:00,0.94649,0.94649,0.94412,0.94502,0,0
2014-10-29,17:00:00,0.94502,0.94523,0.94443,0.94508,0,0
2014-10-29,18:00:00,0.9451,0.94571,0.94471,0.94527,0,0
2014-10-29,19:00:00,0.94526,0.94755,0.94526,0.94672,0,0
2014-10-29,20:00:00,0.94672,0.95474,0.94664,0.95365,0,0
2014-10-29,21:00:00,0.95367,0.95427,0.95304,0.95421,0,0
2014-10-29,22:00:00,0.95422,0.95487,0.95404,0.95481,0,0
2014-10-29,23:00:00,0.9548,0.95502,0.95442,0.95449,0,0
2014-10-29,23:59:00,0.95441,0.95453,0.95414,0.95442,0,0
2014-10-30,01:00:00,0.95442,0.95487,0.95425,0.95483,0,0
2014-10-30,02:00:00,0.95483,0.95564,0.95475,0.95532,0,0
2014-10-30,03:00:00,0.9553,0.95589,0.95522,0.95531,0,0
2014-10-30,04:00:00,0.95531,0.9555,0.95506,0.95531,0,0
2014-10-30,05:00:00,0.95531,0.95582,0.95525,0.9558,0,0
2014-10-30,06:00:00,0.95582,0.95672,0.95551,0.95656,0,0
2014-10-30,07:00:00,0.95655,0.95808,0.95652,0.95741,0,0
2014-10-30,08:00:00,0.95741,0.9578,0.95683,0.95753,0,0
2014-10-30,09:00:00,0.95753,0.95856,0.95716,0.95798,0,0
2014-10-30,10:00:00,0.95798,0.96063,0.95796,0.95901,0,0
2014-10-30,11:00:00,0.95891,0.96024,0.9574,0.95784,0,0
2014-10-30,12:00:00,0.95785,0.95818,0.95688,0.95763,0,0
2014-10-30,13:00:00,0.95761,0.95818,0.95705,0.95815,0,0
2014-10-30,14:00:00,0.95813,0.96095,0.95643,0.95683,0,0
2014-10-30,15:00:00,0.95682,0.9575,0.95585,0.95628,0,0
2014-10-30,16:00:00,0.95639,0.95643,0.95479,0.95511,0,0
2014-10-30,17:00:00,0.95509,0.95611,0.95503,0.95516,0,0
2014-10-30,18:00:00,0.95515,0.95546,0.95435,0.95535,0,0
2014-10-30,19:00:00,0.95535,0.95622,0.95533,0.95613,0,0
2014-10-30,20:00:00,0.95615,0.95636,0.95563,0.95598,0,0
2014-10-30,21:00:00,0.95598,0.95639,0.95563,0.95639,0,0
2014-10-30,22:00:00,0.95636,0.95638,0.95584,0.95587,0,0
2014-10-30,23:00:00,0.95588,0.95598,0.95558,0.95582,0,0
2014-10-30,23:59:00,0.95582,0.95656,0.95566,0.95652,0,0
2014-10-31,01:00:00,0.95652,0.95662,0.95575,0.95614,0,0
2014-10-31,02:00:00,0.95614,0.95673,0.956,0.95631,0,0
2014-10-31,03:00:00,0.95631,0.95672,0.95604,0.95669,0,0
2014-10-31,04:00:00,0.95669,0.95706,0.95656,0.95677,0,0
2014-10-31,05:00:00,0.95677,0.95697,0.9566,0.95669,0,0
2014-10-31,06:00:00,0.95669,0.95817,0.9566,0.95788,0,0
2014-10-31,07:00:00,0.95789,0.95971,0.95789,0.9597,0,0
2014-10-31,08:00:00,0.9597,0.96037,0.9588,0.95997,0,0
2014-10-31,09:00:00,0.95997,0.96215,0.9588,0.95958,0,0
2014-10-31,10:00:00,0.95978,0.96016,0.9587,0.95927,0,0
2014-10-31,11:00:00,0.95921,0.96102,0.95904,0.95965,0,0
2014-10-31,12:00:00,0.95965,0.9605,0.95793,0.95907,0,0
2014-10-31,13:00:00,0.95907,0.95927,0.95802,0.95863,0,0
2014-10-31,14:00:00,0.95865,0.96352,0.95862,0.96327,0,0
2014-10-31,15:00:00,0.96343,0.96619,0.96275,0.96401,0,0
2014-10-31,16:00:00,0.96396,0.96506,0.96351,0.96428,0,0
2014-10-31,17:00:00,0.96432,0.96561,0.96228,0.96233,0,0
2014-10-31,18:00:00,0.96231,0.96263,0.96143,0.96209,0,0
2014-10-31,19:00:00,0.96209,0.96248,0.96114,0.96221,0,0
2014-10-31,20:00:00,0.96221,0.96261,0.96178,0.96259,0,0
2014-10-31,21:00:00,0.96258,0.96259,0.96174,0.96219,0,0
2014-10-31,22:00:00,0.96219,0.96262,0.96178,0.96248,0,0
2014-10-31,23:00:00,0.96248,0.96248,0.96248,0.96248,0,0
2014-11-03,01:00:00,0.96425,0.96451,0.96385,0.96446,0,0
2014-11-03,02:00:00,0.96446,0.96902,0.9636,0.96747,0,0
2014-11-03,03:00:00,0.96749,0.96849,0.96626,0.96704,0,0
2014-11-03,04:00:00,0.96703,0.96705,0.96599,0.96613,0,0
2014-11-03,05:00:00,0.96613,0.96637,0.96595,0.96606,0,0
2014-11-03,06:00:00,0.96606,0.96634,0.96578,0.96585,0,0
2014-11-03,07:00:00,0.96585,0.96609,0.96562,0.96581,0,0
2014-11-03,08:00:00,0.96581,0.96585,0.96466,0.96488,0,0
2014-11-03,09:00:00,0.96487,0.96557,0.96403,0.96485,0,0
2014-11-03,10:00:00,0.96484,0.96533,0.96436,0.96451,0,0
2014-11-03,11:00:00,0.96451,0.96499,0.96361,0.96449,0,0
2014-11-03,12:00:00,0.96443,0.96508,0.9638,0.96436,0,0
2014-11-03,13:00:00,0.96436,0.96517,0.96429,0.96451,0,0
2014-11-03,14:00:00,0.96453,0.96486,0.96392,0.96475,0,0
2014-11-03,15:00:00,0.9648,0.96536,0.96344,0.96385,0,0
2014-11-03,16:00:00,0.96385,0.96485,0.96377,0.96461,0,0
2014-11-03,17:00:00,0.96458,0.96628,0.96395,0.96579,0,0
2014-11-03,18:00:00,0.96581,0.96634,0.96484,0.96545,0,0
2014-11-03,19:00:00,0.96549,0.96616,0.96538,0.96558,0,0
2014-11-03,20:00:00,0.96554,0.96649,0.96523,0.96554,0,0
2014-11-03,21:00:00,0.96554,0.96579,0.96443,0.96499,0,0
2014-11-03,22:00:00,0.96497,0.9652,0.9645,0.96488,0,0
2014-11-03,23:00:00,0.96487,0.96598,0.96485,0.96573,0,0
2014-11-03,23:59:00,0.96575,0.96585,0.96484,0.96514,0,0
2014-11-04,01:00:00,0.9651,0.96539,0.96457,0.96493,0,0
2014-11-04,02:00:00,0.96493,0.96512,0.96411,0.96448,0,0
2014-11-04,03:00:00,0.96449,0.96478,0.96372,0.96458,0,0
2014-11-04,04:00:00,0.96458,0.96493,0.96392,0.96415,0,0
2014-11-04,05:00:00,0.96414,0.96416,0.96244,0.96271,0,0
2014-11-04,06:00:00,0.96271,0.96338,0.96249,0.96335,0,0
2014-11-04,07:00:00,0.96335,0.96338,0.96286,0.96299,0,0
2014-11-04,08:00:00,0.96299,0.96355,0.96253,0.96328,0,0
2014-11-04,09:00:00,0.96326,0.96443,0.96323,0.96375,0,0
2014-11-04,10:00:00,0.96379,0.96413,0.96306,0.9634,0,0
2014-11-04,11:00:00,0.96346,0.96409,0.9632,0.96327,0,0
2014-11-04,12:00:00,0.96333,0.96411,0.96197,0.96246,0,0
2014-11-04,13:00:00,0.96244,0.96333,0.96239,0.96331,0,0
2014-11-04,14:00:00,0.96331,0.96352,0.96294,0.96323,0,0
2014-11-04,15:00:00,0.96321,0.96344,0.96225,0.96256,0,0
2014-11-04,16:00:00,0.96256,0.96392,0.96255,0.96333,0,0
2014-11-04,17:00:00,0.96336,0.96339,0.95791,0.95851,0,0
2014-11-04,18:00:00,0.95849,0.96001,0.95828,0.95961,0,0
2014-11-04,19:00:00,0.95961,0.96046,0.95948,0.96009,0,0
2014-11-04,20:00:00,0.96015,0.96036,0.95932,0.95943,0,0
2014-11-04,21:00:00,0.95943,0.95969,0.95916,0.95936,0,0
2014-11-04,22:00:00,0.95936,0.96036,0.95924,0.96026,0,0
2014-11-04,23:00:00,0.96026,0.96028,0.95972,0.95977,0,0
2014-11-04,23:59:00,0.95976,0.96001,0.95937,0.95942,0,0
2014-11-05,01:00:00,0.95941,0.95957,0.95892,0.95948,0,0
2014-11-05,02:00:00,0.95948,0.95961,0.95883,0.95887,0,0
2014-11-05,03:00:00,0.95883,0.95915,0.95832,0.959,0,0
2014-11-05,04:00:00,0.959,0.95952,0.95896,0.95913,0,0
2014-11-05,05:00:00,0.95911,0.95913,0.95829,0.95863,0,0
2014-11-05,06:00:00,0.95864,0.95947,0.95853,0.95908,0,0
2014-11-05,07:00:00,0.95908,0.95963,0.95897,0.95941,0,0
2014-11-05,08:00:00,0.95941,0.96089,0.95936,0.96066,0,0
2014-11-05,09:00:00,0.96065,0.96187,0.96046,0.96174,0,0
2014-11-05,10:00:00,0.96174,0.96398,0.96159,0.96308,0,0
2014-11-05,11:00:00,0.96309,0.96451,0.96306,0.96425,0,0
2014-11-05,12:00:00,0.96425,0.96496,0.9637,0.96432,0,0
2014-11-05,13:00:00,0.96426,0.96565,0.96375,0.96565,0,0
2014-11-05,14:00:00,0.96565,0.9659,0.96433,0.96541,0,0
2014-11-05,15:00:00,0.96541,0.96571,0.96272,0.96344,0,0
2014-11-05,16:00:00,0.9635,0.96487,0.96283,0.96479,0,0
2014-11-05,17:00:00,0.96479,0.96609,0.96303,0.96406,0,0
2014-11-05,18:00:00,0.96406,0.96506,0.96355,0.96405,0,0
2014-11-05,19:00:00,0.96405,0.96479,0.96336,0.96368,0,0
2014-11-05,20:00:00,0.96368,0.9647,0.96347,0.96467,0,0
2014-11-05,21:00:00,0.96467,0.96494,0.96412,0.9648,0,0
2014-11-05,22:00:00,0.9648,0.96493,0.964,0.96419,0,0
2014-11-05,23:00:00,0.96419,0.96421,0.96381,0.96393,0,0
2014-11-05,23:59:00,0.96393,0.96487,0.9638,0.96472,0,0
2014-11-06,01:00:00,0.96471,0.96489,0.96437,0.96455,0,0
2014-11-06,02:00:00,0.96451,0.9649,0.96354,0.96446,0,0
2014-11-06,03:00:00,0.9645,0.96451,0.96351,0.96384,0,0
2014-11-06,04:00:00,0.96384,0.96436,0.96307,0.96423,0,0
2014-11-06,05:00:00,0.96423,0.96453,0.96363,0.96384,0,0
2014-11-06,06:00:00,0.96384,0.96404,0.96149,0.96167,0,0
2014-11-06,07:00:00,0.96169,0.96216,0.96028,0.96077,0,0
2014-11-06,08:00:00,0.9608,0.96151,0.96052,0.96124,0,0
2014-11-06,09:00:00,0.96123,0.96266,0.96109,0.96256,0,0
2014-11-06,10:00:00,0.96257,0.96368,0.9619,0.9628,0,0
2014-11-06,11:00:00,0.96283,0.96313,0.96209,0.96262,0,0
2014-11-06,12:00:00,0.96263,0.96351,0.96228,0.96329,0,0
2014-11-06,13:00:00,0.96329,0.9635,0.96187,0.96236,0,0
2014-11-06,14:00:00,0.96238,0.96312,0.96162,0.96202,0,0
2014-11-06,15:00:00,0.96202,0.97166,0.96181,0.97004,0,0
2014-11-06,16:00:00,0.96999,0.97157,0.96715,0.96755,0,0
2014-11-06,17:00:00,0.96748,0.96926,0.96748,0.96839,0,0
2014-11-06,18:00:00,0.96839,0.97066,0.96823,0.97019,0,0
2014-11-06,19:00:00,0.97024,0.97134,0.96992,0.97114,0,0
2014-11-06,20:00:00,0.97114,0.97197,0.9708,0.9716,0,0
2014-11-06,21:00:00,0.9716,0.97236,0.97141,0.97192,0,0
2014-11-06,22:00:00,0.97193,0.97341,0.97187,0.97334,0,0
2014-11-06,23:00:00,0.97337,0.97377,0.973,0.97319,0,0
2014-11-06,23:59:00,0.97319,0.97343,0.97268,0.97276,0,0
2014-11-07,01:00:00,0.97275,0.97344,0.9725,0.97289,0,0
2014-11-07,02:00:00,0.97289,0.9732,0.97249,0.97292,0,0
2014-11-07,03:00:00,0.97292,0.97317,0.97252,0.9727,0,0
2014-11-07,04:00:00,0.9727,0.97292,0.97228,0.97266,0,0
2014-11-07,05:00:00,0.97265,0.97285,0.97233,0.97283,0,0
2014-11-07,06:00:00,0.97284,0.97357,0.97271,0.97327,0,0
2014-11-07,07:00:00,0.97327,0.97327,0.97236,0.97262,0,0
2014-11-07,08:00:00,0.97268,0.97287,0.97178,0.97219,0,0
2014-11-07,09:00:00,0.97222,0.97292,0.97106,0.97215,0,0
2014-11-07,10:00:00,0.97215,0.97219,0.97106,0.97152,0,0
2014-11-07,11:00:00,0.97151,0.97207,0.97079,0.97147,0,0
2014-11-07,12:00:00,0.97147,0.97173,0.97045,0.97062,0,0
2014-11-07,13:00:00,0.97061,0.97143,0.97051,0.97143,0,0
2014-11-07,14:00:00,0.9715,0.97181,0.97118,0.97141,0,0
2014-11-07,15:00:00,0.97141,0.97411,0.96763,0.97243,0,0
2014-11-07,16:00:00,0.97242,0.97252,0.96765,0.96834,0,0
2014-11-07,17:00:00,0.96838,0.9698,0.96731,0.96929,0,0
2014-11-07,18:00:00,0.96926,0.96954,0.96775,0.96845,0,0
2014-11-07,19:00:00,0.96845,0.96855,0.96736,0.96809,0,0
2014-11-07,20:00:00,0.96812,0.96823,0.96504,0.96646,0,0
2014-11-07,21:00:00,0.96646,0.96807,0.96626,0.96712,0,0
2014-11-07,22:00:00,0.96712,0.96721,0.9655,0.9661,0,0
2014-11-07,23:00:00,0.96617,0.96617,0.96617,0.96617,0,0
2014-11-10,01:00:00,0.96499,0.96539,0.96376,0.9653,0,0
2014-11-10,02:00:00,0.96521,0.96565,0.96464,0.96531,0,0
2014-11-10,03:00:00,0.96531,0.96585,0.96529,0.96543,0,0
2014-11-10,04:00:00,0.96443,0.96469,0.96355,0.96458,0,0
2014-11-10,05:00:00,0.96458,0.96468,0.96383,0.96418,0,0
2014-11-10,06:00:00,0.96418,0.96432,0.96387,0.96422,0,0
2014-11-10,07:00:00,0.96422,0.96468,0.96369,0.96439,0,0
2014-11-10,08:00:00,0.96439,0.96468,0.96373,0.96443,0,0
2014-11-10,09:00:00,0.96439,0.96516,0.96351,0.96403,0,0
2014-11-10,10:00:00,0.96403,0.96484,0.9636,0.964,0,0
2014-11-10,11:00:00,0.96401,0.96411,0.96263,0.96311,0,0
2014-11-10,12:00:00,0.9632,0.96347,0.96157,0.96168,0,0
2014-11-10,13:00:00,0.96168,0.96377,0.96158,0.9635,0,0
2014-11-10,14:00:00,0.9634,0.96374,0.96277,0.96331,0,0
2014-11-10,15:00:00,0.96331,0.96419,0.96301,0.9634,0,0
2014-11-10,16:00:00,0.96344,0.96668,0.96344,0.96664,0,0
2014-11-10,17:00:00,0.96675,0.9674,0.96594,0.96629,0,0
2014-11-10,18:00:00,0.96629,0.96785,0.96629,0.96774,0,0
2014-11-10,19:00:00,0.96768,0.96795,0.967,0.96744,0,0
2014-11-10,20:00:00,0.96751,0.96821,0.96706,0.96706,0,0
2014-11-10,21:00:00,0.96706,0.96833,0.96699,0.96808,0,0
2014-11-10,22:00:00,0.96805,0.96837,0.96792,0.9681,0,0
2014-11-10,23:00:00,0.96812,0.96827,0.9675,0.96804,0,0
2014-11-10,23:59:00,0.96804,0.96822,0.96777,0.96794,0,0
2014-11-11,01:00:00,0.96794,0.9681,0.96751,0.96799,0,0
2014-11-11,02:00:00,0.96787,0.96839,0.96748,0.96753,0,0
2014-11-11,03:00:00,0.96749,0.96758,0.96691,0.96743,0,0
2014-11-11,04:00:00,0.96743,0.96743,0.96693,0.96714,0,0
2014-11-11,05:00:00,0.96712,0.96785,0.96699,0.96785,0,0
2014-11-11,06:00:00,0.96784,0.9684,0.96761,0.96829,0,0
2014-11-11,07:00:00,0.96829,0.96852,0.96773,0.96786,0,0
2014-11-11,08:00:00,0.96786,0.96855,0.96769,0.96843,0,0
2014-11-11,09:00:00,0.9685,0.96919,0.96777,0.96899,0,0
2014-11-11,10:00:00,0.96899,0.96995,0.96851,0.96886,0,0
2014-11-11,11:00:00,0.96887,0.96998,0.96843,0.96916,0,0
2014-11-11,12:00:00,0.96899,0.96948,0.96863,0.96882,0,0
2014-11-11,13:00:00,0.96881,0.96889,0.96737,0.96851,0,0
2014-11-11,14:00:00,0.96841,0.96841,0.96753,0.96817,0,0
2014-11-11,15:00:00,0.96817,0.96827,0.96676,0.96798,0,0
2014-11-11,16:00:00,0.96766,0.96825,0.96695,0.96809,0,0
2014-11-11,17:00:00,0.96821,0.96897,0.96774,0.96799,0,0
2014-11-11,18:00:00,0.96799,0.96821,0.96544,0.96589,0,0
2014-11-11,19:00:00,0.96591,0.96649,0.965,0.96523,0,0
2014-11-11,20:00:00,0.9652,0.96554,0.96285,0.96359,0,0
2014-11-11,21:00:00,0.96359,0.96445,0.96245,0.96437,0,0
2014-11-11,22:00:00,0.96432,0.96459,0.96372,0.96456,0,0
2014-11-11,23:00:00,0.96452,0.96471,0.96439,0.9644,0,0
2014-11-11,23:59:00,0.9644,0.96477,0.96422,0.96465,0,0
2014-11-12,01:00:00,0.96462,0.96487,0.96438,0.96446,0,0
2014-11-12,02:00:00,0.96445,0.96608,0.9643,0.96586,0,0
2014-11-12,03:00:00,0.96579,0.9662,0.96554,0.96568,0,0
2014-11-12,04:00:00,0.96567,0.96577,0.96458,0.96533,0,0
2014-11-12,05:00:00,0.96526,0.96582,0.96503,0.96531,0,0
2014-11-12,06:00:00,0.96531,0.96581,0.965,0.9652,0,0
2014-11-12,07:00:00,0.96521,0.96554,0.96447,0.96449,0,0
2014-11-12,08:00:00,0.96449,0.96464,0.96339,0.96436,0,0
2014-11-12,09:00:00,0.96437,0.96464,0.96243,0.96246,0,0
2014-11-12,10:00:00,0.96263,0.96534,0.9626,0.96441,0,0
2014-11-12,11:00:00,0.96425,0.96726,0.96425,0.96662,0,0
2014-11-12,12:00:00,0.96662,0.96665,0.96428,0.96477,0,0
2014-11-12,13:00:00,0.96476,0.96558,0.96285,0.96493,0,0
2014-11-12,14:00:00,0.96497,0.96531,0.96387,0.96463,0,0
2014-11-12,15:00:00,0.96463,0.96479,0.96221,0.96388,0,0
2014-11-12,16:00:00,0.96385,0.96568,0.96364,0.96517,0,0
2014-11-12,17:00:00,0.96517,0.96526,0.96277,0.96336,0,0
2014-11-12,18:00:00,0.96335,0.96514,0.96291,0.96492,0,0
2014-11-12,19:00:00,0.96476,0.96663,0.96475,0.96638,0,0
2014-11-12,20:00:00,0.96634,0.96792,0.96587,0.96746,0,0
2014-11-12,21:00:00,0.96745,0.9677,0.96676,0.9669,0,0
2014-11-12,22:00:00,0.96692,0.96719,0.96672,0.96686,0,0
2014-11-12,23:00:00,0.9668,0.96684,0.96612,0.96634,0,0
2014-11-12,23:59:00,0.96655,0.96722,0.96632,0.96711,0,0
2014-11-13,01:00:00,0.96713,0.96733,0.96674,0.96708,0,0
2014-11-13,02:00:00,0.96708,0.96724,0.9662,0.96663,0,0
2014-11-13,03:00:00,0.96663,0.96684,0.96584,0.96585,0,0
2014-11-13,04:00:00,0.96585,0.96697,0.96543,0.96623,0,0
2014-11-13,05:00:00,0.96626,0.96689,0.96608,0.96613,0,0
2014-11-13,06:00:00,0.96613,0.96641,0.96594,0.96601,0,0
2014-11-13,07:00:00,0.966,0.96628,0.96592,0.96605,0,0
2014-11-13,08:00:00,0.96607,0.96631,0.96575,0.96624,0,0
2014-11-13,09:00:00,0.96624,0.96672,0.96509,0.96544,0,0
2014-11-13,10:00:00,0.96545,0.96555,0.96406,0.96431,0,0
2014-11-13,11:00:00,0.96449,0.9652,0.96368,0.96455,0,0
2014-11-13,12:00:00,0.96455,0.9646,0.9634,0.96405,0,0
2014-11-13,13:00:00,0.96405,0.96428,0.9636,0.96419,0,0
2014-11-13,14:00:00,0.96426,0.96472,0.96388,0.96465,0,0
2014-11-13,15:00:00,0.96464,0.96508,0.9636,0.96466,0,0
2014-11-13,16:00:00,0.96466,0.96473,0.96377,0.96419,0,0
2014-11-13,17:00:00,0.96398,0.96405,0.96216,0.96344,0,0
2014-11-13,18:00:00,0.96352,0.96418,0.96268,0.96338,0,0
2014-11-13,19:00:00,0.96338,0.96509,0.96336,0.96426,0,0
2014-11-13,20:00:00,0.96424,0.96461,0.96296,0.96341,0,0
2014-11-13,21:00:00,0.96341,0.96342,0.96218,0.96248,0,0
2014-11-13,22:00:00,0.96258,0.96353,0.96253,0.96326,0,0
2014-11-13,23:00:00,0.96334,0.96352,0.9631,0.96347,0,0
2014-11-13,23:59:00,0.96349,0.96367,0.96328,0.96359,0,0
2014-11-14,01:00:00,0.96359,0.96375,0.96353,0.96368,0,0
2014-11-14,02:00:00,0.96373,0.96456,0.96341,0.96453,0,0
2014-11-14,03:00:00,0.96453,0.96469,0.96385,0.96413,0,0
2014-11-14,04:00:00,0.96411,0.96526,0.96409,0.96516,0,0
2014-11-14,05:00:00,0.96517,0.9653,0.9645,0.96498,0,0
2014-11-14,06:00:00,0.96498,0.96587,0.96434,0.96584,0,0
2014-11-14,07:00:00,0.96599,0.96703,0.96569,0.96675,0,0
2014-11-14,08:00:00,0.96675,0.96708,0.96597,0.96598,0,0
2014-11-14,09:00:00,0.96543,0.96678,0.96491,0.96538,0,0
2014-11-14,10:00:00,0.96516,0.96591,0.96351,0.96388,0,0
2014-11-14,11:00:00,0.96389,0.96477,0.96378,0.96426,0,0
2014-11-14,12:00:00,0.96411,0.96503,0.9639,0.96439,0,0
2014-11-14,13:00:00,0.96439,0.96569,0.96438,0.96534,0,0
2014-11-14,14:00:00,0.96533,0.96563,0.96475,0.96553,0,0
2014-11-14,15:00:00,0.96575,0.96881,0.96557,0.96774,0,0
2014-11-14,16:00:00,0.96777,0.96856,0.96712,0.96805,0,0
2014-11-14,17:00:00,0.96635,0.9666,0.96221,0.96282,0,0
2014-11-14,18:00:00,0.96263,0.96382,0.9611,0.96138,0,0
2014-11-14,19:00:00,0.96161,0.96163,0.95746,0.9595,0,0
2014-11-14,20:00:00,0.95965,0.95965,0.95888,0.9589,0,0
2014-11-14,21:00:00,0.95881,0.95904,0.95733,0.95903,0,0
2014-11-14,22:00:00,0.95902,0.95927,0.95862,0.95887,0,0
2014-11-14,23:00:00,0.95887,0.95887,0.95887,0.95887,0,0
2014-11-17,01:00:00,0.95972,0.95987,0.95927,0.95927,0,0
2014-11-17,02:00:00,0.95927,0.95949,0.95723,0.95893,0,0
2014-11-17,03:00:00,0.95894,0.95894,0.9573,0.95767,0,0
2014-11-17,04:00:00,0.95762,0.95786,0.95523,0.95589,0,0
2014-11-17,05:00:00,0.9559,0.95718,0.95563,0.95709,0,0
2014-11-17,06:00:00,0.95711,0.95749,0.9568,0.95746,0,0
2014-11-17,07:00:00,0.95746,0.95792,0.95718,0.95749,0,0
2014-11-17,08:00:00,0.95748,0.95845,0.95731,0.95835,0,0
2014-11-17,09:00:00,0.95833,0.95931,0.95822,0.95861,0,0
2014-11-17,10:00:00,0.95861,0.95977,0.95859,0.95912,0,0
2014-11-17,11:00:00,0.95912,0.96222,0.95912,0.96136,0,0
2014-11-17,12:00:00,0.96156,0.96209,0.96123,0.96144,0,0
2014-11-17,13:00:00,0.96144,0.96194,0.9605,0.96194,0,0
2014-11-17,14:00:00,0.96194,0.96223,0.96077,0.96123,0,0
2014-11-17,15:00:00,0.9613,0.9615,0.96048,0.96071,0,0
2014-11-17,16:00:00,0.96066,0.96433,0.96066,0.96402,0,0
2014-11-17,17:00:00,0.96436,0.96516,0.96387,0.96459,0,0
2014-11-17,18:00:00,0.96432,0.96514,0.96392,0.96514,0,0
2014-11-17,19:00:00,0.96524,0.96524,0.96456,0.96494,0,0
2014-11-17,20:00:00,0.965,0.96509,0.96443,0.96456,0,0
2014-11-17,21:00:00,0.96468,0.96476,0.96418,0.96461,0,0
2014-11-17,22:00:00,0.96466,0.96498,0.96456,0.96494,0,0
2014-11-17,23:00:00,0.96494,0.96497,0.96466,0.96484,0,0
2014-11-17,23:59:00,0.96482,0.96519,0.96446,0.96486,0,0
2014-11-18,01:00:00,0.96478,0.9653,0.96477,0.96481,0,0
2014-11-18,02:00:00,0.96475,0.96493,0.96371,0.96378,0,0
2014-11-18,03:00:00,0.96378,0.96405,0.96337,0.96353,0,0
2014-11-18,04:00:00,0.96353,0.96353,0.96283,0.96289,0,0
2014-11-18,05:00:00,0.9629,0.96314,0.96284,0.96298,0,0
2014-11-18,06:00:00,0.96298,0.96314,0.9629,0.96311,0,0
2014-11-18,07:00:00,0.96311,0.96339,0.96287,0.96309,0,0
2014-11-18,08:00:00,0.96309,0.96331,0.96298,0.96324,0,0
2014-11-18,09:00:00,0.96324,0.96333,0.96146,0.96178,0,0
2014-11-18,10:00:00,0.96176,0.96238,0.96116,0.96146,0,0
2014-11-18,11:00:00,0.96146,0.96187,0.95948,0.95968,0,0
2014-11-18,12:00:00,0.95845,0.96028,0.95771,0.96028,0,0
2014-11-18,13:00:00,0.96028,0.96031,0.95914,0.95976,0,0
2014-11-18,14:00:00,0.95972,0.96068,0.95944,0.96068,0,0
2014-11-18,15:00:00,0.96067,0.96067,0.95825,0.95865,0,0
2014-11-18,16:00:00,0.95865,0.9606,0.95835,0.96002,0,0
2014-11-18,17:00:00,0.96002,0.96082,0.95865,0.95889,0,0
2014-11-18,18:00:00,0.9584,0.9588,0.95743,0.95829,0,0
2014-11-18,19:00:00,0.95826,0.95853,0.95776,0.95846,0,0
2014-11-18,20:00:00,0.95845,0.95849,0.95767,0.95802,0,0
2014-11-18,21:00:00,0.95802,0.95862,0.95794,0.95821,0,0
2014-11-18,22:00:00,0.95831,0.95857,0.95802,0.95816,0,0
2014-11-18,23:00:00,0.95821,0.95838,0.95796,0.95825,0,0
2014-11-18,23:59:00,0.95811,0.95859,0.95811,0.95849,0,0
2014-11-19,01:00:00,0.9585,0.95855,0.95806,0.95852,0,0
2014-11-19,02:00:00,0.95852,0.95951,0.95836,0.95922,0,0
2014-11-19,03:00:00,0.95915,0.95976,0.9589,0.95908,0,0
2014-11-19,04:00:00,0.95908,0.9594,0.95898,0.95932,0,0
2014-11-19,05:00:00,0.95932,0.95997,0.9593,0.95968,0,0
2014-11-19,06:00:00,0.95968,0.95995,0.9594,0.95957,0,0
2014-11-19,07:00:00,0.95949,0.95978,0.95909,0.95909,0,0
2014-11-19,08:00:00,0.95909,0.9596,0.95874,0.95925,0,0
2014-11-19,09:00:00,0.9594,0.95992,0.9581,0.95828,0,0
2014-11-19,10:00:00,0.95828,0.95853,0.95714,0.95739,0,0
2014-11-19,11:00:00,0.95764,0.95876,0.95761,0.95846,0,0
2014-11-19,12:00:00,0.95845,0.95888,0.9574,0.95755,0,0
2014-11-19,13:00:00,0.95755,0.95874,0.95732,0.95833,0,0
2014-11-19,14:00:00,0.95833,0.95889,0.95789,0.9586,0,0
2014-11-19,15:00:00,0.95856,0.95866,0.95558,0.95592,0,0
2014-11-19,16:00:00,0.9558,0.95775,0.95561,0.95769,0,0
2014-11-19,17:00:00,0.95771,0.95927,0.95766,0.95859,0,0
2014-11-19,18:00:00,0.95847,0.95899,0.95694,0.95729,0,0
2014-11-19,19:00:00,0.9573,0.95733,0.95655,0.95703,0,0
2014-11-19,20:00:00,0.957,0.95744,0.95577,0.95577,0,0
2014-11-19,21:00:00,0.95577,0.95907,0.95305,0.95772,0,0
2014-11-19,22:00:00,0.95768,0.95862,0.95763,0.95775,0,0
2014-11-19,23:00:00,0.95775,0.95783,0.95688,0.9569,0,0
2014-11-19,23:59:00,0.95693,0.95764,0.95669,0.95752,0,0
2014-11-20,01:00:00,0.95754,0.95814,0.95745,0.95789,0,0
2014-11-20,02:00:00,0.95789,0.95824,0.95714,0.95804,0,0
2014-11-20,03:00:00,0.95804,0.95864,0.95795,0.95811,0,0
2014-11-20,04:00:00,0.95806,0.95826,0.9576,0.9576,0,0
2014-11-20,05:00:00,0.9576,0.9578,0.95721,0.95755,0,0
2014-11-20,06:00:00,0.95755,0.95814,0.95724,0.95741,0,0
2014-11-20,07:00:00,0.95748,0.95764,0.95722,0.95752,0,0
2014-11-20,08:00:00,0.95756,0.95804,0.95725,0.95778,0,0
2014-11-20,09:00:00,0.95778,0.95901,0.95772,0.95795,0,0
2014-11-20,10:00:00,0.95795,0.96051,0.95531,0.95947,0,0
2014-11-20,11:00:00,0.95946,0.96046,0.95912,0.95954,0,0
2014-11-20,12:00:00,0.95954,0.96,0.95849,0.95872,0,0
2014-11-20,13:00:00,0.95882,0.95896,0.95777,0.95837,0,0
2014-11-20,14:00:00,0.9584,0.95863,0.95706,0.95761,0,0
2014-11-20,15:00:00,0.95758,0.96022,0.9562,0.95759,0,0
2014-11-20,16:00:00,0.95713,0.95778,0.95565,0.95681,0,0
2014-11-20,17:00:00,0.95679,0.9591,0.95674,0.95791,0,0
2014-11-20,18:00:00,0.95777,0.96033,0.95721,0.95995,0,0
2014-11-20,19:00:00,0.95962,0.95967,0.95828,0.95839,0,0
2014-11-20,20:00:00,0.95838,0.95841,0.95694,0.95754,0,0
2014-11-20,21:00:00,0.95754,0.95792,0.95728,0.95747,0,0
2014-11-20,22:00:00,0.95737,0.95814,0.95735,0.95788,0,0
2014-11-20,23:00:00,0.95791,0.95842,0.95782,0.95834,0,0
2014-11-20,23:59:00,0.95833,0.95849,0.95789,0.9583,0,0
2014-11-21,01:00:00,0.95834,0.95887,0.95824,0.95841,0,0
2014-11-21,02:00:00,0.95841,0.95858,0.95753,0.95803,0,0
2014-11-21,03:00:00,0.95803,0.95803,0.95687,0.9569,0,0
2014-11-21,04:00:00,0.95692,0.95751,0.9563,0.95735,0,0
2014-11-21,05:00:00,0.95734,0.95787,0.95669,0.95692,0,0
2014-11-21,06:00:00,0.95692,0.95778,0.95666,0.9577,0,0
2014-11-21,07:00:00,0.95763,0.95837,0.95744,0.95822,0,0
2014-11-21,08:00:00,0.95821,0.95868,0.95788,0.95838,0,0
2014-11-21,09:00:00,0.95838,0.95875,0.95774,0.95806,0,0
2014-11-21,10:00:00,0.95771,0.96508,0.95738,0.96508,0,0
2014-11-21,11:00:00,0.96507,0.96669,0.96443,0.96653,0,0
2014-11-21,12:00:00,0.96631,0.96753,0.9651,0.96703,0,0
2014-11-21,13:00:00,0.9671,0.96846,0.96648,0.96773,0,0
2014-11-21,14:00:00,0.96738,0.96782,0.96651,0.96774,0,0
2014-11-21,15:00:00,0.96771,0.9683,0.96655,0.96684,0,0
2014-11-21,16:00:00,0.968,0.9689,0.96677,0.96712,0,0
2014-11-21,17:00:00,0.9667,0.9683,0.9663,0.96825,0,0
2014-11-21,18:00:00,0.96822,0.96978,0.96786,0.96947,0,0
2014-11-21,19:00:00,0.96953,0.97041,0.96953,0.96993,0,0
2014-11-21,20:00:00,0.96986,0.97073,0.96978,0.97022,0,0
2014-11-21,21:00:00,0.97021,0.97023,0.96925,0.96988,0,0
2014-11-21,22:00:00,0.9699,0.97009,0.96947,0.96948,0,0
2014-11-21,23:00:00,0.96947,0.96958,0.96947,0.96958,0,0
2014-11-24,01:00:00,0.97214,0.97223,0.97135,0.97155,0,0
2014-11-24,02:00:00,0.97157,0.97157,0.97085,0.97114,0,0
2014-11-24,03:00:00,0.97118,0.9719,0.9705,0.9707,0,0
2014-11-24,04:00:00,0.97072,0.97101,0.97036,0.97086,0,0
2014-11-24,05:00:00,0.97086,0.97087,0.97015,0.97052,0,0
2014-11-24,06:00:00,0.97052,0.97053,0.97009,0.97024,0,0
2014-11-24,07:00:00,0.97024,0.97046,0.97001,0.97027,0,0
2014-11-24,08:00:00,0.97027,0.97028,0.96972,0.97006,0,0
2014-11-24,09:00:00,0.97007,0.97034,0.96903,0.96988,0,0
2014-11-24,10:00:00,0.96986,0.97172,0.96903,0.97108,0,0
2014-11-24,11:00:00,0.97113,0.97126,0.96833,0.96911,0,0
2014-11-24,12:00:00,0.96926,0.96997,0.96897,0.96917,0,0
2014-11-24,13:00:00,0.96915,0.96925,0.96851,0.96881,0,0
2014-11-24,14:00:00,0.9688,0.96935,0.96856,0.96876,0,0
2014-11-24,15:00:00,0.96877,0.96954,0.96809,0.96845,0,0
2014-11-24,16:00:00,0.96842,0.96895,0.96737,0.96792,0,0
2014-11-24,17:00:00,0.96805,0.96805,0.96657,0.96691,0,0
2014-11-24,18:00:00,0.96683,0.96762,0.96613,0.96745,0,0
2014-11-24,19:00:00,0.96746,0.96766,0.96685,0.96751,0,0
2014-11-24,20:00:00,0.96751,0.96752,0.96658,0.9666,0,0
2014-11-24,21:00:00,0.96658,0.96697,0.96653,0.96677,0,0
2014-11-24,22:00:00,0.96683,0.96683,0.96613,0.96635,0,0
2014-11-24,23:00:00,0.96636,0.9666,0.96623,0.96625,0,0
2014-11-24,23:59:00,0.96623,0.9666,0.96623,0.96659,0,0
2014-11-25,01:00:00,0.9666,0.96735,0.96651,0.96698,0,0
2014-11-25,02:00:00,0.96699,0.96769,0.96694,0.96759,0,0
2014-11-25,03:00:00,0.9675,0.96772,0.96692,0.96712,0,0
2014-11-25,04:00:00,0.96713,0.96805,0.96713,0.96802,0,0
2014-11-25,05:00:00,0.96803,0.96813,0.96758,0.96804,0,0
2014-11-25,06:00:00,0.96804,0.96834,0.96795,0.96823,0,0
2014-11-25,07:00:00,0.96822,0.96822,0.96765,0.96768,0,0
2014-11-25,08:00:00,0.96768,0.96797,0.96743,0.96774,0,0
2014-11-25,09:00:00,0.96774,0.9688,0.96704,0.96826,0,0
2014-11-25,10:00:00,0.96824,0.96843,0.96609,0.96665,0,0
2014-11-25,11:00:00,0.96667,0.96759,0.96637,0.96673,0,0
2014-11-25,12:00:00,0.96677,0.96703,0.96637,0.96645,0,0
2014-11-25,13:00:00,0.96649,0.96704,0.96619,0.96677,0,0
2014-11-25,14:00:00,0.96672,0.96845,0.96671,0.96806,0,0
2014-11-25,15:00:00,0.96803,0.96959,0.96776,0.96901,0,0
2014-11-25,16:00:00,0.96901,0.96908,0.96443,0.96519,0,0
2014-11-25,17:00:00,0.96431,0.9654,0.96343,0.96349,0,0
2014-11-25,18:00:00,0.96342,0.96443,0.96327,0.96439,0,0
2014-11-25,19:00:00,0.96435,0.96533,0.96435,0.96533,0,0
2014-11-25,20:00:00,0.96534,0.96536,0.96384,0.96384,0,0
2014-11-25,21:00:00,0.96387,0.96481,0.96356,0.96437,0,0
2014-11-25,22:00:00,0.96436,0.96448,0.96352,0.9638,0,0
2014-11-25,23:00:00,0.96378,0.96406,0.96378,0.96385,0,0
2014-11-25,23:59:00,0.96387,0.96406,0.96381,0.96399,0,0
2014-11-26,01:00:00,0.96397,0.96408,0.9633,0.96337,0,0
2014-11-26,02:00:00,0.96337,0.96378,0.96327,0.96337,0,0
2014-11-26,03:00:00,0.96341,0.96388,0.96292,0.96387,0,0
2014-11-26,04:00:00,0.96387,0.96442,0.96381,0.96407,0,0
2014-11-26,05:00:00,0.96407,0.9645,0.96383,0.96415,0,0
2014-11-26,06:00:00,0.96415,0.9642,0.96373,0.96385,0,0
2014-11-26,07:00:00,0.96379,0.96423,0.96379,0.96392,0,0
2014-11-26,08:00:00,0.96391,0.96406,0.9633,0.96396,0,0
2014-11-26,09:00:00,0.96398,0.96453,0.96348,0.96432,0,0
2014-11-26,10:00:00,0.96438,0.96438,0.96199,0.96388,0,0
2014-11-26,11:00:00,0.96387,0.96522,0.9633,0.96494,0,0
2014-11-26,12:00:00,0.96498,0.96616,0.96474,0.96498,0,0
2014-11-26,13:00:00,0.96503,0.96636,0.96503,0.96569,0,0
2014-11-26,14:00:00,0.96564,0.96568,0.96299,0.9631,0,0
2014-11-26,15:00:00,0.96317,0.9642,0.96149,0.96292,0,0
2014-11-26,16:00:00,0.9629,0.96326,0.96172,0.96197,0,0
2014-11-26,17:00:00,0.9621,0.9621,0.95938,0.95947,0,0
2014-11-26,18:00:00,0.95952,0.96152,0.9594,0.96126,0,0
2014-11-26,19:00:00,0.96126,0.96133,0.96042,0.96104,0,0
2014-11-26,20:00:00,0.96112,0.9612,0.96019,0.96053,0,0
2014-11-26,21:00:00,0.96053,0.96111,0.96044,0.9605,0,0
2014-11-26,22:00:00,0.96052,0.9611,0.96045,0.96094,0,0
2014-11-26,23:00:00,0.9609,0.96116,0.9609,0.96103,0,0
2014-11-26,23:59:00,0.96106,0.96137,0.96094,0.96097,0,0
2014-11-27,01:00:00,0.96097,0.96135,0.96097,0.96114,0,0
2014-11-27,02:00:00,0.96114,0.96154,0.96067,0.96154,0,0
2014-11-27,03:00:00,0.96154,0.96188,0.96138,0.96188,0,0
2014-11-27,04:00:00,0.96188,0.96188,0.96124,0.96139,0,0
2014-11-27,05:00:00,0.96131,0.96152,0.96084,0.96107,0,0
2014-11-27,06:00:00,0.96107,0.96125,0.96084,0.96094,0,0
2014-11-27,07:00:00,0.96094,0.96136,0.96094,0.96125,0,0
2014-11-27,08:00:00,0.96123,0.96132,0.96069,0.96124,0,0
2014-11-27,09:00:00,0.96121,0.96121,0.95971,0.96055,0,0
2014-11-27,10:00:00,0.96055,0.96329,0.96055,0.96262,0,0
2014-11-27,11:00:00,0.96257,0.96413,0.96254,0.96408,0,0
2014-11-27,12:00:00,0.96403,0.96403,0.96327,0.9635,0,0
2014-11-27,13:00:00,0.9635,0.96359,0.96254,0.96294,0,0
2014-11-27,14:00:00,0.96288,0.96311,0.9624,0.9627,0,0
2014-11-27,15:00:00,0.96267,0.96323,0.96205,0.96269,0,0
2014-11-27,16:00:00,0.96269,0.96273,0.96161,0.96243,0,0
2014-11-27,17:00:00,0.96242,0.96289,0.9615,0.96282,0,0
2014-11-27,18:00:00,0.96287,0.96351,0.96254,0.96321,0,0
2014-11-27,19:00:00,0.96321,0.96365,0.96301,0.96355,0,0
2014-11-27,20:00:00,0.96357,0.96416,0.96344,0.9637,0,0
2014-11-27,21:00:00,0.96369,0.96385,0.96362,0.96377,0,0
2014-11-27,22:00:00,0.96377,0.96411,0.96374,0.96407,0,0
2014-11-27,23:00:00,0.96408,0.9641,0.96386,0.96387,0,0
2014-11-27,23:59:00,0.96386,0.96484,0.96355,0.9646,0,0
2014-11-28,01:00:00,0.96457,0.96461,0.96422,0.96452,0,0
2014-11-28,02:00:00,0.96452,0.96535,0.96449,0.96511,0,0
2014-11-28,03:00:00,0.96512,0.96532,0.96421,0.96437,0,0
2014-11-28,04:00:00,0.96438,0.965,0.96412,0.965,0,0
2014-11-28,05:00:00,0.96502,0.96549,0.96464,0.96544,0,0
2014-11-28,06:00:00,0.96544,0.96562,0.96529,0.96548,0,0
2014-11-28,07:00:00,0.96548,0.96555,0.96522,0.96541,0,0
2014-11-28,08:00:00,0.96541,0.96564,0.96507,0.96511,0,0
2014-11-28,09:00:00,0.96504,0.96663,0.9644,0.96635,0,0
2014-11-28,10:00:00,0.9664,0.96688,0.96597,0.96605,0,0
2014-11-28,11:00:00,0.96604,0.96638,0.96502,0.96612,0,0
2014-11-28,12:00:00,0.966,0.966,0.9643,0.96532,0,0
2014-11-28,13:00:00,0.96535,0.96543,0.96279,0.96316,0,0
2014-11-28,14:00:00,0.96325,0.96328,0.96197,0.96258,0,0
2014-11-28,15:00:00,0.9626,0.9629,0.96204,0.96232,0,0
2014-11-28,16:00:00,0.96231,0.96418,0.96195,0.96402,0,0
2014-11-28,17:00:00,0.96387,0.96422,0.96294,0.96336,0,0
2014-11-28,18:00:00,0.96338,0.96598,0.96332,0.96567,0,0
2014-11-28,19:00:00,0.96568,0.96651,0.96557,0.9661,0,0
2014-11-28,20:00:00,0.96605,0.96606,0.96546,0.96552,0,0
2014-11-28,21:00:00,0.96551,0.96563,0.96541,0.96554,0,0
2014-11-28,22:00:00,0.96554,0.96586,0.96502,0.96586,0,0
2014-11-28,23:00:00,0.96588,0.96599,0.96577,0.9658,0,0
2014-12-01,01:00:00,0.96686,0.96805,0.9668,0.96761,0,0
2014-12-01,02:00:00,0.96761,0.96814,0.96715,0.96755,0,0
2014-12-01,03:00:00,0.96755,0.96777,0.96679,0.96708,0,0
2014-12-01,04:00:00,0.96708,0.96746,0.96668,0.96685,0,0
2014-12-01,05:00:00,0.96685,0.96706,0.96633,0.96635,0,0
2014-12-01,06:00:00,0.96635,0.96637,0.96602,0.96612,0,0
2014-12-01,07:00:00,0.96615,0.96655,0.96592,0.96655,0,0
2014-12-01,08:00:00,0.96655,0.96662,0.96563,0.96572,0,0
2014-12-01,09:00:00,0.96581,0.96838,0.96575,0.96813,0,0
2014-12-01,10:00:00,0.9683,0.96861,0.96385,0.96647,0,0
2014-12-01,11:00:00,0.96635,0.96651,0.96446,0.96472,0,0
2014-12-01,12:00:00,0.96477,0.96499,0.96345,0.96453,0,0
2014-12-01,13:00:00,0.96454,0.96506,0.96359,0.96492,0,0
2014-12-01,14:00:00,0.96498,0.96543,0.96438,0.96453,0,0
2014-12-01,15:00:00,0.96451,0.9647,0.96316,0.96366,0,0
2014-12-01,16:00:00,0.96366,0.9641,0.9614,0.96167,0,0
2014-12-01,17:00:00,0.96179,0.96401,0.9614,0.96374,0,0
2014-12-01,18:00:00,0.96375,0.96436,0.96297,0.96299,0,0
2014-12-01,19:00:00,0.96297,0.96311,0.96171,0.96231,0,0
2014-12-01,20:00:00,0.96224,0.9636,0.96174,0.96354,0,0
2014-12-01,21:00:00,0.96357,0.96422,0.96355,0.96384,0,0
2014-12-01,22:00:00,0.96384,0.96447,0.96384,0.9643,0,0
2014-12-01,23:00:00,0.96429,0.9646,0.96413,0.9645,0,0
2014-12-01,23:59:00,0.96452,0.96463,0.96414,0.96428,0,0
2014-12-02,01:00:00,0.96431,0.96473,0.96416,0.96446,0,0
2014-12-02,02:00:00,0.96447,0.96462,0.96399,0.96416,0,0
2014-12-02,03:00:00,0.96416,0.96527,0.964,0.965,0,0
2014-12-02,04:00:00,0.96499,0.96522,0.96485,0.96508,0,0
2014-12-02,05:00:00,0.96508,0.9652,0.96472,0.96488,0,0
2014-12-02,06:00:00,0.96488,0.96511,0.9646,0.96504,0,0
2014-12-02,07:00:00,0.96504,0.96543,0.96501,0.9652,0,0
2014-12-02,08:00:00,0.96521,0.96546,0.96489,0.96542,0,0
2014-12-02,09:00:00,0.96541,0.96649,0.96519,0.96585,0,0
2014-12-02,10:00:00,0.96584,0.96807,0.96564,0.9673,0,0
2014-12-02,11:00:00,0.96728,0.96835,0.96689,0.96816,0,0
2014-12-02,12:00:00,0.96815,0.96849,0.9677,0.96796,0,0
2014-12-02,13:00:00,0.96794,0.96798,0.96712,0.96791,0,0
2014-12-02,14:00:00,0.96792,0.96851,0.9674,0.96846,0,0
2014-12-02,15:00:00,0.96847,0.97029,0.96802,0.969,0,0
2014-12-02,16:00:00,0.96899,0.97111,0.96873,0.97074,0,0
2014-12-02,17:00:00,0.97073,0.97113,0.96978,0.97083,0,0
2014-12-02,18:00:00,0.9709,0.97238,0.97066,0.97192,0,0
2014-12-02,19:00:00,0.97185,0.97252,0.97107,0.97234,0,0
2014-12-02,20:00:00,0.97233,0.97278,0.97208,0.97273,0,0
2014-12-02,21:00:00,0.97276,0.97276,0.97218,0.97252,0,0
2014-12-02,22:00:00,0.9725,0.97253,0.97184,0.97208,0,0
2014-12-02,23:00:00,0.97213,0.97236,0.97187,0.97191,0,0
2014-12-02,23:59:00,0.97186,0.9724,0.97185,0.97208,0,0
2014-12-03,01:00:00,0.97209,0.97216,0.97162,0.9718,0,0
2014-12-03,02:00:00,0.9718,0.97217,0.97163,0.97185,0,0
2014-12-03,03:00:00,0.97185,0.97216,0.97142,0.97163,0,0
2014-12-03,04:00:00,0.97163,0.97201,0.97145,0.97175,0,0
2014-12-03,05:00:00,0.97175,0.97204,0.97165,0.97173,0,0
2014-12-03,06:00:00,0.97174,0.97195,0.97134,0.97188,0,0
2014-12-03,07:00:00,0.97188,0.97229,0.97172,0.97203,0,0
2014-12-03,08:00:00,0.9727,0.97316,0.97203,0.97234,0,0
2014-12-03,09:00:00,0.97231,0.97328,0.97201,0.97223,0,0
2014-12-03,10:00:00,0.97222,0.976,0.97222,0.97514,0,0
2014-12-03,11:00:00,0.97519,0.97609,0.97465,0.97579,0,0
2014-12-03,12:00:00,0.97576,0.97588,0.97464,0.97502,0,0
2014-12-03,13:00:00,0.97501,0.97628,0.97468,0.97617,0,0
2014-12-03,14:00:00,0.97614,0.97627,0.97506,0.97523,0,0
2014-12-03,15:00:00,0.97524,0.97582,0.97411,0.97582,0,0
2014-12-03,16:00:00,0.97581,0.97735,0.97558,0.97665,0,0
2014-12-03,17:00:00,0.97676,0.97807,0.97572,0.97631,0,0
2014-12-03,18:00:00,0.97625,0.9778,0.97623,0.97779,0,0
2014-12-03,19:00:00,0.97777,0.97808,0.97686,0.97773,0,0
2014-12-03,20:00:00,0.97769,0.97792,0.97744,0.97777,0,0
2014-12-03,21:00:00,0.97777,0.97796,0.97735,0.97768,0,0
2014-12-03,22:00:00,0.97768,0.9778,0.97697,0.9775,0,0
2014-12-03,23:00:00,0.97745,0.97752,0.97725,0.97734,0,0
2014-12-03,23:59:00,0.97733,0.97772,0.97724,0.97766,0,0
2014-12-04,01:00:00,0.97766,0.9777,0.97703,0.97714,0,0
2014-12-04,02:00:00,0.97713,0.97745,0.97662,0.9769,0,0
2014-12-04,03:00:00,0.97698,0.97716,0.97676,0.97689,0,0
2014-12-04,04:00:00,0.97689,0.97742,0.97686,0.97725,0,0
2014-12-04,05:00:00,0.97726,0.97768,0.97721,0.97759,0,0
2014-12-04,06:00:00,0.97759,0.97793,0.97754,0.97763,0,0
2014-12-04,07:00:00,0.97762,0.97776,0.97743,0.97773,0,0
2014-12-04,08:00:00,0.9777,0.97802,0.97742,0.9778,0,0
2014-12-04,09:00:00,0.9778,0.97845,0.97749,0.9781,0,0
2014-12-04,10:00:00,0.97809,0.97813,0.97668,0.97692,0,0
2014-12-04,11:00:00,0.97694,0.97753,0.97655,0.97706,0,0
2014-12-04,12:00:00,0.97707,0.97727,0.97672,0.97713,0,0
2014-12-04,13:00:00,0.97709,0.97779,0.97631,0.97758,0,0
2014-12-04,14:00:00,0.97758,0.97765,0.97652,0.97747,0,0
2014-12-04,15:00:00,0.97743,0.97925,0.96883,0.97008,0,0
2014-12-04,16:00:00,0.97001,0.97476,0.96884,0.96999,0,0
2014-12-04,17:00:00,0.96987,0.97195,0.96663,0.96666,0,0
2014-12-04,18:00:00,0.96654,0.96742,0.96481,0.9672,0,0
2014-12-04,19:00:00,0.96716,0.97214,0.96701,0.9717,0,0
2014-12-04,20:00:00,0.97171,0.97261,0.97086,0.97234,0,0
2014-12-04,21:00:00,0.97227,0.97254,0.97182,0.97193,0,0
2014-12-04,22:00:00,0.97184,0.97184,0.97059,0.97083,0,0
2014-12-04,23:00:00,0.97077,0.97125,0.97062,0.97105,0,0
2014-12-04,23:59:00,0.97116,0.97121,0.97093,0.97112,0,0
2014-12-05,01:00:00,0.97113,0.97113,0.97024,0.97067,0,0
2014-12-05,02:00:00,0.97065,0.9708,0.97014,0.97056,0,0
2014-12-05,03:00:00,0.97056,0.97154,0.9705,0.97154,0,0
2014-12-05,04:00:00,0.97154,0.97165,0.97101,0.97103,0,0
2014-12-05,05:00:00,0.97103,0.97125,0.97085,0.97105,0,0
2014-12-05,06:00:00,0.97104,0.97174,0.97104,0.97144,0,0
2014-12-05,07:00:00,0.97147,0.97149,0.97099,0.97135,0,0
2014-12-05,08:00:00,0.97135,0.972,0.9711,0.97181,0,0
2014-12-05,09:00:00,0.97192,0.97206,0.9708,0.97092,0,0
2014-12-05,10:00:00,0.97095,0.97233,0.97085,0.97149,0,0
2014-12-05,11:00:00,0.97158,0.97251,0.97117,0.97184,0,0
2014-12-05,12:00:00,0.97185,0.97306,0.9716,0.97254,0,0
2014-12-05,13:00:00,0.97258,0.97346,0.97231,0.97299,0,0
2014-12-05,14:00:00,0.97315,0.97355,0.97184,0.97189,0,0
2014-12-05,15:00:00,0.97184,0.97925,0.97108,0.97742,0,0
2014-12-05,16:00:00,0.97753,0.97976,0.97514,0.97951,0,0
2014-12-05,17:00:00,0.97949,0.97949,0.97679,0.97753,0,0
2014-12-05,18:00:00,0.97757,0.97838,0.97665,0.97689,0,0
2014-12-05,19:00:00,0.97706,0.97791,0.97702,0.9779,0,0
2014-12-05,20:00:00,0.97791,0.97859,0.97751,0.97849,0,0
2014-12-05,21:00:00,0.97849,0.97865,0.97767,0.97811,0,0
2014-12-05,22:00:00,0.97809,0.97816,0.97754,0.97809,0,0
2014-12-05,23:00:00,0.97801,0.97811,0.97801,0.97811,0,0
2014-12-08,01:00:00,0.97864,0.97864,0.97739,0.97824,0,0
2014-12-08,02:00:00,0.97829,0.97847,0.97767,0.97809,0,0
2014-12-08,03:00:00,0.97816,0.97816,0.97719,0.97792,0,0
2014-12-08,04:00:00,0.97789,0.97841,0.97785,0.97837,0,0
2014-12-08,05:00:00,0.97837,0.97865,0.9781,0.97859,0,0
2014-12-08,06:00:00,0.97861,0.97869,0.97829,0.97849,0,0
2014-12-08,07:00:00,0.97857,0.97868,0.97786,0.97795,0,0
2014-12-08,08:00:00,0.97797,0.97897,0.97797,0.97878,0,0
2014-12-08,09:00:00,0.97866,0.9805,0.97866,0.97995,0,0
2014-12-08,10:00:00,0.97998,0.98147,0.97923,0.98037,0,0
2014-12-08,11:00:00,0.98042,0.98099,0.97979,0.98065,0,0
2014-12-08,12:00:00,0.98065,0.98157,0.98055,0.98149,0,0
2014-12-08,13:00:00,0.98149,0.98157,0.97943,0.98016,0,0
2014-12-08,14:00:00,0.9802,0.98128,0.97996,0.981,0,0
2014-12-08,15:00:00,0.98096,0.98139,0.97924,0.97924,0,0
2014-12-08,16:00:00,0.97924,0.9796,0.97853,0.97897,0,0
2014-12-08,17:00:00,0.97897,0.97914,0.97744,0.97808,0,0
2014-12-08,18:00:00,0.97803,0.97803,0.97701,0.97772,0,0
2014-12-08,19:00:00,0.97771,0.97778,0.97559,0.97597,0,0
2014-12-08,20:00:00,0.97596,0.97606,0.97477,0.97489,0,0
2014-12-08,21:00:00,0.97487,0.97591,0.97371,0.97528,0,0
2014-12-08,22:00:00,0.97526,0.97633,0.97513,0.97633,0,0
2014-12-08,23:00:00,0.97627,0.97664,0.97579,0.97586,0,0
2014-12-08,23:59:00,0.97587,0.9764,0.97574,0.97582,0,0
2014-12-09,01:00:00,0.97584,0.97626,0.97577,0.97614,0,0
2014-12-09,02:00:00,0.97614,0.97697,0.97612,0.97692,0,0
2014-12-09,03:00:00,0.97692,0.97694,0.97627,0.97656,0,0
2014-12-09,04:00:00,0.9766,0.97673,0.97611,0.97626,0,0
2014-12-09,05:00:00,0.97627,0.97758,0.97624,0.97755,0,0
2014-12-09,06:00:00,0.97753,0.97755,0.97558,0.97602,0,0
2014-12-09,07:00:00,0.97603,0.9763,0.97539,0.97544,0,0
2014-12-09,08:00:00,0.9755,0.97571,0.97383,0.9745,0,0
2014-12-09,09:00:00,0.97462,0.97555,0.9733,0.97343,0,0
2014-12-09,10:00:00,0.97338,0.97341,0.9718,0.97251,0,0
2014-12-09,11:00:00,0.97255,0.97402,0.97202,0.97362,0,0
2014-12-09,12:00:00,0.97363,0.97409,0.97213,0.97301,0,0
2014-12-09,13:00:00,0.973,0.97347,0.97252,0.97344,0,0
2014-12-09,14:00:00,0.97345,0.97345,0.97112,0.97117,0,0
2014-12-09,15:00:00,0.97123,0.97215,0.96975,0.96978,0,0
2014-12-09,16:00:00,0.96976,0.96993,0.96877,0.96968,0,0
2014-12-09,17:00:00,0.96968,0.97002,0.96523,0.96733,0,0
2014-12-09,18:00:00,0.96726,0.96879,0.96626,0.96796,0,0
2014-12-09,19:00:00,0.96781,0.97052,0.96772,0.96968,0,0
2014-12-09,20:00:00,0.96953,0.97024,0.9692,0.9697,0,0
2014-12-09,21:00:00,0.96969,0.97119,0.96966,0.97092,0,0
2014-12-09,22:00:00,0.97095,0.97186,0.97091,0.97149,0,0
2014-12-09,23:00:00,0.97148,0.97164,0.97099,0.97116,0,0
2014-12-09,23:59:00,0.97113,0.97151,0.97067,0.97073,0,0
2014-12-10,01:00:00,0.97074,0.97098,0.96978,0.97035,0,0
2014-12-10,02:00:00,0.97035,0.97083,0.97028,0.97066,0,0
2014-12-10,03:00:00,0.97062,0.97207,0.97055,0.97196,0,0
2014-12-10,04:00:00,0.97195,0.97201,0.97103,0.97114,0,0
2014-12-10,05:00:00,0.97108,0.97113,0.97027,0.97053,0,0
2014-12-10,06:00:00,0.97054,0.97056,0.96918,0.96948,0,0
2014-12-10,07:00:00,0.96948,0.96983,0.96913,0.96971,0,0
2014-12-10,08:00:00,0.96971,0.97048,0.96954,0.97035,0,0
2014-12-10,09:00:00,0.97035,0.97067,0.96963,0.97001,0,0
2014-12-10,10:00:00,0.97,0.97194,0.96966,0.96972,0,0
2014-12-10,11:00:00,0.96978,0.97073,0.96928,0.9699,0,0
2014-12-10,12:00:00,0.96989,0.97142,0.96962,0.9711,0,0
2014-12-10,13:00:00,0.97104,0.97144,0.97036,0.97124,0,0
2014-12-10,14:00:00,0.97115,0.97196,0.97039,0.9712,0,0
2014-12-10,15:00:00,0.9712,0.97135,0.96955,0.9701,0,0
2014-12-10,16:00:00,0.9701,0.97076,0.96882,0.96896,0,0
2014-12-10,17:00:00,0.96897,0.96906,0.96699,0.96868,0,0
2014-12-10,18:00:00,0.96864,0.96897,0.96754,0.96776,0,0
2014-12-10,19:00:00,0.96775,0.96851,0.96703,0.96794,0,0
2014-12-10,20:00:00,0.96793,0.9681,0.96669,0.96676,0,0
2014-12-10,21:00:00,0.96676,0.96769,0.96667,0.96702,0,0
2014-12-10,22:00:00,0.96702,0.96827,0.96625,0.96667,0,0
2014-12-10,23:00:00,0.96667,0.96693,0.96614,0.96617,0,0
2014-12-10,23:59:00,0.96616,0.96671,0.96611,0.96652,0,0
2014-12-11,01:00:00,0.96656,0.96668,0.9637,0.96386,0,0
2014-12-11,02:00:00,0.96386,0.96456,0.96261,0.96347,0,0
2014-12-11,03:00:00,0.96345,0.96655,0.96339,0.9662,0,0
2014-12-11,04:00:00,0.96616,0.96616,0.96532,0.96598,0,0
2014-12-11,05:00:00,0.96602,0.96634,0.96557,0.96632,0,0
2014-12-11,06:00:00,0.96632,0.96675,0.96578,0.96667,0,0
2014-12-11,07:00:00,0.96669,0.96768,0.96651,0.96713,0,0
2014-12-11,08:00:00,0.96713,0.96737,0.96528,0.96555,0,0
2014-12-11,09:00:00,0.96555,0.96591,0.9634,0.9634,0,0
2014-12-11,10:00:00,0.96336,0.9658,0.96336,0.96538,0,0
2014-12-11,11:00:00,0.96544,0.96756,0.96494,0.96715,0,0
2014-12-11,12:00:00,0.96715,0.96768,0.9645,0.9645,0,0
2014-12-11,13:00:00,0.96465,0.96506,0.96372,0.96374,0,0
2014-12-11,14:00:00,0.9638,0.96595,0.96337,0.96595,0,0
2014-12-11,15:00:00,0.96592,0.9683,0.96542,0.96828,0,0
2014-12-11,16:00:00,0.96833,0.97046,0.96725,0.96909,0,0
2014-12-11,17:00:00,0.96911,0.97073,0.96877,0.96994,0,0
2014-12-11,18:00:00,0.97,0.97018,0.96792,0.96868,0,0
2014-12-11,19:00:00,0.96869,0.96987,0.96819,0.9698,0,0
2014-12-11,20:00:00,0.96982,0.97089,0.96933,0.97066,0,0
2014-12-11,21:00:00,0.97065,0.97086,0.96957,0.96964,0,0
2014-12-11,22:00:00,0.96963,0.97015,0.96913,0.96938,0,0
2014-12-11,23:00:00,0.96934,0.9694,0.96758,0.96763,0,0
2014-12-11,23:59:00,0.96774,0.96852,0.96765,0.96794,0,0
2014-12-12,01:00:00,0.96793,0.96924,0.96793,0.96909,0,0
2014-12-12,02:00:00,0.96909,0.96933,0.96827,0.96865,0,0
2014-12-12,03:00:00,0.96864,0.96918,0.96849,0.96886,0,0
2014-12-12,04:00:00,0.96886,0.9689,0.96811,0.96858,0,0
2014-12-12,05:00:00,0.96857,0.96908,0.96855,0.96886,0,0
2014-12-12,06:00:00,0.96886,0.96906,0.96833,0.96866,0,0
2014-12-12,07:00:00,0.9687,0.96915,0.96866,0.96887,0,0
2014-12-12,08:00:00,0.96885,0.96923,0.96848,0.96921,0,0
2014-12-12,09:00:00,0.96917,0.96972,0.96827,0.96851,0,0
2014-12-12,10:00:00,0.96847,0.96865,0.96616,0.96642,0,0
2014-12-12,11:00:00,0.9664,0.9664,0.96409,0.96621,0,0
2014-12-12,12:00:00,0.96623,0.96639,0.96527,0.96553,0,0
2014-12-12,13:00:00,0.96554,0.96611,0.96324,0.96385,0,0
2014-12-12,14:00:00,0.96391,0.96563,0.96387,0.96445,0,0
2014-12-12,15:00:00,0.96445,0.96498,0.96361,0.96381,0,0
2014-12-12,16:00:00,0.96385,0.96486,0.96234,0.96477,0,0
2014-12-12,17:00:00,0.96483,0.9657,0.96288,0.96324,0,0
2014-12-12,18:00:00,0.96346,0.96392,0.96175,0.96185,0,0
2014-12-12,19:00:00,0.96189,0.96389,0.96189,0.96389,0,0
2014-12-12,20:00:00,0.9639,0.96463,0.96348,0.96456,0,0
2014-12-12,21:00:00,0.96456,0.96456,0.96374,0.96438,0,0
2014-12-12,22:00:00,0.96439,0.96444,0.96385,0.96404,0,0
2014-12-12,23:00:00,0.96407,0.96422,0.96407,0.96415,0,0
2014-12-15,01:00:00,0.96269,0.96406,0.96253,0.96365,0,0
2014-12-15,02:00:00,0.96365,0.96428,0.96336,0.96412,0,0
2014-12-15,03:00:00,0.96412,0.96506,0.96387,0.96434,0,0
2014-12-15,04:00:00,0.96426,0.96469,0.96397,0.96469,0,0
2014-12-15,05:00:00,0.96468,0.96578,0.96451,0.96578,0,0
2014-12-15,06:00:00,0.96579,0.96582,0.96497,0.96534,0,0
2014-12-15,07:00:00,0.96539,0.96539,0.96499,0.96508,0,0
2014-12-15,08:00:00,0.96508,0.96537,0.96403,0.96418,0,0
2014-12-15,09:00:00,0.96417,0.96463,0.96274,0.96412,0,0
2014-12-15,10:00:00,0.96415,0.96593,0.96415,0.96528,0,0
2014-12-15,11:00:00,0.9653,0.96693,0.96515,0.96682,0,0
2014-12-15,12:00:00,0.96682,0.96716,0.96648,0.96697,0,0
2014-12-15,13:00:00,0.96702,0.96713,0.96591,0.96626,0,0
2014-12-15,14:00:00,0.96629,0.9665,0.96571,0.9665,0,0
2014-12-15,15:00:00,0.96648,0.96703,0.96532,0.96565,0,0
2014-12-15,16:00:00,0.96564,0.96631,0.96531,0.96608,0,0
2014-12-15,17:00:00,0.96605,0.96711,0.96504,0.96682,0,0
2014-12-15,18:00:00,0.96675,0.96721,0.96226,0.96291,0,0
2014-12-15,19:00:00,0.96313,0.96561,0.96265,0.96537,0,0
2014-12-15,20:00:00,0.96543,0.96609,0.96514,0.96551,0,0
2014-12-15,21:00:00,0.96551,0.96603,0.96504,0.96549,0,0
2014-12-15,22:00:00,0.96549,0.96558,0.96503,0.96555,0,0
2014-12-15,23:00:00,0.96557,0.96564,0.96531,0.96535,0,0
2014-12-15,23:59:00,0.96542,0.96561,0.9648,0.9648,0,0
2014-12-16,01:00:00,0.96474,0.96535,0.96471,0.96532,0,0
2014-12-16,02:00:00,0.96533,0.96538,0.96457,0.96495,0,0
2014-12-16,03:00:00,0.96506,0.96553,0.96485,0.9649,0,0
2014-12-16,04:00:00,0.96488,0.96515,0.96429,0.96439,0,0
2014-12-16,05:00:00,0.96439,0.96454,0.96336,0.96365,0,0
2014-12-16,06:00:00,0.96367,0.96418,0.96362,0.96412,0,0
2014-12-16,07:00:00,0.9642,0.9643,0.96327,0.96344,0,0
2014-12-16,08:00:00,0.96344,0.96516,0.96328,0.9648,0,0
2014-12-16,09:00:00,0.96476,0.96516,0.96337,0.96402,0,0
2014-12-16,10:00:00,0.96411,0.9648,0.96191,0.96198,0,0
2014-12-16,11:00:00,0.96193,0.96275,0.95904,0.95962,0,0
2014-12-16,12:00:00,0.95962,0.96168,0.9585,0.96113,0,0
2014-12-16,13:00:00,0.96109,0.96131,0.95671,0.95717,0,0
2014-12-16,14:00:00,0.95715,0.95803,0.95522,0.95643,0,0
2014-12-16,15:00:00,0.95673,0.95967,0.95635,0.95783,0,0
2014-12-16,16:00:00,0.95792,0.96,0.95792,0.95866,0,0
2014-12-16,17:00:00,0.95861,0.96088,0.95798,0.95984,0,0
2014-12-16,18:00:00,0.95982,0.96242,0.95894,0.96021,0,0
2014-12-16,19:00:00,0.96031,0.96049,0.95922,0.95975,0,0
2014-12-16,20:00:00,0.95984,0.96043,0.95913,0.96043,0,0
2014-12-16,21:00:00,0.9605,0.96203,0.96022,0.96165,0,0
2014-12-16,22:00:00,0.96165,0.96165,0.95926,0.95927,0,0
2014-12-16,23:00:00,0.95932,0.95987,0.95931,0.95972,0,0
2014-12-16,23:59:00,0.9597,0.95986,0.95947,0.9597,0,0
2014-12-17,01:00:00,0.95971,0.9603,0.95961,0.95972,0,0
2014-12-17,02:00:00,0.95973,0.96039,0.95947,0.96018,0,0
2014-12-17,03:00:00,0.96024,0.96024,0.95966,0.96012,0,0
2014-12-17,04:00:00,0.96013,0.96064,0.95932,0.96054,0,0
2014-12-17,05:00:00,0.96055,0.96135,0.96028,0.96109,0,0
2014-12-17,06:00:00,0.961,0.96155,0.96084,0.9612,0,0
2014-12-17,07:00:00,0.96122,0.96157,0.96119,0.96149,0,0
2014-12-17,08:00:00,0.96149,0.96248,0.96142,0.96232,0,0
2014-12-17,09:00:00,0.96233,0.96348,0.96078,0.96348,0,0
2014-12-17,10:00:00,0.96347,0.96398,0.96297,0.96308,0,0
2014-12-17,11:00:00,0.96305,0.96396,0.96266,0.96327,0,0
2014-12-17,12:00:00,0.96334,0.96468,0.96279,0.96441,0,0
2014-12-17,13:00:00,0.96442,0.96472,0.96363,0.96363,0,0
2014-12-17,14:00:00,0.96362,0.9643,0.96323,0.9643,0,0
2014-12-17,15:00:00,0.9643,0.96461,0.9623,0.96294,0,0
2014-12-17,16:00:00,0.96294,0.96457,0.96263,0.96447,0,0
2014-12-17,17:00:00,0.96445,0.96928,0.964,0.96873,0,0
2014-12-17,18:00:00,0.96871,0.96899,0.96694,0.96779,0,0
2014-12-17,19:00:00,0.96762,0.9681,0.96691,0.96743,0,0
2014-12-17,20:00:00,0.96727,0.96799,0.96671,0.96781,0,0
2014-12-17,21:00:00,0.96774,0.97429,0.96266,0.9742,0,0
2014-12-17,22:00:00,0.97425,0.97428,0.97038,0.97299,0,0
2014-12-17,23:00:00,0.97276,0.97329,0.97247,0.97286,0,0
2014-12-17,23:59:00,0.97287,0.97395,0.97245,0.97367,0,0
2014-12-18,01:00:00,0.97366,0.97376,0.97284,0.97327,0,0
2014-12-18,02:00:00,0.97327,0.97449,0.97303,0.97332,0,0
2014-12-18,03:00:00,0.9734,0.97352,0.97262,0.97315,0,0
2014-12-18,04:00:00,0.97313,0.97343,0.97242,0.9727,0,0
2014-12-18,05:00:00,0.97268,0.97278,0.97205,0.97254,0,0
2014-12-18,06:00:00,0.97254,0.97266,0.97242,0.97261,0,0
2014-12-18,07:00:00,0.97261,0.97291,0.97237,0.97274,0,0
2014-12-18,08:00:00,0.9727,0.97446,0.97266,0.97397,0,0
2014-12-18,09:00:00,0.97398,0.98461,0.97384,0.97931,0,0
2014-12-18,10:00:00,0.97931,0.98041,0.97583,0.97644,0,0
2014-12-18,11:00:00,0.9764,0.97909,0.97595,0.97827,0,0
2014-12-18,12:00:00,0.97832,0.97832,0.97574,0.9769,0,0
2014-12-18,13:00:00,0.97689,0.9779,0.97575,0.97766,0,0
2014-12-18,14:00:00,0.97772,0.98031,0.97767,0.98027,0,0
2014-12-18,15:00:00,0.98027,0.98191,0.97973,0.98148,0,0
2014-12-18,16:00:00,0.9814,0.98171,0.98015,0.98093,0,0
2014-12-18,17:00:00,0.98093,0.98112,0.97969,0.98026,0,0
2014-12-18,18:00:00,0.9804,0.98109,0.97875,0.97926,0,0
2014-12-18,19:00:00,0.97923,0.98088,0.97923,0.97984,0,0
2014-12-18,20:00:00,0.97983,0.98094,0.97949,0.98069,0,0
2014-12-18,21:00:00,0.9807,0.9807,0.97971,0.97996,0,0
2014-12-18,22:00:00,0.97997,0.98047,0.97947,0.97982,0,0
2014-12-18,23:00:00,0.97975,0.97984,0.97942,0.97965,0,0
2014-12-18,23:59:00,0.97973,0.97986,0.97948,0.97965,0,0
2014-12-19,01:00:00,0.97961,0.98013,0.97924,0.9797,0,0
2014-12-19,02:00:00,0.97975,0.9807,0.97975,0.98067,0,0
2014-12-19,03:00:00,0.98068,0.98068,0.97966,0.97966,0,0
2014-12-19,04:00:00,0.97965,0.9805,0.97958,0.98029,0,0
2014-12-19,05:00:00,0.9803,0.98137,0.9799,0.98126,0,0
2014-12-19,06:00:00,0.98122,0.98125,0.98086,0.9809,0,0
2014-12-19,07:00:00,0.98089,0.98097,0.98034,0.98054,0,0
2014-12-19,08:00:00,0.98054,0.98056,0.9796,0.9796,0,0
2014-12-19,09:00:00,0.9796,0.98,0.97883,0.97982,0,0
2014-12-19,10:00:00,0.9798,0.98117,0.97972,0.98036,0,0
2014-12-19,11:00:00,0.98036,0.9807,0.97953,0.98023,0,0
2014-12-19,12:00:00,0.98032,0.98155,0.97951,0.98153,0,0
2014-12-19,13:00:00,0.98151,0.98206,0.98039,0.98158,0,0
2014-12-19,14:00:00,0.98156,0.98177,0.98011,0.9805,0,0
2014-12-19,15:00:00,0.98053,0.98082,0.97834,0.97866,0,0
2014-12-19,16:00:00,0.97869,0.97976,0.97829,0.97936,0,0
2014-12-19,17:00:00,0.97945,0.9814,0.97945,0.98089,0,0
2014-12-19,18:00:00,0.98091,0.98375,0.98059,0.98289,0,0
2014-12-19,19:00:00,0.98289,0.98354,0.98236,0.9827,0,0
2014-12-19,20:00:00,0.98272,0.98377,0.98262,0.98376,0,0
2014-12-19,21:00:00,0.98377,0.98429,0.98334,0.98385,0,0
2014-12-19,22:00:00,0.98391,0.98427,0.98368,0.98417,0,0
2014-12-19,23:00:00,0.98417,0.98418,0.98415,0.98418,0,0
2014-12-22,01:00:00,0.9841,0.98465,0.984,0.98455,0,0
2014-12-22,02:00:00,0.98455,0.98455,0.9837,0.9841,0,0
2014-12-22,03:00:00,0.984,0.98435,0.9828,0.98407,0,0
2014-12-22,04:00:00,0.98407,0.98437,0.9825,0.9826,0,0
2014-12-22,05:00:00,0.9826,0.9838,0.9821,0.9824,0,0
2014-12-22,06:00:00,0.9823,0.9831,0.9822,0.98234,0,0
2014-12-22,07:00:00,0.98235,0.98344,0.98217,0.98279,0,0
2014-12-22,08:00:00,0.9827,0.98276,0.98192,0.9821,0,0
2014-12-22,09:00:00,0.98209,0.98235,0.98113,0.98118,0,0
2014-12-22,10:00:00,0.98119,0.98257,0.98103,0.98129,0,0
2014-12-22,11:00:00,0.98086,0.98173,0.98047,0.98104,0,0
2014-12-22,12:00:00,0.98099,0.98189,0.98095,0.98128,0,0
2014-12-22,13:00:00,0.98132,0.98162,0.98101,0.98156,0,0
2014-12-22,14:00:00,0.98155,0.98175,0.9808,0.98174,0,0
2014-12-22,15:00:00,0.98174,0.98227,0.98117,0.9816,0,0
2014-12-22,16:00:00,0.9816,0.98206,0.98136,0.98184,0,0
2014-12-22,17:00:00,0.98186,0.98227,0.98115,0.98131,0,0
2014-12-22,18:00:00,0.98099,0.98204,0.9807,0.98202,0,0
2014-12-22,19:00:00,0.98195,0.98279,0.98151,0.98202,0,0
2014-12-22,20:00:00,0.98202,0.98298,0.98178,0.98293,0,0
2014-12-22,21:00:00,0.98293,0.98469,0.98285,0.98469,0,0
2014-12-22,22:00:00,0.98469,0.9849,0.98385,0.98418,0,0
2014-12-22,23:00:00,0.98419,0.98437,0.98337,0.98366,0,0
2014-12-22,23:59:00,0.98366,0.9841,0.98363,0.98399,0,0
2014-12-23,01:00:00,0.984,0.98456,0.98392,0.98434,0,0
2014-12-23,02:00:00,0.98427,0.98447,0.98393,0.98403,0,0
2014-12-23,03:00:00,0.98395,0.98397,0.98346,0.98371,0,0
2014-12-23,04:00:00,0.98366,0.98392,0.98347,0.9837,0,0
2014-12-23,05:00:00,0.98366,0.98387,0.98324,0.98348,0,0
2014-12-23,06:00:00,0.98348,0.98378,0.98325,0.98341,0,0
2014-12-23,07:00:00,0.9834,0.98402,0.98335,0.9839,0,0
2014-12-23,08:00:00,0.98385,0.98402,0.98335,0.98345,0,0
2014-12-23,09:00:00,0.98345,0.98456,0.983,0.98433,0,0
2014-12-23,10:00:00,0.98442,0.98442,0.98251,0.98338,0,0
2014-12-23,11:00:00,0.98338,0.98374,0.98276,0.98309,0,0
2014-12-23,12:00:00,0.98296,0.98366,0.98291,0.98322,0,0
2014-12-23,13:00:00,0.98322,0.98417,0.9832,0.98369,0,0
2014-12-23,14:00:00,0.98369,0.98519,0.98344,0.98496,0,0
2014-12-23,15:00:00,0.98496,0.98719,0.98496,0.98683,0,0
2014-12-23,16:00:00,0.98683,0.9882,0.98669,0.98818,0,0
2014-12-23,17:00:00,0.98792,0.98856,0.98613,0.98723,0,0
2014-12-23,18:00:00,0.98724,0.98832,0.98714,0.98724,0,0
2014-12-23,19:00:00,0.98722,0.98773,0.98675,0.98765,0,0
2014-12-23,20:00:00,0.98765,0.98852,0.9876,0.98785,0,0
2014-12-23,21:00:00,0.98785,0.98823,0.98758,0.98764,0,0
2014-12-23,22:00:00,0.9874,0.98791,0.98724,0.98782,0,0
2014-12-23,23:00:00,0.98781,0.98832,0.98769,0.98769,0,0
2014-12-23,23:59:00,0.98769,0.9879,0.98747,0.98778,0,0
2014-12-24,01:00:00,0.98781,0.98792,0.98726,0.98759,0,0
2014-12-24,02:00:00,0.9875,0.98755,0.98671,0.98679,0,0
2014-12-24,03:00:00,0.9868,0.98728,0.9867,0.98728,0,0
2014-12-24,04:00:00,0.98728,0.98809,0.98725,0.98796,0,0
2014-12-24,05:00:00,0.98802,0.9881,0.98731,0.9875,0,0
2014-12-24,06:00:00,0.98749,0.9877,0.98694,0.98749,0,0
2014-12-24,07:00:00,0.98784,0.98784,0.98707,0.98719,0,0
2014-12-24,08:00:00,0.98717,0.98765,0.98714,0.98747,0,0
2014-12-24,09:00:00,0.98747,0.9875,0.98591,0.98641,0,0
2014-12-24,10:00:00,0.98639,0.98669,0.9855,0.98557,0,0
2014-12-24,11:00:00,0.98557,0.98577,0.98496,0.9852,0,0
2014-12-24,12:00:00,0.9852,0.98598,0.98496,0.98573,0,0
2014-12-24,13:00:00,0.9862,0.98637,0.98526,0.98562,0,0
2014-12-24,14:00:00,0.98563,0.98584,0.9851,0.98538,0,0
2014-12-24,15:00:00,0.98541,0.98551,0.98393,0.98529,0,0
2014-12-24,16:00:00,0.98529,0.98621,0.98524,0.98612,0,0
2014-12-24,17:00:00,0.98607,0.98668,0.98595,0.9864,0,0
2014-12-24,18:00:00,0.98644,0.98664,0.98576,0.98653,0,0
2014-12-24,19:00:00,0.98653,0.98667,0.98608,0.98638,0,0
2014-12-24,20:00:00,0.98638,0.9868,0.9854,0.9854,0,0
2014-12-24,21:00:00,0.9853,0.9867,0.9851,0.9853,0,0
2014-12-24,22:00:00,0.98649,0.9865,0.9852,0.98527,0,0
2014-12-24,23:00:00,0.98527,0.9858,0.98503,0.9858,0,0
2014-12-24,23:59:00,0.98553,0.98641,0.98504,0.98536,0,0
2014-12-26,01:00:00,0.9832,0.9851,0.9832,0.98487,0,0
2014-12-26,02:00:00,0.98485,0.98508,0.98436,0.98443,0,0
2014-12-26,03:00:00,0.98443,0.98451,0.98373,0.98387,0,0
2014-12-26,04:00:00,0.98394,0.9841,0.98381,0.98385,0,0
2014-12-26,05:00:00,0.98385,0.98403,0.98384,0.98388,0,0
2014-12-26,06:00:00,0.98386,0.9841,0.98369,0.98407,0,0
2014-12-26,07:00:00,0.98411,0.98432,0.98402,0.98425,0,0
2014-12-26,08:00:00,0.98422,0.9846,0.98401,0.98456,0,0
2014-12-26,09:00:00,0.98456,0.98481,0.98437,0.98472,0,0
2014-12-26,10:00:00,0.98472,0.98611,0.98472,0.98595,0,0
2014-12-26,11:00:00,0.98595,0.98631,0.98556,0.98588,0,0
2014-12-26,12:00:00,0.9859,0.98623,0.98585,0.98605,0,0
2014-12-26,13:00:00,0.98608,0.98647,0.98578,0.98605,0,0
2014-12-26,14:00:00,0.98605,0.98698,0.98592,0.98657,0,0
2014-12-26,15:00:00,0.98659,0.98786,0.98645,0.98735,0,0
2014-12-26,16:00:00,0.98735,0.98832,0.98725,0.98799,0,0
2014-12-26,17:00:00,0.98811,0.98817,0.98753,0.988,0,0
2014-12-26,18:00:00,0.98804,0.98815,0.98754,0.98768,0,0
2014-12-26,19:00:00,0.98766,0.98786,0.98752,0.98773,0,0
2014-12-26,20:00:00,0.98772,0.98794,0.98709,0.98723,0,0
2014-12-26,21:00:00,0.98722,0.98776,0.9872,0.98761,0,0
2014-12-26,22:00:00,0.98764,0.98776,0.98749,0.98761,0,0
2014-12-26,23:00:00,0.98761,0.98761,0.98756,0.98756,0,0
2014-12-29,01:00:00,0.98748,0.98834,0.98744,0.98824,0,0
2014-12-29,02:00:00,0.98819,0.98819,0.98699,0.98704,0,0
2014-12-29,03:00:00,0.98706,0.98727,0.98653,0.98725,0,0
2014-12-29,04:00:00,0.98717,0.98738,0.98668,0.98698,0,0
2014-12-29,05:00:00,0.98706,0.98721,0.98677,0.98713,0,0
2014-12-29,06:00:00,0.98713,0.98714,0.98606,0.98607,0,0
2014-12-29,07:00:00,0.98607,0.98651,0.98579,0.98627,0,0
2014-12-29,08:00:00,0.98628,0.98689,0.98617,0.98685,0,0
2014-12-29,09:00:00,0.98687,0.98806,0.98646,0.98735,0,0
2014-12-29,10:00:00,0.98754,0.98782,0.98705,0.98748,0,0
2014-12-29,11:00:00,0.98748,0.98751,0.98427,0.98552,0,0
2014-12-29,12:00:00,0.98502,0.9869,0.98476,0.98668,0,0
2014-12-29,13:00:00,0.98668,0.98705,0.98625,0.9867,0,0
2014-12-29,14:00:00,0.98665,0.9867,0.98567,0.98575,0,0
2014-12-29,15:00:00,0.98576,0.98645,0.985,0.98536,0,0
2014-12-29,16:00:00,0.98536,0.98685,0.98499,0.98671,0,0
2014-12-29,17:00:00,0.98672,0.98756,0.98643,0.98754,0,0
2014-12-29,18:00:00,0.98747,0.98775,0.98718,0.98757,0,0
2014-12-29,19:00:00,0.98781,0.98857,0.98781,0.98836,0,0
2014-12-29,20:00:00,0.98836,0.99072,0.98836,0.98962,0,0
2014-12-29,21:00:00,0.98962,0.98991,0.9894,0.9896,0,0
2014-12-29,22:00:00,0.9896,0.9899,0.98958,0.98967,0,0
2014-12-29,23:00:00,0.98967,0.99,0.98949,0.98959,0,0
2014-12-29,23:59:00,0.98959,0.98967,0.9892,0.98947,0,0
2014-12-30,01:00:00,0.98947,0.98997,0.98947,0.98971,0,0
2014-12-30,02:00:00,0.98965,0.98968,0.98922,0.98939,0,0
2014-12-30,03:00:00,0.98941,0.98997,0.98937,0.98996,0,0
2014-12-30,04:00:00,0.98997,0.9912,0.98996,0.99086,0,0
2014-12-30,05:00:00,0.99086,0.99131,0.9907,0.99076,0,0
2014-12-30,06:00:00,0.99076,0.99124,0.99071,0.99076,0,0
2014-12-30,07:00:00,0.99076,0.9912,0.99071,0.99113,0,0
2014-12-30,08:00:00,0.99117,0.99192,0.99108,0.99117,0,0
2014-12-30,09:00:00,0.99106,0.99167,0.98831,0.98887,0,0
2014-12-30,10:00:00,0.98887,0.98887,0.98684,0.98763,0,0
2014-12-30,11:00:00,0.9877,0.989,0.98756,0.9889,0,0
2014-12-30,12:00:00,0.98917,0.99015,0.98895,0.98955,0,0
2014-12-30,13:00:00,0.98954,0.98982,0.98853,0.98883,0,0
2014-12-30,14:00:00,0.98883,0.99,0.98883,0.98949,0,0
2014-12-30,15:00:00,0.98949,0.98986,0.98807,0.98812,0,0
2014-12-30,16:00:00,0.98812,0.98836,0.98743,0.98753,0,0
2014-12-30,17:00:00,0.98767,0.98897,0.98707,0.98833,0,0
2014-12-30,18:00:00,0.98853,0.98862,0.98774,0.98807,0,0
2014-12-30,19:00:00,0.98807,0.98906,0.98792,0.989,0,0
2014-12-30,20:00:00,0.989,0.98932,0.98851,0.98872,0,0
2014-12-30,21:00:00,0.98879,0.9894,0.98844,0.98929,0,0
2014-12-30,22:00:00,0.98929,0.98937,0.98892,0.98906,0,0
2014-12-30,23:00:00,0.98905,0.98905,0.9887,0.9887,0,0
2014-12-30,23:59:00,0.9887,0.98905,0.98846,0.98889,0,0
2014-12-31,01:00:00,0.98888,0.98898,0.98831,0.98856,0,0
2014-12-31,02:00:00,0.98856,0.98893,0.98853,0.98893,0,0
2014-12-31,03:00:00,0.98893,0.98895,0.988,0.98803,0,0
2014-12-31,04:00:00,0.98799,0.98853,0.98792,0.98851,0,0
2014-12-31,05:00:00,0.98851,0.98872,0.98826,0.98851,0,0
2014-12-31,06:00:00,0.98849,0.98916,0.98847,0.98914,0,0
2014-12-31,07:00:00,0.98914,0.98964,0.98904,0.9893,0,0
2014-12-31,08:00:00,0.9893,0.98959,0.98892,0.98951,0,0
2014-12-31,09:00:00,0.9898,0.99008,0.98915,0.98942,0,0
2014-12-31,10:00:00,0.98945,0.98997,0.98901,0.98963,0,0
2014-12-31,11:00:00,0.98952,0.99032,0.98916,0.98941,0,0
2014-12-31,12:00:00,0.9895,0.98961,0.98889,0.9892,0,0
2014-12-31,13:00:00,0.98914,0.98966,0.98896,0.98904,0,0
2014-12-31,14:00:00,0.98906,0.98997,0.98904,0.98978,0,0
2014-12-31,15:00:00,0.98977,0.99097,0.98966,0.99095,0,0
2014-12-31,16:00:00,0.99096,0.9925,0.99069,0.99132,0,0
2014-12-31,17:00:00,0.99132,0.99261,0.99087,0.9926,0,0
2014-12-31,18:00:00,0.99351,0.99383,0.99293,0.99351,0,0
2014-12-31,19:00:00,0.99353,0.99377,0.99296,0.99375,0,0
2014-12-31,20:00:00,0.99378,0.99383,0.99311,0.99364,0,0
2014-12-31,21:00:00,0.9938,0.9939,0.99344,0.99387,0,0
2014-12-31,22:00:00,0.99373,0.99429,0.99371,0.99396,0,0
2014-12-31,23:00:00,0.99399,0.9942,0.9935,0.9941,0,0
2014-12-31,23:59:00,0.9941,0.9944,0.99375,0.99415,0,0
2015-01-02,01:00:00,0.99346,0.99518,0.99341,0.99447,0,0
2015-01-02,02:00:00,0.99452,0.99614,0.99446,0.99606,0,0
2015-01-02,03:00:00,0.99608,0.99772,0.99579,0.99659,0,0
2015-01-02,04:00:00,0.99659,0.99797,0.99648,0.99712,0,0
2015-01-02,05:00:00,0.99722,0.99744,0.99691,0.99731,0,0
2015-01-02,06:00:00,0.99746,0.99789,0.99694,0.99751,0,0
2015-01-02,07:00:00,0.99751,0.998,0.99719,0.99749,0,0
2015-01-02,08:00:00,0.99763,0.99782,0.99702,0.99738,0,0
2015-01-02,09:00:00,0.99738,0.99913,0.99695,0.99726,0,0
2015-01-02,10:00:00,0.99707,0.99808,0.99609,0.99774,0,0
2015-01-02,11:00:00,0.99808,0.99848,0.99671,0.99691,0,0
2015-01-02,12:00:00,0.99691,0.99815,0.99691,0.99743,0,0
2015-01-02,13:00:00,0.99739,0.99793,0.99686,0.99719,0,0
2015-01-02,14:00:00,0.99719,0.99875,0.99719,0.99851,0,0
2015-01-02,15:00:00,0.99851,0.99956,0.99801,0.99902,0,0
2015-01-02,16:00:00,0.99902,1.00079,0.99883,1.00047,0,0
2015-01-02,17:00:00,1.00047,1.00059,0.99891,0.99893,0,0
2015-01-02,18:00:00,0.99897,1.00089,0.99888,1.00046,0,0
2015-01-02,19:00:00,1.00042,1.00111,1.00023,1.00082,0,0
2015-01-02,20:00:00,1.00072,1.0009,1.0003,1.00074,0,0
2015-01-02,21:00:00,1.00071,1.0011,1.00059,1.00102,0,0
2015-01-02,22:00:00,1.00102,1.00137,1.00082,1.0012,0,0
2015-01-02,23:00:00,1.0012,1.00125,1.0012,1.00125,0,0
2015-01-05,01:00:00,1.00617,1.00751,1.00546,1.00573,0,0
2015-01-05,02:00:00,1.00573,1.00573,1.00335,1.00441,0,0
2015-01-05,03:00:00,1.0044,1.00534,1.00348,1.00501,0,0
2015-01-05,04:00:00,1.00495,1.00504,1.00413,1.00494,0,0
2015-01-05,05:00:00,1.00501,1.00597,1.00496,1.00596,0,0
2015-01-05,06:00:00,1.00648,1.00675,1.00601,1.00637,0,0
2015-01-05,07:00:00,1.0064,1.00768,1.00608,1.00679,0,0
2015-01-05,08:00:00,1.00701,1.00723,1.00565,1.00568,0,0
2015-01-05,09:00:00,1.00568,1.00608,1.00443,1.00498,0,0
2015-01-05,10:00:00,1.00497,1.00533,1.0035,1.00502,0,0
2015-01-05,11:00:00,1.00502,1.00601,1.00451,1.00503,0,0
2015-01-05,12:00:00,1.00505,1.0084,1.00484,1.00793,0,0
2015-01-05,13:00:00,1.00795,1.00977,1.00772,1.00947,0,0
2015-01-05,14:00:00,1.00947,1.01077,1.00789,1.00982,0,0
2015-01-05,15:00:00,1.01009,1.0103,1.00717,1.00849,0,0
2015-01-05,16:00:00,1.00849,1.00877,1.00655,1.00672,0,0
2015-01-05,17:00:00,1.00659,1.00803,1.00606,1.00635,0,0
2015-01-05,18:00:00,1.00638,1.00815,1.00613,1.00785,0,0
2015-01-05,19:00:00,1.0079,1.00842,1.00735,1.00753,0,0
2015-01-05,20:00:00,1.00771,1.0084,1.00655,1.00655,0,0
2015-01-05,21:00:00,1.00659,1.00667,1.00605,1.0063,0,0
2015-01-05,22:00:00,1.0063,1.00647,1.00539,1.00647,0,0
2015-01-05,23:00:00,1.00644,1.00685,1.0062,1.00684,0,0
2015-01-05,23:59:00,1.0068,1.00724,1.00665,1.00682,0,0
2015-01-06,01:00:00,1.00679,1.00691,1.0061,1.00635,0,0
2015-01-06,02:00:00,1.00639,1.00664,1.00596,1.00596,0,0
2015-01-06,03:00:00,1.00597,1.00653,1.00561,1.0061,0,0
2015-01-06,04:00:00,1.0061,1.00614,1.00498,1.00563,0,0
2015-01-06,05:00:00,1.00563,1.00614,1.00541,1.00597,0,0
2015-01-06,06:00:00,1.00597,1.00608,1.00545,1.00552,0,0
2015-01-06,07:00:00,1.0056,1.00571,1.00489,1.00495,0,0
2015-01-06,08:00:00,1.00487,1.00528,1.00408,1.00478,0,0
2015-01-06,09:00:00,1.0048,1.00592,1.00469,1.00588,0,0
2015-01-06,10:00:00,1.00586,1.00753,1.00499,1.00567,0,0
2015-01-06,11:00:00,1.00585,1.00908,1.00576,1.00891,0,0
2015-01-06,12:00:00,1.00877,1.00994,1.00831,1.00972,0,0
2015-01-06,13:00:00,1.00971,1.01052,1.00794,1.01018,0,0
2015-01-06,14:00:00,1.01036,1.01085,1.00863,1.00875,0,0
2015-01-06,15:00:00,1.00885,1.00965,1.00817,1.00879,0,0
2015-01-06,16:00:00,1.00877,1.01047,1.00867,1.00878,0,0
2015-01-06,17:00:00,1.00767,1.00862,1.0066,1.00759,0,0
2015-01-06,18:00:00,1.00763,1.00787,1.0058,1.00605,0,0
2015-01-06,19:00:00,1.00619,1.0074,1.00429,1.0074,0,0
2015-01-06,20:00:00,1.0074,1.0074,1.00633,1.00634,0,0
2015-01-06,21:00:00,1.00635,1.00779,1.00611,1.00774,0,0
2015-01-06,22:00:00,1.00812,1.01017,1.00802,1.00926,0,0
2015-01-06,23:00:00,1.00927,1.01024,1.00924,1.00997,0,0
2015-01-06,23:59:00,1.01004,1.01282,1.00997,1.01159,0,0
2015-01-07,01:00:00,1.01132,1.01182,1.01096,1.01151,0,0
2015-01-07,02:00:00,1.01151,1.01231,1.01083,1.01179,0,0
2015-01-07,03:00:00,1.01179,1.01195,1.01092,1.01115,0,0
2015-01-07,04:00:00,1.01115,1.01184,1.01108,1.01179,0,0
2015-01-07,05:00:00,1.01179,1.01202,1.01109,1.01123,0,0
2015-01-07,06:00:00,1.01122,1.0116,1.01106,1.01129,0,0
2015-01-07,07:00:00,1.01129,1.0114,1.01094,1.01112,0,0
2015-01-07,08:00:00,1.01109,1.01301,1.01096,1.01199,0,0
2015-01-07,09:00:00,1.01197,1.01226,1.00999,1.01024,0,0
2015-01-07,10:00:00,1.01001,1.01245,1.00942,1.01183,0,0
2015-01-07,11:00:00,1.01177,1.01319,1.01088,1.01303,0,0
2015-01-07,12:00:00,1.01304,1.01409,1.0112,1.01391,0,0
2015-01-07,13:00:00,1.01356,1.01597,1.01298,1.01573,0,0
2015-01-07,14:00:00,1.01567,1.0157,1.01385,1.01467,0,0
2015-01-07,15:00:00,1.01467,1.01607,1.01452,1.01511,0,0
2015-01-07,16:00:00,1.01511,1.01693,1.01504,1.01581,0,0
2015-01-07,17:00:00,1.01606,1.0175,1.01509,1.0175,0,0
2015-01-07,18:00:00,1.0175,1.0175,1.01541,1.01597,0,0
2015-01-07,19:00:00,1.01609,1.0162,1.01468,1.01519,0,0
2015-01-07,20:00:00,1.01518,1.01536,1.0145,1.01459,0,0
2015-01-07,21:00:00,1.01455,1.01687,1.01264,1.01319,0,0
2015-01-07,22:00:00,1.01367,1.01496,1.01338,1.01481,0,0
2015-01-07,23:00:00,1.0148,1.0148,1.01406,1.01418,0,0
2015-01-07,23:59:00,1.01423,1.01476,1.01405,1.01476,0,0
2015-01-08,01:00:00,1.01476,1.01498,1.01447,1.01483,0,0
2015-01-08,02:00:00,1.0148,1.01492,1.01362,1.0145,0,0
2015-01-08,03:00:00,1.01437,1.0155,1.01419,1.01549,0,0
2015-01-08,04:00:00,1.01549,1.01607,1.01541,1.01603,0,0
2015-01-08,05:00:00,1.01603,1.01624,1.0151,1.01542,0,0
2015-01-08,06:00:00,1.01542,1.01594,1.01524,1.01585,0,0
2015-01-08,07:00:00,1.01591,1.01647,1.01562,1.01614,0,0
2015-01-08,08:00:00,1.01614,1.01643,1.01583,1.01614,0,0
2015-01-08,09:00:00,1.01626,1.0175,1.01593,1.01596,0,0
2015-01-08,10:00:00,1.01599,1.01757,1.01589,1.0175,0,0
2015-01-08,11:00:00,1.01807,1.01926,1.01705,1.01914,0,0
2015-01-08,12:00:00,1.0189,1.02088,1.0189,1.02002,0,0
2015-01-08,13:00:00,1.02038,1.02089,1.01986,1.02046,0,0
2015-01-08,14:00:00,1.02027,1.02163,1.01948,1.01949,0,0
2015-01-08,15:00:00,1.01981,1.02103,1.01866,1.01875,0,0
2015-01-08,16:00:00,1.0188,1.0194,1.01774,1.01786,0,0
2015-01-08,17:00:00,1.01786,1.01996,1.01779,1.01854,0,0
2015-01-08,18:00:00,1.01856,1.01865,1.01655,1.01676,0,0
2015-01-08,19:00:00,1.01692,1.01742,1.0162,1.01637,0,0
2015-01-08,20:00:00,1.01631,1.01811,1.01631,1.01776,0,0
2015-01-08,21:00:00,1.01773,1.01946,1.01773,1.01915,0,0
2015-01-08,22:00:00,1.01908,1.01921,1.01851,1.01878,0,0
2015-01-08,23:00:00,1.01878,1.01878,1.01801,1.01826,0,0
2015-01-08,23:59:00,1.0182,1.01888,1.01812,1.0186,0,0
2015-01-09,01:00:00,1.01863,1.01887,1.01828,1.01839,0,0
2015-01-09,02:00:00,1.0184,1.01858,1.01798,1.01803,0,0
2015-01-09,03:00:00,1.01803,1.01812,1.01683,1.0176,0,0
2015-01-09,04:00:00,1.0176,1.01779,1.017,1.01722,0,0
2015-01-09,05:00:00,1.01722,1.0177,1.01705,1.01748,0,0
2015-01-09,06:00:00,1.01738,1.01744,1.01671,1.01729,0,0
2015-01-09,07:00:00,1.01729,1.01729,1.01648,1.01692,0,0
2015-01-09,08:00:00,1.01699,1.01833,1.01695,1.01827,0,0
2015-01-09,09:00:00,1.01834,1.01901,1.01787,1.01832,0,0
2015-01-09,10:00:00,1.01832,1.01832,1.01705,1.01728,0,0
2015-01-09,11:00:00,1.01736,1.01792,1.01619,1.01638,0,0
2015-01-09,12:00:00,1.01637,1.01719,1.01603,1.01654,0,0
2015-01-09,13:00:00,1.01658,1.01696,1.01601,1.01683,0,0
2015-01-09,14:00:00,1.01681,1.01688,1.0161,1.0162,0,0
2015-01-09,15:00:00,1.0162,1.02084,1.01495,1.01874,0,0
2015-01-09,16:00:00,1.01874,1.01998,1.01796,1.01909,0,0
2015-01-09,17:00:00,1.01874,1.01897,1.01436,1.01484,0,0
2015-01-09,18:00:00,1.01484,1.01993,1.01377,1.01516,0,0
2015-01-09,19:00:00,1.01515,1.01515,1.014,1.015,0,0
2015-01-09,20:00:00,1.01474,1.01479,1.014,1.01433,0,0
2015-01-09,21:00:00,1.0144,1.01502,1.0138,1.01411,0,0
2015-01-09,22:00:00,1.01409,1.01454,1.01393,1.014,0,0
