Date,Time,Open,High,Low,Close,Volume,OpenInt
2014-10-13,01:00:00,1.11993,1.12021,1.11923,1.1194,0,0
2014-10-13,02:00:00,1.11946,1.11963,1.11858,1.11867,0,0
2014-10-13,03:00:00,1.11869,1.12014,1.11856,1.11904,0,0
2014-10-13,04:00:00,1.11904,1.12001,1.11812,1.11994,0,0
2014-10-13,05:00:00,1.11994,1.12007,1.11821,1.12004,0,0
2014-10-13,06:00:00,1.12004,1.12044,1.1195,1.11952,0,0
2014-10-13,07:00:00,1.11952,1.12018,1.11934,1.11987,0,0
2014-10-13,08:00:00,1.11987,1.12044,1.11953,1.11993,0,0
2014-10-13,09:00:00,1.11994,1.12105,1.11951,1.12096,0,0
2014-10-13,10:00:00,1.12105,1.12186,1.12104,1.12121,0,0
2014-10-13,11:00:00,1.12121,1.12146,1.12014,1.12022,0,0
2014-10-13,12:00:00,1.12022,1.12091,1.12004,1.12015,0,0
2014-10-13,13:00:00,1.12016,1.12032,1.11934,1.12008,0,0
2014-10-13,14:00:00,1.12008,1.12069,1.11941,1.12067,0,0
2014-10-13,15:00:00,1.12068,1.12135,1.1206,1.12078,0,0
2014-10-13,16:00:00,1.12079,1.12095,1.11866,1.11966,0,0
2014-10-13,17:00:00,1.11965,1.12121,1.11941,1.12112,0,0
2014-10-13,18:00:00,1.12105,1.12148,1.11862,1.11934,0,0
2014-10-13,19:00:00,1.11934,1.12096,1.11932,1.12047,0,0
2014-10-13,20:00:00,1.12047,1.12059,1.11883,1.11905,0,0
2014-10-13,21:00:00,1.11905,1.12024,1.11899,1.12022,0,0
2014-10-13,22:00:00,1.12021,1.12049,1.11958,1.12046,0,0
2014-10-13,23:00:00,1.12046,1.12049,1.1184,1.11971,0,0
2014-10-13,23:59:00,1.11971,1.1199,1.11892,1.11903,0,0
2014-10-14,01:00:00,1.11907,1.11943,1.11888,1.11939,0,0
2014-10-14,02:00:00,1.11939,1.12064,1.11933,1.12064,0,0
2014-10-14,03:00:00,1.12056,1.12137,1.12053,1.12074,0,0
2014-10-14,04:00:00,1.12073,1.12097,1.11957,1.11966,0,0
2014-10-14,05:00:00,1.11966,1.11986,1.11915,1.11964,0,0
2014-10-14,06:00:00,1.11966,1.12074,1.1196,1.12064,0,0
2014-10-14,07:00:00,1.12064,1.12099,1.12042,1.1206,0,0
2014-10-14,08:00:00,1.1206,1.12115,1.11998,1.12113,0,0
2014-10-14,09:00:00,1.12114,1.1227,1.12084,1.12263,0,0
2014-10-14,10:00:00,1.12262,1.12414,1.12255,1.1235,0,0
2014-10-14,11:00:00,1.1235,1.12485,1.12348,1.12446,0,0
2014-10-14,12:00:00,1.12446,1.12532,1.12427,1.1248,0,0
2014-10-14,13:00:00,1.1248,1.12576,1.12458,1.12464,0,0
2014-10-14,14:00:00,1.12463,1.12536,1.12411,1.12515,0,0
2014-10-14,15:00:00,1.12515,1.12526,1.12244,1.12246,0,0
2014-10-14,16:00:00,1.12246,1.12335,1.1223,1.12324,0,0
2014-10-14,17:00:00,1.12326,1.12357,1.12164,1.12314,0,0
2014-10-14,18:00:00,1.12315,1.12379,1.12277,1.12352,0,0
2014-10-14,19:00:00,1.12348,1.12518,1.12324,1.12516,0,0
2014-10-14,20:00:00,1.12516,1.12734,1.12503,1.12719,0,0
2014-10-14,21:00:00,1.12719,1.12949,1.12682,1.12904,0,0
2014-10-14,22:00:00,1.12904,1.13124,1.12902,1.13049,0,0
2014-10-14,23:00:00,1.13049,1.13057,1.12926,1.12955,0,0
2014-10-14,23:59:00,1.12955,1.12958,1.12879,1.12933,0,0
2014-10-15,01:00:00,1.12933,1.13032,1.12921,1.13011,0,0
2014-10-15,02:00:00,1.13012,1.13171,1.13007,1.13154,0,0
2014-10-15,03:00:00,1.13152,1.1328,1.1312,1.1328,0,0
2014-10-15,04:00:00,1.1328,1.1343,1.13232,1.13276,0,0
2014-10-15,05:00:00,1.13276,1.13343,1.13243,1.13269,0,0
2014-10-15,06:00:00,1.13269,1.13295,1.13238,1.1327,0,0
2014-10-15,07:00:00,1.13271,1.1334,1.13222,1.13319,0,0
2014-10-15,08:00:00,1.13319,1.13332,1.13228,1.13283,0,0
2014-10-15,09:00:00,1.13283,1.13352,1.13234,1.1332,0,0
2014-10-15,10:00:00,1.13321,1.13511,1.13299,1.13507,0,0
2014-10-15,11:00:00,1.13507,1.13735,1.13507,1.13597,0,0
2014-10-15,12:00:00,1.13593,1.13719,1.13593,1.13603,0,0
2014-10-15,13:00:00,1.13604,1.13693,1.13526,1.13658,0,0
2014-10-15,14:00:00,1.13658,1.1384,1.13635,1.13714,0,0
2014-10-15,15:00:00,1.13713,1.13845,1.1322,1.13359,0,0
2014-10-15,16:00:00,1.13355,1.13381,1.12259,1.12697,0,0
2014-10-15,17:00:00,1.12694,1.13314,1.12617,1.13258,0,0
2014-10-15,18:00:00,1.13261,1.13267,1.12874,1.12883,0,0
2014-10-15,19:00:00,1.12883,1.12979,1.1273,1.12854,0,0
2014-10-15,20:00:00,1.12854,1.1321,1.12811,1.13093,0,0
2014-10-15,21:00:00,1.13089,1.13187,1.12814,1.12855,0,0
2014-10-15,22:00:00,1.12861,1.12881,1.12529,1.12577,0,0
2014-10-15,23:00:00,1.1257,1.12643,1.12322,1.12532,0,0
2014-10-15,23:59:00,1.12531,1.12654,1.12405,1.12645,0,0
2014-10-16,01:00:00,1.12622,1.12689,1.12607,1.12647,0,0
2014-10-16,02:00:00,1.12647,1.12732,1.12631,1.12653,0,0
2014-10-16,03:00:00,1.12653,1.12685,1.12443,1.12489,0,0
2014-10-16,04:00:00,1.12489,1.12594,1.12459,1.1251,0,0
2014-10-16,05:00:00,1.12507,1.12629,1.12499,1.12591,0,0
2014-10-16,06:00:00,1.12591,1.1267,1.12564,1.12632,0,0
2014-10-16,07:00:00,1.12629,1.12684,1.12601,1.12652,0,0
2014-10-16,08:00:00,1.12652,1.12691,1.12616,1.12691,0,0
2014-10-16,09:00:00,1.12691,1.12823,1.12651,1.12765,0,0
2014-10-16,10:00:00,1.12764,1.12897,1.1264,1.1271,0,0
2014-10-16,11:00:00,1.1271,1.13014,1.12653,1.13,0,0
2014-10-16,12:00:00,1.13,1.13389,1.12974,1.13386,0,0
2014-10-16,13:00:00,1.13393,1.13603,1.13314,1.13346,0,0
2014-10-16,14:00:00,1.13347,1.13479,1.13248,1.13293,0,0
2014-10-16,15:00:00,1.13293,1.13458,1.13173,1.13345,0,0
2014-10-16,16:00:00,1.13344,1.1337,1.12963,1.12985,0,0
2014-10-16,17:00:00,1.12983,1.13154,1.12664,1.12762,0,0
2014-10-16,18:00:00,1.12754,1.12925,1.12574,1.12646,0,0
2014-10-16,19:00:00,1.12646,1.12728,1.12505,1.12514,0,0
2014-10-16,20:00:00,1.12515,1.12583,1.1226,1.12568,0,0
2014-10-16,21:00:00,1.12568,1.12583,1.12421,1.12522,0,0
2014-10-16,22:00:00,1.12519,1.12567,1.12425,1.12463,0,0
2014-10-16,23:00:00,1.12463,1.12571,1.12451,1.12566,0,0
2014-10-16,23:59:00,1.12575,1.12654,1.12512,1.12628,0,0
2014-10-17,01:00:00,1.12616,1.12702,1.12577,1.1259,0,0
2014-10-17,02:00:00,1.1259,1.12636,1.12521,1.12604,0,0
2014-10-17,03:00:00,1.12604,1.12607,1.12499,1.12519,0,0
2014-10-17,04:00:00,1.12515,1.12519,1.1243,1.12434,0,0
2014-10-17,05:00:00,1.12434,1.12556,1.12424,1.12526,0,0
2014-10-17,06:00:00,1.12529,1.12642,1.12515,1.12635,0,0
2014-10-17,07:00:00,1.12635,1.12656,1.12528,1.12581,0,0
2014-10-17,08:00:00,1.12582,1.12618,1.12494,1.12544,0,0
2014-10-17,09:00:00,1.12545,1.12632,1.12519,1.12532,0,0
2014-10-17,10:00:00,1.12531,1.12557,1.1235,1.12403,0,0
2014-10-17,11:00:00,1.12403,1.12521,1.12355,1.12356,0,0
2014-10-17,12:00:00,1.12356,1.12457,1.12313,1.12398,0,0
2014-10-17,13:00:00,1.12396,1.12396,1.12278,1.12348,0,0
2014-10-17,14:00:00,1.12348,1.12405,1.12222,1.12278,0,0
2014-10-17,15:00:00,1.12278,1.12505,1.121,1.12326,0,0
2014-10-17,16:00:00,1.12326,1.12542,1.12242,1.1248,0,0
2014-10-17,17:00:00,1.1248,1.12511,1.12144,1.12418,0,0
2014-10-17,18:00:00,1.12414,1.12531,1.12324,1.12468,0,0
2014-10-17,19:00:00,1.12468,1.12604,1.12436,1.12488,0,0
2014-10-17,20:00:00,1.12507,1.12634,1.12477,1.12615,0,0
2014-10-17,21:00:00,1.12615,1.12761,1.12615,1.12693,0,0
2014-10-17,22:00:00,1.12694,1.12786,1.12664,1.12765,0,0
2014-10-17,23:00:00,1.12764,1.12764,1.12764,1.12764,0,0
2014-10-20,01:00:00,1.12805,1.12924,1.12779,1.12898,0,0
2014-10-20,02:00:00,1.12899,1.12901,1.12861,1.1289,0,0
2014-10-20,03:00:00,1.12893,1.12897,1.12764,1.12781,0,0
2014-10-20,04:00:00,1.12781,1.1279,1.12632,1.12646,0,0
2014-10-20,05:00:00,1.12646,1.12713,1.12609,1.12644,0,0
2014-10-20,06:00:00,1.12643,1.12664,1.12614,1.12664,0,0
2014-10-20,07:00:00,1.12664,1.12761,1.12654,1.12701,0,0
2014-10-20,08:00:00,1.12701,1.12738,1.12692,1.12711,0,0
2014-10-20,09:00:00,1.12708,1.12737,1.1263,1.12707,0,0
2014-10-20,10:00:00,1.1271,1.12711,1.1254,1.12623,0,0
2014-10-20,11:00:00,1.12623,1.12743,1.12556,1.12733,0,0
2014-10-20,12:00:00,1.12733,1.12777,1.12629,1.12644,0,0
2014-10-20,13:00:00,1.12644,1.12657,1.12505,1.12619,0,0
2014-10-20,14:00:00,1.1262,1.12698,1.12554,1.12661,0,0
2014-10-20,15:00:00,1.12661,1.12661,1.12479,1.12623,0,0
2014-10-20,16:00:00,1.12623,1.12781,1.12603,1.12753,0,0
2014-10-20,17:00:00,1.12755,1.12802,1.12592,1.12707,0,0
2014-10-20,18:00:00,1.12707,1.12788,1.12701,1.12754,0,0
2014-10-20,19:00:00,1.12754,1.12873,1.12733,1.12766,0,0
2014-10-20,20:00:00,1.12767,1.12866,1.12759,1.12814,0,0
2014-10-20,21:00:00,1.12815,1.12833,1.12772,1.12831,0,0
2014-10-20,22:00:00,1.12831,1.12844,1.1274,1.12834,0,0
2014-10-20,23:00:00,1.12829,1.12851,1.12807,1.12819,0,0
2014-10-20,23:59:00,1.12823,1.12891,1.12806,1.12883,0,0
2014-10-21,01:00:00,1.12888,1.12889,1.12842,1.12868,0,0
2014-10-21,02:00:00,1.12868,1.12947,1.12861,1.12942,0,0
2014-10-21,03:00:00,1.12944,1.12951,1.12849,1.12867,0,0
2014-10-21,04:00:00,1.12867,1.12931,1.1285,1.129,0,0
2014-10-21,05:00:00,1.12903,1.12903,1.12783,1.12796,0,0
2014-10-21,06:00:00,1.12794,1.12846,1.12767,1.12772,0,0
2014-10-21,07:00:00,1.12769,1.12772,1.12569,1.12618,0,0
2014-10-21,08:00:00,1.12618,1.12698,1.12585,1.12646,0,0
2014-10-21,09:00:00,1.12647,1.12661,1.12527,1.12589,0,0
2014-10-21,10:00:00,1.12589,1.12612,1.12455,1.12465,0,0
2014-10-21,11:00:00,1.12469,1.12599,1.1243,1.12544,0,0
2014-10-21,12:00:00,1.1254,1.1259,1.12443,1.12508,0,0
2014-10-21,13:00:00,1.1251,1.12562,1.12453,1.12561,0,0
2014-10-21,14:00:00,1.12561,1.12578,1.12482,1.12502,0,0
2014-10-21,15:00:00,1.12496,1.12508,1.12162,1.12168,0,0
2014-10-21,16:00:00,1.12168,1.12318,1.12029,1.12282,0,0
2014-10-21,17:00:00,1.12282,1.12387,1.12216,1.1224,0,0
2014-10-21,18:00:00,1.1223,1.12319,1.12118,1.12188,0,0
2014-10-21,19:00:00,1.12188,1.12188,1.12023,1.12155,0,0
2014-10-21,20:00:00,1.12155,1.12221,1.12143,1.12213,0,0
2014-10-21,21:00:00,1.12214,1.12322,1.12214,1.12265,0,0
2014-10-21,22:00:00,1.12267,1.12274,1.12196,1.12263,0,0
2014-10-21,23:00:00,1.12266,1.12285,1.12188,1.12194,0,0
2014-10-21,23:59:00,1.12195,1.12255,1.12188,1.12249,0,0
2014-10-22,01:00:00,1.12246,1.1229,1.12228,1.12271,0,0
2014-10-22,02:00:00,1.12275,1.1229,1.12268,1.12287,0,0
2014-10-22,03:00:00,1.12286,1.12307,1.12201,1.12224,0,0
2014-10-22,04:00:00,1.12224,1.12238,1.12177,1.12213,0,0
2014-10-22,05:00:00,1.12213,1.1224,1.12165,1.12184,0,0
2014-10-22,06:00:00,1.12184,1.12196,1.12144,1.12176,0,0
2014-10-22,07:00:00,1.12181,1.12194,1.12162,1.12184,0,0
2014-10-22,08:00:00,1.12184,1.12228,1.12181,1.12205,0,0
2014-10-22,09:00:00,1.12206,1.12232,1.12144,1.1215,0,0
2014-10-22,10:00:00,1.1215,1.12331,1.12144,1.12317,0,0
2014-10-22,11:00:00,1.12318,1.12394,1.12296,1.12305,0,0
2014-10-22,12:00:00,1.12305,1.12382,1.12295,1.12357,0,0
2014-10-22,13:00:00,1.12357,1.12434,1.12339,1.12366,0,0
2014-10-22,14:00:00,1.12366,1.12367,1.12216,1.12253,0,0
2014-10-22,15:00:00,1.12253,1.12784,1.12174,1.12775,0,0
2014-10-22,16:00:00,1.12771,1.12874,1.12666,1.1286,0,0
2014-10-22,17:00:00,1.1286,1.12902,1.11832,1.1208,0,0
2014-10-22,18:00:00,1.12081,1.1223,1.12017,1.12177,0,0
2014-10-22,19:00:00,1.12177,1.12225,1.12038,1.12085,0,0
2014-10-22,20:00:00,1.12086,1.12196,1.12034,1.12156,0,0
2014-10-22,21:00:00,1.12155,1.12416,1.12152,1.12351,0,0
2014-10-22,22:00:00,1.12351,1.12424,1.12314,1.12418,0,0
2014-10-22,23:00:00,1.12416,1.12459,1.12298,1.12306,0,0
2014-10-22,23:59:00,1.12326,1.1242,1.12249,1.12397,0,0
2014-10-23,01:00:00,1.12397,1.12418,1.12348,1.12367,0,0
2014-10-23,02:00:00,1.12368,1.12542,1.12362,1.12516,0,0
2014-10-23,03:00:00,1.12516,1.12615,1.12474,1.12582,0,0
2014-10-23,04:00:00,1.12586,1.12592,1.12435,1.1254,0,0
2014-10-23,05:00:00,1.1254,1.12575,1.12449,1.12569,0,0
2014-10-23,06:00:00,1.12568,1.12572,1.12499,1.12546,0,0
2014-10-23,07:00:00,1.12546,1.12571,1.12516,1.12516,0,0
2014-10-23,08:00:00,1.12514,1.12568,1.12494,1.12519,0,0
2014-10-23,09:00:00,1.12517,1.12611,1.12489,1.12597,0,0
2014-10-23,10:00:00,1.12595,1.1263,1.12364,1.1243,0,0
2014-10-23,11:00:00,1.1243,1.12531,1.12378,1.12511,0,0
2014-10-23,12:00:00,1.12513,1.12534,1.12314,1.12363,0,0
2014-10-23,13:00:00,1.12363,1.1247,1.1235,1.12454,0,0
2014-10-23,14:00:00,1.12453,1.12471,1.12155,1.12155,0,0
2014-10-23,15:00:00,1.1215,1.12424,1.12065,1.12417,0,0
2014-10-23,16:00:00,1.12414,1.1253,1.12317,1.12374,0,0
2014-10-23,17:00:00,1.12383,1.12491,1.12348,1.12464,0,0
2014-10-23,18:00:00,1.12455,1.12554,1.12319,1.12358,0,0
2014-10-23,19:00:00,1.12358,1.12361,1.12221,1.1231,0,0
2014-10-23,20:00:00,1.1231,1.12379,1.12297,1.12364,0,0
2014-10-23,21:00:00,1.12365,1.12393,1.12332,1.12336,0,0
2014-10-23,22:00:00,1.12336,1.12346,1.12255,1.12327,0,0
2014-10-23,23:00:00,1.12324,1.12337,1.12268,1.12292,0,0
2014-10-23,23:59:00,1.12285,1.12328,1.12242,1.12302,0,0
2014-10-24,01:00:00,1.12314,1.12314,1.12214,1.12232,0,0
2014-10-24,02:00:00,1.12232,1.12279,1.12223,1.12239,0,0
2014-10-24,03:00:00,1.1224,1.12317,1.12206,1.12289,0,0
2014-10-24,04:00:00,1.12288,1.12317,1.12205,1.12216,0,0
2014-10-24,05:00:00,1.12216,1.1223,1.12191,1.12204,0,0
2014-10-24,06:00:00,1.12204,1.12209,1.12132,1.12134,0,0
2014-10-24,07:00:00,1.12134,1.1218,1.12134,1.1218,0,0
2014-10-24,08:00:00,1.12181,1.12184,1.12132,1.12169,0,0
2014-10-24,09:00:00,1.12169,1.12297,1.12156,1.1227,0,0
2014-10-24,10:00:00,1.1227,1.12343,1.12134,1.12139,0,0
2014-10-24,11:00:00,1.12139,1.12173,1.12098,1.12137,0,0
2014-10-24,12:00:00,1.12127,1.12205,1.12118,1.12168,0,0
2014-10-24,13:00:00,1.12168,1.1222,1.12112,1.12114,0,0
2014-10-24,14:00:00,1.1211,1.12168,1.12055,1.12073,0,0
2014-10-24,15:00:00,1.12073,1.12195,1.12012,1.12055,0,0
2014-10-24,16:00:00,1.12056,1.12088,1.11938,1.12037,0,0
2014-10-24,17:00:00,1.12033,1.12292,1.12011,1.12244,0,0
2014-10-24,18:00:00,1.12247,1.12247,1.12055,1.12106,0,0
2014-10-24,19:00:00,1.12106,1.12341,1.12106,1.12333,0,0
2014-10-24,20:00:00,1.12333,1.12406,1.12255,1.12286,0,0
2014-10-24,21:00:00,1.12286,1.12337,1.12266,1.12294,0,0
2014-10-24,22:00:00,1.12295,1.12334,1.12233,1.12314,0,0
2014-10-24,23:00:00,1.12317,1.12317,1.12316,1.12316,0,0
2014-10-27,01:00:00,1.1239,1.12401,1.12337,1.1237,0,0
2014-10-27,02:00:00,1.1237,1.12388,1.12265,1.12282,0,0
2014-10-27,03:00:00,1.12283,1.123,1.12206,1.1221,0,0
2014-10-27,04:00:00,1.12211,1.12242,1.12117,1.12148,0,0
2014-10-27,05:00:00,1.12148,1.12226,1.12147,1.12186,0,0
2014-10-27,06:00:00,1.12189,1.12224,1.12174,1.12187,0,0
2014-10-27,07:00:00,1.12187,1.12216,1.12159,1.12174,0,0
2014-10-27,08:00:00,1.12174,1.12277,1.12154,1.12273,0,0
2014-10-27,09:00:00,1.12273,1.12326,1.1224,1.12311,0,0
2014-10-27,10:00:00,1.12304,1.12331,1.12244,1.12265,0,0
2014-10-27,11:00:00,1.12264,1.12289,1.12204,1.12285,0,0
2014-10-27,12:00:00,1.12285,1.12401,1.12264,1.12399,0,0
2014-10-27,13:00:00,1.12404,1.12437,1.12349,1.12396,0,0
2014-10-27,14:00:00,1.12395,1.12447,1.12314,1.12415,0,0
2014-10-27,15:00:00,1.12416,1.12542,1.12386,1.12464,0,0
2014-10-27,16:00:00,1.12464,1.12508,1.1225,1.12276,0,0
2014-10-27,17:00:00,1.12277,1.12474,1.12267,1.12469,0,0
2014-10-27,18:00:00,1.12466,1.12474,1.12323,1.12338,0,0
2014-10-27,19:00:00,1.12338,1.12452,1.12332,1.12417,0,0
2014-10-27,20:00:00,1.12425,1.12425,1.12316,1.12354,0,0
2014-10-27,21:00:00,1.12363,1.12384,1.12335,1.12369,0,0
2014-10-27,22:00:00,1.1237,1.12468,1.12366,1.12461,0,0
2014-10-27,23:00:00,1.12453,1.12505,1.12442,1.12497,0,0
2014-10-27,23:59:00,1.12499,1.12516,1.12488,1.12516,0,0
2014-10-28,01:00:00,1.12516,1.12518,1.12482,1.12484,0,0
2014-10-28,02:00:00,1.12484,1.12505,1.12456,1.12463,0,0
2014-10-28,03:00:00,1.12463,1.12482,1.12389,1.12431,0,0
2014-10-28,04:00:00,1.12431,1.12477,1.12419,1.12472,0,0
2014-10-28,05:00:00,1.12472,1.12473,1.12405,1.12416,0,0
2014-10-28,06:00:00,1.12417,1.12425,1.12401,1.12414,0,0
2014-10-28,07:00:00,1.12413,1.12479,1.12411,1.12434,0,0
2014-10-28,08:00:00,1.12433,1.12435,1.12336,1.12343,0,0
2014-10-28,09:00:00,1.12343,1.1236,1.12253,1.12342,0,0
2014-10-28,10:00:00,1.12342,1.12358,1.12253,1.12326,0,0
2014-10-28,11:00:00,1.12331,1.12368,1.12289,1.12304,0,0
2014-10-28,12:00:00,1.12307,1.12308,1.12153,1.12175,0,0
2014-10-28,13:00:00,1.12175,1.12256,1.12128,1.12235,0,0
2014-10-28,14:00:00,1.12235,1.12344,1.12069,1.12127,0,0
2014-10-28,15:00:00,1.12126,1.12136,1.11895,1.11976,0,0
2014-10-28,16:00:00,1.11974,1.12084,1.11666,1.11719,0,0
2014-10-28,17:00:00,1.1171,1.11804,1.11663,1.11759,0,0
2014-10-28,18:00:00,1.11765,1.11949,1.11734,1.11923,0,0
2014-10-28,19:00:00,1.11923,1.11944,1.11873,1.11927,0,0
2014-10-28,20:00:00,1.11925,1.11936,1.1186,1.11882,0,0
2014-10-28,21:00:00,1.11883,1.11894,1.11664,1.11689,0,0
2014-10-28,22:00:00,1.11691,1.11704,1.11645,1.11654,0,0
2014-10-28,23:00:00,1.11654,1.11703,1.11641,1.11675,0,0
2014-10-28,23:59:00,1.11675,1.11729,1.1167,1.1169,0,0
2014-10-29,01:00:00,1.11686,1.11695,1.11669,1.11687,0,0
2014-10-29,02:00:00,1.11685,1.11704,1.11631,1.11679,0,0
2014-10-29,03:00:00,1.11684,1.11693,1.11638,1.11666,0,0
2014-10-29,04:00:00,1.11666,1.11672,1.11645,1.11647,0,0
2014-10-29,05:00:00,1.11647,1.11658,1.1162,1.11642,0,0
2014-10-29,06:00:00,1.11642,1.11642,1.11594,1.11604,0,0
2014-10-29,07:00:00,1.11604,1.1168,1.11599,1.1167,0,0
2014-10-29,08:00:00,1.1167,1.11673,1.11572,1.11588,0,0
2014-10-29,09:00:00,1.11589,1.11635,1.11505,1.11635,0,0
2014-10-29,10:00:00,1.11632,1.11661,1.11563,1.11631,0,0
2014-10-29,11:00:00,1.1163,1.11655,1.11582,1.11634,0,0
2014-10-29,12:00:00,1.11634,1.11643,1.11562,1.11585,0,0
2014-10-29,13:00:00,1.11585,1.11592,1.11418,1.11426,0,0
2014-10-29,14:00:00,1.11426,1.11508,1.11414,1.11417,0,0
2014-10-29,15:00:00,1.11417,1.11429,1.11214,1.11314,0,0
2014-10-29,16:00:00,1.11311,1.11442,1.11288,1.11419,0,0
2014-10-29,17:00:00,1.11417,1.11456,1.11329,1.11347,0,0
2014-10-29,18:00:00,1.11348,1.11398,1.11335,1.11364,0,0
2014-10-29,19:00:00,1.11365,1.11484,1.11309,1.11405,0,0
2014-10-29,20:00:00,1.11404,1.12238,1.11404,1.11975,0,0
2014-10-29,21:00:00,1.11975,1.12061,1.11896,1.11902,0,0
2014-10-29,22:00:00,1.11902,1.12021,1.11806,1.11823,0,0
2014-10-29,23:00:00,1.11822,1.11889,1.11797,1.11838,0,0
2014-10-29,23:59:00,1.11845,1.11873,1.11804,1.11822,0,0
2014-10-30,01:00:00,1.11822,1.11926,1.11812,1.11908,0,0
2014-10-30,02:00:00,1.11905,1.12022,1.11867,1.11871,0,0
2014-10-30,03:00:00,1.11871,1.1196,1.11842,1.11871,0,0
2014-10-30,04:00:00,1.1187,1.11921,1.11843,1.1191,0,0
2014-10-30,05:00:00,1.11913,1.11985,1.11911,1.11983,0,0
2014-10-30,06:00:00,1.11983,1.12021,1.11933,1.12015,0,0
2014-10-30,07:00:00,1.12015,1.12112,1.12008,1.12059,0,0
2014-10-30,08:00:00,1.12058,1.12074,1.11943,1.12034,0,0
2014-10-30,09:00:00,1.12034,1.12108,1.11985,1.12088,0,0
2014-10-30,10:00:00,1.12085,1.12218,1.11987,1.12009,0,0
2014-10-30,11:00:00,1.12009,1.12078,1.11974,1.11997,0,0
2014-10-30,12:00:00,1.12002,1.1201,1.11867,1.11935,0,0
2014-10-30,13:00:00,1.11935,1.11964,1.11832,1.11946,0,0
2014-10-30,14:00:00,1.11946,1.1208,1.11647,1.11696,0,0
2014-10-30,15:00:00,1.11696,1.11909,1.11645,1.11907,0,0
2014-10-30,16:00:00,1.1191,1.11937,1.11739,1.11837,0,0
2014-10-30,17:00:00,1.11837,1.12022,1.11835,1.11919,0,0
2014-10-30,18:00:00,1.11909,1.11964,1.11833,1.11834,0,0
2014-10-30,19:00:00,1.11835,1.11962,1.11834,1.11958,0,0
2014-10-30,20:00:00,1.11961,1.11966,1.11807,1.11914,0,0
2014-10-30,21:00:00,1.11913,1.11964,1.11857,1.11952,0,0
2014-10-30,22:00:00,1.11949,1.11992,1.11861,1.11861,0,0
2014-10-30,23:00:00,1.11828,1.11904,1.11791,1.11855,0,0
2014-10-30,23:59:00,1.11855,1.11928,1.11855,1.11924,0,0
2014-10-31,01:00:00,1.11923,1.11959,1.11913,1.11948,0,0
2014-10-31,02:00:00,1.1195,1.11994,1.11943,1.11973,0,0
2014-10-31,03:00:00,1.11974,1.11974,1.1189,1.11928,0,0
2014-10-31,04:00:00,1.11928,1.11975,1.1192,1.11968,0,0
2014-10-31,05:00:00,1.1197,1.11972,1.11852,1.11897,0,0
2014-10-31,06:00:00,1.11894,1.12053,1.11873,1.12029,0,0
2014-10-31,07:00:00,1.12029,1.12104,1.11999,1.12072,0,0
2014-10-31,08:00:00,1.12072,1.12136,1.12063,1.12104,0,0
2014-10-31,09:00:00,1.12108,1.12194,1.11886,1.12056,0,0
2014-10-31,10:00:00,1.12065,1.12146,1.12018,1.12066,0,0
2014-10-31,11:00:00,1.12062,1.12128,1.11953,1.11969,0,0
2014-10-31,12:00:00,1.11969,1.1204,1.11925,1.11959,0,0
2014-10-31,13:00:00,1.11959,1.11983,1.11864,1.11864,0,0
2014-10-31,14:00:00,1.11864,1.12708,1.11852,1.12672,0,0
2014-10-31,15:00:00,1.12679,1.12867,1.12663,1.12737,0,0
2014-10-31,16:00:00,1.12734,1.13316,1.12731,1.13167,0,0
2014-10-31,17:00:00,1.13167,1.13183,1.12728,1.12728,0,0
2014-10-31,18:00:00,1.12724,1.12838,1.12676,1.12747,0,0
2014-10-31,19:00:00,1.12747,1.12829,1.12734,1.12775,0,0
2014-10-31,20:00:00,1.12773,1.12809,1.12679,1.12737,0,0
2014-10-31,21:00:00,1.12738,1.12744,1.12622,1.12691,0,0
2014-10-31,22:00:00,1.12689,1.12725,1.12572,1.12649,0,0
2014-10-31,23:00:00,1.12649,1.12649,1.12649,1.12649,0,0
2014-11-03,01:00:00,1.12775,1.12876,1.12739,1.12872,0,0
2014-11-03,02:00:00,1.12871,1.13005,1.12728,1.12972,0,0
2014-11-03,03:00:00,1.12972,1.13104,1.12917,1.12941,0,0
2014-11-03,04:00:00,1.12941,1.12973,1.12867,1.12877,0,0
2014-11-03,05:00:00,1.12877,1.12907,1.12854,1.12878,0,0
2014-11-03,06:00:00,1.12879,1.12886,1.12822,1.1284,0,0
2014-11-03,07:00:00,1.12842,1.12874,1.12821,1.12874,0,0
2014-11-03,08:00:00,1.12872,1.12878,1.12785,1.12787,0,0
2014-11-03,09:00:00,1.12787,1.1291,1.12753,1.12843,0,0
2014-11-03,10:00:00,1.12835,1.12868,1.12742,1.12762,0,0
2014-11-03,11:00:00,1.12762,1.12769,1.12627,1.12707,0,0
2014-11-03,12:00:00,1.12705,1.12786,1.12653,1.12747,0,0
2014-11-03,13:00:00,1.12747,1.12891,1.12747,1.12829,0,0
2014-11-03,14:00:00,1.12829,1.12884,1.12805,1.12834,0,0
2014-11-03,15:00:00,1.12834,1.12912,1.12686,1.12866,0,0
2014-11-03,16:00:00,1.12866,1.13073,1.12861,1.12992,0,0
2014-11-03,17:00:00,1.12991,1.13244,1.12991,1.13099,0,0
2014-11-03,18:00:00,1.13093,1.1321,1.13064,1.13187,0,0
2014-11-03,19:00:00,1.13191,1.1357,1.13191,1.13377,0,0
2014-11-03,20:00:00,1.13377,1.13642,1.13377,1.13497,0,0
2014-11-03,21:00:00,1.13497,1.1376,1.13497,1.13656,0,0
2014-11-03,22:00:00,1.13657,1.13658,1.13526,1.13563,0,0
2014-11-03,23:00:00,1.13564,1.13612,1.13529,1.13551,0,0
2014-11-03,23:59:00,1.13551,1.13578,1.13513,1.1352,0,0
2014-11-04,01:00:00,1.1352,1.13598,1.13498,1.13585,0,0
2014-11-04,02:00:00,1.13587,1.13748,1.13582,1.13606,0,0
2014-11-04,03:00:00,1.13605,1.13657,1.13488,1.13636,0,0
2014-11-04,04:00:00,1.13636,1.13637,1.13538,1.13586,0,0
2014-11-04,05:00:00,1.13588,1.13599,1.13436,1.13463,0,0
2014-11-04,06:00:00,1.13463,1.13476,1.13408,1.13446,0,0
2014-11-04,07:00:00,1.13448,1.13475,1.1342,1.13449,0,0
2014-11-04,08:00:00,1.13449,1.13454,1.13389,1.13392,0,0
2014-11-04,09:00:00,1.13393,1.13726,1.13393,1.13726,0,0
2014-11-04,10:00:00,1.13723,1.13798,1.13646,1.13697,0,0
2014-11-04,11:00:00,1.13697,1.13828,1.13679,1.13724,0,0
2014-11-04,12:00:00,1.13724,1.13825,1.13718,1.13797,0,0
2014-11-04,13:00:00,1.13797,1.13938,1.13796,1.13892,0,0
2014-11-04,14:00:00,1.13893,1.14055,1.13851,1.14036,0,0
2014-11-04,15:00:00,1.14036,1.14264,1.13897,1.13897,0,0
2014-11-04,16:00:00,1.13897,1.14169,1.13864,1.14147,0,0
2014-11-04,17:00:00,1.14145,1.14249,1.14005,1.14005,0,0
2014-11-04,18:00:00,1.14007,1.14113,1.13865,1.13965,0,0
2014-11-04,19:00:00,1.13964,1.14037,1.13924,1.13959,0,0
2014-11-04,20:00:00,1.13959,1.14006,1.13912,1.13922,0,0
2014-11-04,21:00:00,1.13923,1.13989,1.1387,1.13906,0,0
2014-11-04,22:00:00,1.13908,1.14097,1.13905,1.14095,0,0
2014-11-04,23:00:00,1.14093,1.14107,1.14019,1.14092,0,0
2014-11-04,23:59:00,1.14091,1.14127,1.13984,1.1399,0,0
2014-11-05,01:00:00,1.1399,1.14002,1.139,1.13918,0,0
2014-11-05,02:00:00,1.13918,1.13997,1.13914,1.13948,0,0
2014-11-05,03:00:00,1.13948,1.14039,1.13931,1.14025,0,0
2014-11-05,04:00:00,1.14025,1.14055,1.1397,1.1401,0,0
2014-11-05,05:00:00,1.14011,1.14017,1.13904,1.13927,0,0
2014-11-05,06:00:00,1.13927,1.14028,1.13924,1.13998,0,0
2014-11-05,07:00:00,1.13998,1.14117,1.1397,1.14094,0,0
2014-11-05,08:00:00,1.14092,1.14323,1.14073,1.14272,0,0
2014-11-05,09:00:00,1.14271,1.14422,1.14267,1.14403,0,0
2014-11-05,10:00:00,1.14401,1.14554,1.14332,1.14507,0,0
2014-11-05,11:00:00,1.1451,1.14631,1.14427,1.14518,0,0
2014-11-05,12:00:00,1.14519,1.14657,1.14373,1.14378,0,0
2014-11-05,13:00:00,1.14378,1.14532,1.14347,1.14518,0,0
2014-11-05,14:00:00,1.14503,1.14565,1.14346,1.14353,0,0
2014-11-05,15:00:00,1.14352,1.14467,1.14132,1.1421,0,0
2014-11-05,16:00:00,1.14216,1.1439,1.1413,1.14349,0,0
2014-11-05,17:00:00,1.14351,1.14509,1.13836,1.13857,0,0
2014-11-05,18:00:00,1.13859,1.14109,1.13754,1.13765,0,0
2014-11-05,19:00:00,1.13764,1.13856,1.13703,1.1383,0,0
2014-11-05,20:00:00,1.13838,1.14057,1.13821,1.14026,0,0
2014-11-05,21:00:00,1.14025,1.14036,1.13956,1.13994,0,0
2014-11-05,22:00:00,1.13994,1.14,1.13874,1.13883,0,0
2014-11-05,23:00:00,1.13881,1.13936,1.13839,1.13847,0,0
2014-11-05,23:59:00,1.13848,1.13977,1.13836,1.1397,0,0
2014-11-06,01:00:00,1.13966,1.13975,1.13903,1.13946,0,0
2014-11-06,02:00:00,1.13946,1.14065,1.13852,1.1404,0,0
2014-11-06,03:00:00,1.1404,1.14073,1.14011,1.14042,0,0
2014-11-06,04:00:00,1.14042,1.14064,1.1393,1.14061,0,0
2014-11-06,05:00:00,1.14055,1.14129,1.1402,1.14073,0,0
2014-11-06,06:00:00,1.14071,1.14088,1.13851,1.13856,0,0
2014-11-06,07:00:00,1.13856,1.13909,1.13781,1.13832,0,0
2014-11-06,08:00:00,1.13832,1.13894,1.13816,1.1387,0,0
2014-11-06,09:00:00,1.13872,1.13918,1.13812,1.139,0,0
2014-11-06,10:00:00,1.13904,1.14014,1.13878,1.13932,0,0
2014-11-06,11:00:00,1.13933,1.14016,1.1393,1.13997,0,0
2014-11-06,12:00:00,1.13997,1.14028,1.13946,1.14,0,0
2014-11-06,13:00:00,1.14,1.14013,1.13946,1.13977,0,0
2014-11-06,14:00:00,1.13976,1.1409,1.13956,1.14064,0,0
2014-11-06,15:00:00,1.14064,1.14259,1.14039,1.1412,0,0
2014-11-06,16:00:00,1.14116,1.14241,1.13916,1.13957,0,0
2014-11-06,17:00:00,1.13954,1.14409,1.13954,1.14127,0,0
2014-11-06,18:00:00,1.14126,1.14329,1.14119,1.14229,0,0
2014-11-06,19:00:00,1.14229,1.14424,1.14228,1.14408,0,0
2014-11-06,20:00:00,1.14407,1.14408,1.14204,1.14236,0,0
2014-11-06,21:00:00,1.14236,1.1431,1.14205,1.14225,0,0
2014-11-06,22:00:00,1.14226,1.14257,1.14204,1.14251,0,0
2014-11-06,23:00:00,1.14247,1.14284,1.14201,1.14221,0,0
2014-11-06,23:59:00,1.14218,1.14261,1.1421,1.14248,0,0
2014-11-07,01:00:00,1.14245,1.14289,1.14236,1.14255,0,0
2014-11-07,02:00:00,1.14255,1.14268,1.14202,1.14258,0,0
2014-11-07,03:00:00,1.14257,1.14359,1.14233,1.1433,0,0
2014-11-07,04:00:00,1.14331,1.1436,1.14319,1.14357,0,0
2014-11-07,05:00:00,1.14357,1.14406,1.14337,1.144,0,0
2014-11-07,06:00:00,1.144,1.14424,1.14378,1.14424,0,0
2014-11-07,07:00:00,1.14423,1.14425,1.14344,1.14392,0,0
2014-11-07,08:00:00,1.14394,1.14405,1.14357,1.14401,0,0
2014-11-07,09:00:00,1.14401,1.14451,1.14344,1.14424,0,0
2014-11-07,10:00:00,1.14424,1.1443,1.14308,1.14322,0,0
2014-11-07,11:00:00,1.14322,1.14399,1.14293,1.1432,0,0
2014-11-07,12:00:00,1.1432,1.14327,1.14222,1.14267,0,0
2014-11-07,13:00:00,1.14269,1.14365,1.14254,1.14322,0,0
2014-11-07,14:00:00,1.14323,1.14475,1.1432,1.14385,0,0
2014-11-07,15:00:00,1.14387,1.14454,1.13296,1.13543,0,0
2014-11-07,16:00:00,1.13543,1.13664,1.13442,1.13507,0,0
2014-11-07,17:00:00,1.13519,1.13629,1.13373,1.13498,0,0
2014-11-07,18:00:00,1.13498,1.13644,1.13489,1.13596,0,0
2014-11-07,19:00:00,1.13597,1.13607,1.13456,1.13466,0,0
2014-11-07,20:00:00,1.13484,1.13523,1.13117,1.13235,0,0
2014-11-07,21:00:00,1.13235,1.1333,1.13223,1.13295,0,0
2014-11-07,22:00:00,1.13293,1.13363,1.13209,1.13315,0,0
2014-11-07,23:00:00,1.13317,1.13318,1.13317,1.13318,0,0
2014-11-10,01:00:00,1.13245,1.13288,1.13119,1.13277,0,0
2014-11-10,02:00:00,1.1328,1.13332,1.13228,1.13303,0,0
2014-11-10,03:00:00,1.13303,1.13347,1.13263,1.13272,0,0
2014-11-10,04:00:00,1.13209,1.13282,1.13111,1.13269,0,0
2014-11-10,05:00:00,1.13269,1.1329,1.13136,1.13152,0,0
2014-11-10,06:00:00,1.13148,1.132,1.13136,1.13194,0,0
2014-11-10,07:00:00,1.13195,1.13205,1.13134,1.13188,0,0
2014-11-10,08:00:00,1.13188,1.13229,1.13147,1.13225,0,0
2014-11-10,09:00:00,1.13215,1.13281,1.13181,1.13278,0,0
2014-11-10,10:00:00,1.13279,1.13334,1.13255,1.13293,0,0
2014-11-10,11:00:00,1.13291,1.13293,1.13149,1.13155,0,0
2014-11-10,12:00:00,1.13161,1.13162,1.13025,1.13025,0,0
2014-11-10,13:00:00,1.13025,1.13084,1.12994,1.13053,0,0
2014-11-10,14:00:00,1.13049,1.13121,1.13048,1.13097,0,0
2014-11-10,15:00:00,1.13097,1.13254,1.13087,1.1311,0,0
2014-11-10,16:00:00,1.13107,1.13272,1.13062,1.13224,0,0
2014-11-10,17:00:00,1.13244,1.13345,1.1315,1.13191,0,0
2014-11-10,18:00:00,1.13194,1.13419,1.1319,1.13419,0,0
2014-11-10,19:00:00,1.13446,1.13524,1.13411,1.13458,0,0
2014-11-10,20:00:00,1.13475,1.13728,1.1347,1.13664,0,0
2014-11-10,21:00:00,1.13664,1.1383,1.13653,1.13781,0,0
2014-11-10,22:00:00,1.13781,1.13837,1.13729,1.13731,0,0
2014-11-10,23:00:00,1.13731,1.13822,1.13731,1.13791,0,0
2014-11-10,23:59:00,1.13786,1.13796,1.13729,1.13735,0,0
2014-11-11,01:00:00,1.13739,1.13753,1.13677,1.13702,0,0
2014-11-11,02:00:00,1.13705,1.13787,1.13683,1.13741,0,0
2014-11-11,03:00:00,1.13742,1.13799,1.13675,1.13707,0,0
2014-11-11,04:00:00,1.13707,1.13715,1.13674,1.13691,0,0
2014-11-11,05:00:00,1.13689,1.13834,1.13683,1.13832,0,0
2014-11-11,06:00:00,1.13833,1.13842,1.13792,1.13833,0,0
2014-11-11,07:00:00,1.13829,1.13843,1.13796,1.13799,0,0
2014-11-11,08:00:00,1.13796,1.13842,1.13766,1.13834,0,0
2014-11-11,09:00:00,1.1381,1.13867,1.13732,1.13836,0,0
2014-11-11,10:00:00,1.13835,1.14008,1.13827,1.13937,0,0
2014-11-11,11:00:00,1.13937,1.13989,1.13838,1.13883,0,0
2014-11-11,12:00:00,1.13864,1.13972,1.13856,1.13917,0,0
2014-11-11,13:00:00,1.13917,1.13919,1.13774,1.13874,0,0
2014-11-11,14:00:00,1.13863,1.13877,1.13784,1.13855,0,0
2014-11-11,15:00:00,1.1385,1.13892,1.13689,1.13783,0,0
2014-11-11,16:00:00,1.13759,1.13759,1.13524,1.13539,0,0
2014-11-11,17:00:00,1.13525,1.1359,1.13363,1.134,0,0
2014-11-11,18:00:00,1.13385,1.13499,1.13239,1.13445,0,0
2014-11-11,19:00:00,1.13443,1.13474,1.13357,1.13382,0,0
2014-11-11,20:00:00,1.13379,1.13446,1.1325,1.13323,0,0
2014-11-11,21:00:00,1.13324,1.13324,1.13173,1.13318,0,0
2014-11-11,22:00:00,1.13317,1.13347,1.13241,1.13273,0,0
2014-11-11,23:00:00,1.13279,1.13356,1.13279,1.13333,0,0
2014-11-11,23:59:00,1.13333,1.13405,1.13306,1.13399,0,0
2014-11-12,01:00:00,1.13388,1.13396,1.13325,1.13345,0,0
2014-11-12,02:00:00,1.13345,1.13479,1.13331,1.13464,0,0
2014-11-12,03:00:00,1.13451,1.13501,1.13406,1.13457,0,0
2014-11-12,04:00:00,1.13457,1.13464,1.13381,1.13448,0,0
2014-11-12,05:00:00,1.13433,1.13472,1.13419,1.13449,0,0
2014-11-12,06:00:00,1.13449,1.13524,1.13432,1.13516,0,0
2014-11-12,07:00:00,1.13516,1.13582,1.13464,1.1349,0,0
2014-11-12,08:00:00,1.13492,1.13501,1.13409,1.13464,0,0
2014-11-12,09:00:00,1.13464,1.13476,1.13156,1.13183,0,0
2014-11-12,10:00:00,1.13196,1.13305,1.13181,1.13184,0,0
2014-11-12,11:00:00,1.13206,1.13384,1.13202,1.13286,0,0
2014-11-12,12:00:00,1.13286,1.13286,1.13129,1.13155,0,0
2014-11-12,13:00:00,1.13169,1.13241,1.13127,1.13226,0,0
2014-11-12,14:00:00,1.13226,1.1323,1.13092,1.13118,0,0
2014-11-12,15:00:00,1.13118,1.13194,1.12936,1.12964,0,0
2014-11-12,16:00:00,1.12964,1.1315,1.12845,1.13059,0,0
2014-11-12,17:00:00,1.13057,1.13068,1.12805,1.13019,0,0
2014-11-12,18:00:00,1.13009,1.13069,1.12823,1.12835,0,0
2014-11-12,19:00:00,1.12824,1.12946,1.12805,1.12945,0,0
2014-11-12,20:00:00,1.12945,1.13118,1.12854,1.13044,0,0
2014-11-12,21:00:00,1.13044,1.13108,1.13039,1.13053,0,0
2014-11-12,22:00:00,1.13053,1.13201,1.13031,1.13172,0,0
2014-11-12,23:00:00,1.13143,1.13177,1.13098,1.13175,0,0
2014-11-12,23:59:00,1.13184,1.13205,1.13118,1.13205,0,0
2014-11-13,01:00:00,1.1321,1.13221,1.13178,1.13216,0,0
2014-11-13,02:00:00,1.13216,1.13221,1.13143,1.13175,0,0
2014-11-13,03:00:00,1.13173,1.13191,1.13087,1.13094,0,0
2014-11-13,04:00:00,1.13094,1.13235,1.13081,1.13145,0,0
2014-11-13,05:00:00,1.13145,1.13227,1.13132,1.13152,0,0
2014-11-13,06:00:00,1.13151,1.13196,1.13134,1.13146,0,0
2014-11-13,07:00:00,1.13147,1.13227,1.13145,1.13215,0,0
2014-11-13,08:00:00,1.13212,1.13254,1.13196,1.13251,0,0
2014-11-13,09:00:00,1.13251,1.13276,1.13181,1.13254,0,0
2014-11-13,10:00:00,1.13254,1.13254,1.13044,1.13073,0,0
2014-11-13,11:00:00,1.13074,1.13181,1.13016,1.13134,0,0
2014-11-13,12:00:00,1.13131,1.13135,1.13043,1.13055,0,0
2014-11-13,13:00:00,1.13055,1.131,1.13006,1.13095,0,0
2014-11-13,14:00:00,1.13094,1.13186,1.13053,1.13175,0,0
2014-11-13,15:00:00,1.13175,1.13325,1.1305,1.13216,0,0
2014-11-13,16:00:00,1.13219,1.13396,1.13117,1.1336,0,0
2014-11-13,17:00:00,1.13363,1.13478,1.13338,1.13399,0,0
2014-11-13,18:00:00,1.13399,1.13641,1.13383,1.13495,0,0
2014-11-13,19:00:00,1.13487,1.13726,1.13487,1.13672,0,0
2014-11-13,20:00:00,1.13668,1.13704,1.13543,1.13657,0,0
2014-11-13,21:00:00,1.13659,1.13712,1.13592,1.13634,0,0
2014-11-13,22:00:00,1.13628,1.13738,1.13598,1.13738,0,0
2014-11-13,23:00:00,1.13744,1.13909,1.13669,1.13681,0,0
2014-11-13,23:59:00,1.13648,1.13765,1.13646,1.13726,0,0
2014-11-14,01:00:00,1.13726,1.13822,1.13688,1.13816,0,0
2014-11-14,02:00:00,1.13822,1.139,1.13777,1.13846,0,0
2014-11-14,03:00:00,1.13846,1.13849,1.13726,1.13746,0,0
2014-11-14,04:00:00,1.13746,1.13853,1.13746,1.1384,0,0
2014-11-14,05:00:00,1.1384,1.1388,1.13811,1.13832,0,0
2014-11-14,06:00:00,1.13838,1.13849,1.13761,1.13827,0,0
2014-11-14,07:00:00,1.13827,1.1392,1.13825,1.13912,0,0
2014-11-14,08:00:00,1.13913,1.13922,1.13832,1.13834,0,0
2014-11-14,09:00:00,1.13818,1.13889,1.13757,1.13775,0,0
2014-11-14,10:00:00,1.13758,1.13802,1.13695,1.13748,0,0
2014-11-14,11:00:00,1.13749,1.13776,1.13649,1.13649,0,0
2014-11-14,12:00:00,1.13654,1.13659,1.13576,1.13585,0,0
2014-11-14,13:00:00,1.13585,1.137,1.13563,1.13599,0,0
2014-11-14,14:00:00,1.13599,1.1379,1.13595,1.1379,0,0
2014-11-14,15:00:00,1.13829,1.13885,1.13618,1.13634,0,0
2014-11-14,16:00:00,1.13637,1.13646,1.13336,1.13461,0,0
2014-11-14,17:00:00,1.13414,1.13414,1.13065,1.13234,0,0
2014-11-14,18:00:00,1.13167,1.13279,1.12919,1.12933,0,0
2014-11-14,19:00:00,1.12924,1.13007,1.12801,1.12823,0,0
2014-11-14,20:00:00,1.12904,1.12904,1.12807,1.12837,0,0
2014-11-14,21:00:00,1.12836,1.12844,1.1268,1.12824,0,0
2014-11-14,22:00:00,1.12825,1.1284,1.12693,1.12756,0,0
2014-11-14,23:00:00,1.12756,1.12757,1.12756,1.12757,0,0
2014-11-17,01:00:00,1.12914,1.12921,1.12856,1.12885,0,0
2014-11-17,02:00:00,1.12885,1.12892,1.12771,1.12889,0,0
2014-11-17,03:00:00,1.12888,1.1289,1.12776,1.12824,0,0
2014-11-17,04:00:00,1.12787,1.12841,1.12677,1.12683,0,0
2014-11-17,05:00:00,1.12683,1.12787,1.12676,1.12776,0,0
2014-11-17,06:00:00,1.12782,1.128,1.12734,1.12799,0,0
2014-11-17,07:00:00,1.12796,1.12796,1.12719,1.12753,0,0
2014-11-17,08:00:00,1.12754,1.12825,1.12748,1.12825,0,0
2014-11-17,09:00:00,1.12829,1.12898,1.12828,1.12844,0,0
2014-11-17,10:00:00,1.12844,1.12961,1.12837,1.12957,0,0
2014-11-17,11:00:00,1.12957,1.13133,1.12957,1.13086,0,0
2014-11-17,12:00:00,1.13109,1.13198,1.13086,1.13111,0,0
2014-11-17,13:00:00,1.13111,1.13161,1.1304,1.13074,0,0
2014-11-17,14:00:00,1.13072,1.13144,1.13045,1.13064,0,0
2014-11-17,15:00:00,1.13069,1.13218,1.13027,1.13182,0,0
2014-11-17,16:00:00,1.13166,1.13246,1.13078,1.13234,0,0
2014-11-17,17:00:00,1.13239,1.13261,1.13101,1.13154,0,0
2014-11-17,18:00:00,1.13129,1.13154,1.13064,1.13064,0,0
2014-11-17,19:00:00,1.13071,1.13119,1.12979,1.13026,0,0
2014-11-17,20:00:00,1.1304,1.13054,1.12913,1.12966,0,0
2014-11-17,21:00:00,1.12979,1.13104,1.12965,1.13072,0,0
2014-11-17,22:00:00,1.13079,1.13083,1.12935,1.12954,0,0
2014-11-17,23:00:00,1.12954,1.13069,1.12954,1.13063,0,0
2014-11-17,23:59:00,1.13052,1.13057,1.12945,1.12985,0,0
2014-11-18,01:00:00,1.12977,1.13008,1.12948,1.12956,0,0
2014-11-18,02:00:00,1.12964,1.12981,1.12863,1.12884,0,0
2014-11-18,03:00:00,1.12879,1.12932,1.1286,1.1289,0,0
2014-11-18,04:00:00,1.1289,1.1289,1.12816,1.12841,0,0
2014-11-18,05:00:00,1.12842,1.12847,1.12771,1.12788,0,0
2014-11-18,06:00:00,1.12789,1.12806,1.12754,1.12766,0,0
2014-11-18,07:00:00,1.12764,1.12784,1.12717,1.12754,0,0
2014-11-18,08:00:00,1.12755,1.12792,1.1268,1.12682,0,0
2014-11-18,09:00:00,1.12687,1.12687,1.12595,1.12662,0,0
2014-11-18,10:00:00,1.12662,1.12818,1.12622,1.12687,0,0
2014-11-18,11:00:00,1.12687,1.12816,1.12634,1.12803,0,0
2014-11-18,12:00:00,1.12742,1.12903,1.12739,1.12846,0,0
2014-11-18,13:00:00,1.12844,1.12869,1.12734,1.12831,0,0
2014-11-18,14:00:00,1.12829,1.12911,1.12826,1.12903,0,0
2014-11-18,15:00:00,1.12899,1.13022,1.12863,1.12867,0,0
2014-11-18,16:00:00,1.12868,1.13154,1.12864,1.13151,0,0
2014-11-18,17:00:00,1.13151,1.13225,1.12946,1.12998,0,0
2014-11-18,18:00:00,1.13032,1.13151,1.13032,1.13047,0,0
2014-11-18,19:00:00,1.13046,1.1311,1.12994,1.13021,0,0
2014-11-18,20:00:00,1.13019,1.13063,1.12974,1.13038,0,0
2014-11-18,21:00:00,1.13039,1.1305,1.12945,1.12963,0,0
2014-11-18,22:00:00,1.12959,1.1303,1.12956,1.12974,0,0
2014-11-18,23:00:00,1.12976,1.12995,1.12946,1.12952,0,0
2014-11-18,23:59:00,1.12932,1.13018,1.12932,1.13018,0,0
2014-11-19,01:00:00,1.13025,1.13226,1.12995,1.13201,0,0
2014-11-19,02:00:00,1.13196,1.13268,1.13186,1.13204,0,0
2014-11-19,03:00:00,1.13204,1.13273,1.13198,1.13246,0,0
2014-11-19,04:00:00,1.13246,1.13263,1.13181,1.13254,0,0
2014-11-19,05:00:00,1.13254,1.13344,1.13252,1.13299,0,0
2014-11-19,06:00:00,1.13299,1.13353,1.13276,1.13326,0,0
2014-11-19,07:00:00,1.13314,1.13341,1.13273,1.1328,0,0
2014-11-19,08:00:00,1.1328,1.13281,1.13187,1.13203,0,0
2014-11-19,09:00:00,1.13226,1.13349,1.13196,1.13293,0,0
2014-11-19,10:00:00,1.13297,1.13325,1.13216,1.13322,0,0
2014-11-19,11:00:00,1.13321,1.13416,1.13318,1.13377,0,0
2014-11-19,12:00:00,1.13377,1.1341,1.1331,1.13331,0,0
2014-11-19,13:00:00,1.13331,1.13402,1.13269,1.13389,0,0
2014-11-19,14:00:00,1.13386,1.13509,1.13366,1.1349,0,0
2014-11-19,15:00:00,1.1349,1.13555,1.13353,1.13411,0,0
2014-11-19,16:00:00,1.13412,1.13476,1.13328,1.13447,0,0
2014-11-19,17:00:00,1.13453,1.13524,1.13369,1.13436,0,0
2014-11-19,18:00:00,1.13376,1.13533,1.13338,1.13485,0,0
2014-11-19,19:00:00,1.13486,1.13517,1.13397,1.13397,0,0
2014-11-19,20:00:00,1.13398,1.13485,1.133,1.13312,0,0
2014-11-19,21:00:00,1.13312,1.13509,1.13098,1.13386,0,0
2014-11-19,22:00:00,1.13393,1.13572,1.13392,1.13496,0,0
2014-11-19,23:00:00,1.13492,1.13492,1.13358,1.13394,0,0
2014-11-19,23:59:00,1.13406,1.13428,1.13356,1.13423,0,0
2014-11-20,01:00:00,1.13439,1.13527,1.13435,1.13483,0,0
2014-11-20,02:00:00,1.13483,1.13513,1.13417,1.13486,0,0
2014-11-20,03:00:00,1.13482,1.13547,1.13458,1.13499,0,0
2014-11-20,04:00:00,1.13513,1.13515,1.13443,1.13472,0,0
2014-11-20,05:00:00,1.13461,1.13478,1.13417,1.13464,0,0
2014-11-20,06:00:00,1.13465,1.13567,1.13404,1.13447,0,0
2014-11-20,07:00:00,1.13461,1.13489,1.13434,1.1346,0,0
2014-11-20,08:00:00,1.1346,1.13485,1.13412,1.13474,0,0
2014-11-20,09:00:00,1.13475,1.13678,1.13474,1.13592,0,0
2014-11-20,10:00:00,1.13595,1.13611,1.13369,1.13542,0,0
2014-11-20,11:00:00,1.13542,1.13624,1.13441,1.13458,0,0
2014-11-20,12:00:00,1.13457,1.13499,1.1339,1.13433,0,0
2014-11-20,13:00:00,1.13419,1.13477,1.13265,1.13345,0,0
2014-11-20,14:00:00,1.13345,1.13345,1.13228,1.13265,0,0
2014-11-20,15:00:00,1.13264,1.13342,1.1305,1.1317,0,0
2014-11-20,16:00:00,1.13122,1.1324,1.13002,1.13006,0,0
2014-11-20,17:00:00,1.13006,1.13166,1.12958,1.13034,0,0
2014-11-20,18:00:00,1.13031,1.13157,1.12919,1.13088,0,0
2014-11-20,19:00:00,1.13112,1.13112,1.12962,1.12976,0,0
2014-11-20,20:00:00,1.12976,1.13051,1.12956,1.12974,0,0
2014-11-20,21:00:00,1.12975,1.13038,1.12962,1.13007,0,0
2014-11-20,22:00:00,1.13007,1.13062,1.12944,1.13048,0,0
2014-11-20,23:00:00,1.13047,1.13054,1.12985,1.13024,0,0
2014-11-20,23:59:00,1.13022,1.13096,1.13012,1.13088,0,0
2014-11-21,01:00:00,1.13084,1.13126,1.13067,1.13092,0,0
2014-11-21,02:00:00,1.13092,1.13111,1.13014,1.13109,0,0
2014-11-21,03:00:00,1.13107,1.1311,1.12972,1.12976,0,0
2014-11-21,04:00:00,1.12976,1.13059,1.12945,1.13054,0,0
2014-11-21,05:00:00,1.13054,1.1309,1.12978,1.13004,0,0
2014-11-21,06:00:00,1.13004,1.13065,1.12966,1.13045,0,0
2014-11-21,07:00:00,1.13058,1.13108,1.13011,1.13098,0,0
2014-11-21,08:00:00,1.131,1.1311,1.13069,1.13092,0,0
2014-11-21,09:00:00,1.13092,1.13119,1.13029,1.13077,0,0
2014-11-21,10:00:00,1.13057,1.13209,1.13043,1.13206,0,0
2014-11-21,11:00:00,1.13204,1.13239,1.13136,1.13213,0,0
2014-11-21,12:00:00,1.132,1.13251,1.12776,1.12926,0,0
2014-11-21,13:00:00,1.12918,1.12918,1.12596,1.12803,0,0
2014-11-21,14:00:00,1.12812,1.12853,1.12528,1.12543,0,0
2014-11-21,15:00:00,1.12536,1.12676,1.1198,1.122,0,0
2014-11-21,16:00:00,1.1217,1.1237,1.1212,1.12296,0,0
2014-11-21,17:00:00,1.123,1.1233,1.1201,1.1225,0,0
2014-11-21,18:00:00,1.12255,1.12386,1.12254,1.12355,0,0
2014-11-21,19:00:00,1.12353,1.12489,1.12321,1.12373,0,0
2014-11-21,20:00:00,1.12374,1.12471,1.12359,1.12427,0,0
2014-11-21,21:00:00,1.12426,1.12427,1.12292,1.12396,0,0
2014-11-21,22:00:00,1.12386,1.1242,1.12344,1.12372,0,0
2014-11-21,23:00:00,1.12365,1.12374,1.12363,1.12374,0,0
2014-11-24,01:00:00,1.12359,1.12395,1.12284,1.12298,0,0
2014-11-24,02:00:00,1.12298,1.12298,1.12251,1.12269,0,0
2014-11-24,03:00:00,1.1227,1.12297,1.12231,1.12234,0,0
2014-11-24,04:00:00,1.12234,1.1228,1.12231,1.12259,0,0
2014-11-24,05:00:00,1.12259,1.12301,1.12225,1.12299,0,0
2014-11-24,06:00:00,1.12299,1.12301,1.12245,1.12249,0,0
2014-11-24,07:00:00,1.12249,1.12271,1.12241,1.12271,0,0
2014-11-24,08:00:00,1.12272,1.12285,1.12231,1.12263,0,0
2014-11-24,09:00:00,1.12262,1.12379,1.12261,1.12377,0,0
2014-11-24,10:00:00,1.12372,1.12438,1.12287,1.12438,0,0
2014-11-24,11:00:00,1.12438,1.12465,1.12308,1.12374,0,0
2014-11-24,12:00:00,1.12374,1.12423,1.123,1.12395,0,0
2014-11-24,13:00:00,1.12395,1.12419,1.12314,1.12409,0,0
2014-11-24,14:00:00,1.12409,1.12516,1.12385,1.12505,0,0
2014-11-24,15:00:00,1.12505,1.12552,1.12442,1.12445,0,0
2014-11-24,16:00:00,1.12442,1.12594,1.12402,1.12586,0,0
2014-11-24,17:00:00,1.12587,1.12796,1.12558,1.12743,0,0
2014-11-24,18:00:00,1.12739,1.12778,1.12647,1.12775,0,0
2014-11-24,19:00:00,1.12775,1.13101,1.12775,1.12865,0,0
2014-11-24,20:00:00,1.12874,1.12945,1.1284,1.1292,0,0
2014-11-24,21:00:00,1.12929,1.1297,1.12882,1.12957,0,0
2014-11-24,22:00:00,1.12963,1.1299,1.12863,1.12867,0,0
2014-11-24,23:00:00,1.12864,1.12908,1.1278,1.1278,0,0
2014-11-24,23:59:00,1.12762,1.12883,1.12762,1.12833,0,0
2014-11-25,01:00:00,1.12824,1.12921,1.128,1.12871,0,0
2014-11-25,02:00:00,1.12871,1.12925,1.12863,1.12881,0,0
2014-11-25,03:00:00,1.12878,1.12914,1.12808,1.12858,0,0
2014-11-25,04:00:00,1.12858,1.12969,1.12851,1.12963,0,0
2014-11-25,05:00:00,1.12948,1.12968,1.12897,1.12901,0,0
2014-11-25,06:00:00,1.12901,1.12922,1.12824,1.12874,0,0
2014-11-25,07:00:00,1.12874,1.12876,1.12818,1.12846,0,0
2014-11-25,08:00:00,1.12846,1.12912,1.12838,1.12899,0,0
2014-11-25,09:00:00,1.12897,1.13066,1.12848,1.12999,0,0
2014-11-25,10:00:00,1.13,1.13003,1.12871,1.12956,0,0
2014-11-25,11:00:00,1.12948,1.13143,1.12948,1.13049,0,0
2014-11-25,12:00:00,1.13047,1.13075,1.1296,1.1296,0,0
2014-11-25,13:00:00,1.12961,1.12961,1.12808,1.1281,0,0
2014-11-25,14:00:00,1.1282,1.12862,1.12674,1.12772,0,0
2014-11-25,15:00:00,1.12771,1.12903,1.12605,1.12745,0,0
2014-11-25,16:00:00,1.12762,1.12788,1.12312,1.12431,0,0
2014-11-25,17:00:00,1.12392,1.126,1.1235,1.12505,0,0
2014-11-25,18:00:00,1.12501,1.12644,1.12472,1.12593,0,0
2014-11-25,19:00:00,1.12594,1.12603,1.12348,1.12412,0,0
2014-11-25,20:00:00,1.12413,1.12505,1.12375,1.12376,0,0
2014-11-25,21:00:00,1.1238,1.12537,1.12353,1.12528,0,0
2014-11-25,22:00:00,1.12533,1.12663,1.12504,1.12521,0,0
2014-11-25,23:00:00,1.12514,1.12563,1.12495,1.12563,0,0
2014-11-25,23:59:00,1.12575,1.1258,1.12518,1.12561,0,0
2014-11-26,01:00:00,1.12552,1.12566,1.12466,1.12477,0,0
2014-11-26,02:00:00,1.12477,1.12596,1.12471,1.12589,0,0
2014-11-26,03:00:00,1.12594,1.12651,1.12568,1.12626,0,0
2014-11-26,04:00:00,1.12626,1.12685,1.12588,1.12662,0,0
2014-11-26,05:00:00,1.12663,1.12668,1.12608,1.12611,0,0
2014-11-26,06:00:00,1.12611,1.12665,1.12594,1.12661,0,0
2014-11-26,07:00:00,1.12655,1.12676,1.12584,1.12627,0,0
2014-11-26,08:00:00,1.12627,1.12627,1.12511,1.12565,0,0
2014-11-26,09:00:00,1.12566,1.12653,1.1251,1.12606,0,0
2014-11-26,10:00:00,1.12606,1.12743,1.12594,1.12741,0,0
2014-11-26,11:00:00,1.1274,1.12855,1.12725,1.12748,0,0
2014-11-26,12:00:00,1.12752,1.12948,1.12731,1.12796,0,0
2014-11-26,13:00:00,1.12797,1.12854,1.1262,1.12658,0,0
2014-11-26,14:00:00,1.12648,1.12716,1.12608,1.1262,0,0
2014-11-26,15:00:00,1.12618,1.127,1.12496,1.12644,0,0
2014-11-26,16:00:00,1.12644,1.12652,1.12343,1.12429,0,0
2014-11-26,17:00:00,1.12457,1.12499,1.12292,1.12292,0,0
2014-11-26,18:00:00,1.12316,1.12383,1.12302,1.12343,0,0
2014-11-26,19:00:00,1.12344,1.12389,1.12306,1.12338,0,0
2014-11-26,20:00:00,1.12338,1.12372,1.12302,1.1232,0,0
2014-11-26,21:00:00,1.12319,1.12353,1.12262,1.12263,0,0
2014-11-26,22:00:00,1.12267,1.12361,1.12267,1.12333,0,0
2014-11-26,23:00:00,1.12326,1.12477,1.12322,1.12447,0,0
2014-11-26,23:59:00,1.1245,1.1251,1.12417,1.12483,0,0
2014-11-27,01:00:00,1.12484,1.1255,1.12459,1.12522,0,0
2014-11-27,02:00:00,1.12522,1.12585,1.12464,1.12584,0,0
2014-11-27,03:00:00,1.12584,1.12592,1.12499,1.12567,0,0
2014-11-27,04:00:00,1.12567,1.12568,1.12447,1.12456,0,0
2014-11-27,05:00:00,1.12444,1.12674,1.12444,1.12549,0,0
2014-11-27,06:00:00,1.12558,1.12626,1.12545,1.12576,0,0
2014-11-27,07:00:00,1.12576,1.12611,1.1257,1.12579,0,0
2014-11-27,08:00:00,1.12577,1.12598,1.12552,1.12574,0,0
2014-11-27,09:00:00,1.12575,1.12575,1.12382,1.12412,0,0
2014-11-27,10:00:00,1.12412,1.12667,1.12382,1.12652,0,0
2014-11-27,11:00:00,1.1265,1.12771,1.1265,1.12722,0,0
2014-11-27,12:00:00,1.12721,1.12843,1.12701,1.12803,0,0
2014-11-27,13:00:00,1.12803,1.12835,1.12515,1.12553,0,0
2014-11-27,14:00:00,1.12551,1.12563,1.1243,1.12472,0,0
2014-11-27,15:00:00,1.12472,1.12511,1.12331,1.12373,0,0
2014-11-27,16:00:00,1.12372,1.12803,1.12363,1.12763,0,0
2014-11-27,17:00:00,1.12779,1.13353,1.12763,1.13234,0,0
2014-11-27,18:00:00,1.13227,1.13524,1.13145,1.13311,0,0
2014-11-27,19:00:00,1.13322,1.13441,1.13278,1.13416,0,0
2014-11-27,20:00:00,1.134,1.13411,1.13338,1.13364,0,0
2014-11-27,21:00:00,1.13364,1.13398,1.1336,1.13398,0,0
2014-11-27,22:00:00,1.13398,1.13406,1.13289,1.13305,0,0
2014-11-27,23:00:00,1.13303,1.13323,1.13271,1.13284,0,0
2014-11-27,23:59:00,1.13282,1.134,1.13263,1.13391,0,0
2014-11-28,01:00:00,1.13392,1.13411,1.13345,1.13374,0,0
2014-11-28,02:00:00,1.13371,1.13514,1.1337,1.13488,0,0
2014-11-28,03:00:00,1.13482,1.13492,1.13369,1.13369,0,0
2014-11-28,04:00:00,1.13369,1.13401,1.1333,1.13378,0,0
2014-11-28,05:00:00,1.13378,1.13469,1.13352,1.13462,0,0
2014-11-28,06:00:00,1.13463,1.13529,1.13438,1.13518,0,0
2014-11-28,07:00:00,1.13518,1.13518,1.13434,1.13437,0,0
2014-11-28,08:00:00,1.13434,1.13491,1.13411,1.13479,0,0
2014-11-28,09:00:00,1.13479,1.13714,1.13385,1.13713,0,0
2014-11-28,10:00:00,1.13718,1.13826,1.13643,1.13799,0,0
2014-11-28,11:00:00,1.13789,1.1389,1.13705,1.13713,0,0
2014-11-28,12:00:00,1.13713,1.13903,1.13658,1.13883,0,0
2014-11-28,13:00:00,1.13881,1.13901,1.13705,1.13822,0,0
2014-11-28,14:00:00,1.13823,1.14053,1.13823,1.13993,0,0
2014-11-28,15:00:00,1.14003,1.14224,1.13626,1.1416,0,0
2014-11-28,16:00:00,1.14159,1.14256,1.13924,1.14114,0,0
2014-11-28,17:00:00,1.14097,1.14419,1.14002,1.14002,0,0
2014-11-28,18:00:00,1.13996,1.14263,1.13961,1.1424,0,0
2014-11-28,19:00:00,1.1424,1.14365,1.14142,1.14353,0,0
2014-11-28,20:00:00,1.14356,1.14392,1.1419,1.14295,0,0
2014-11-28,21:00:00,1.14296,1.14331,1.14198,1.14221,0,0
2014-11-28,22:00:00,1.14221,1.14366,1.14199,1.14354,0,0
2014-11-28,23:00:00,1.14351,1.1438,1.14314,1.14322,0,0
2014-12-01,01:00:00,1.14288,1.14544,1.14277,1.14511,0,0
2014-12-01,02:00:00,1.14511,1.14565,1.1445,1.14534,0,0
2014-12-01,03:00:00,1.14532,1.14555,1.14373,1.1444,0,0
2014-12-01,04:00:00,1.14442,1.14443,1.14287,1.14297,0,0
2014-12-01,05:00:00,1.14297,1.14412,1.14295,1.14334,0,0
2014-12-01,06:00:00,1.14334,1.14334,1.14241,1.14245,0,0
2014-12-01,07:00:00,1.14246,1.14332,1.14232,1.14309,0,0
2014-12-01,08:00:00,1.14309,1.14392,1.14294,1.14321,0,0
2014-12-01,09:00:00,1.14321,1.14414,1.14224,1.14394,0,0
2014-12-01,10:00:00,1.14403,1.14405,1.1403,1.14147,0,0
2014-12-01,11:00:00,1.14168,1.14286,1.14055,1.14076,0,0
2014-12-01,12:00:00,1.141,1.14141,1.14017,1.14084,0,0
2014-12-01,13:00:00,1.14082,1.14146,1.14029,1.14071,0,0
2014-12-01,14:00:00,1.14073,1.14073,1.13867,1.13982,0,0
2014-12-01,15:00:00,1.13983,1.13983,1.13791,1.13852,0,0
2014-12-01,16:00:00,1.13848,1.13849,1.13592,1.13625,0,0
2014-12-01,17:00:00,1.13609,1.13829,1.13603,1.13788,0,0
2014-12-01,18:00:00,1.13781,1.13832,1.13429,1.13429,0,0
2014-12-01,19:00:00,1.13415,1.1347,1.13241,1.13323,0,0
2014-12-01,20:00:00,1.13329,1.13341,1.13224,1.13237,0,0
2014-12-01,21:00:00,1.13238,1.13363,1.13115,1.13163,0,0
2014-12-01,22:00:00,1.1317,1.13312,1.1317,1.13254,0,0
2014-12-01,23:00:00,1.13257,1.1329,1.13188,1.1325,0,0
2014-12-01,23:59:00,1.13271,1.13271,1.13174,1.13182,0,0
2014-12-02,01:00:00,1.13181,1.13247,1.13178,1.13191,0,0
2014-12-02,02:00:00,1.1319,1.1325,1.13163,1.1325,0,0
2014-12-02,03:00:00,1.1325,1.13306,1.13221,1.1329,0,0
2014-12-02,04:00:00,1.13288,1.13303,1.1323,1.13252,0,0
2014-12-02,05:00:00,1.13253,1.13278,1.132,1.13224,0,0
2014-12-02,06:00:00,1.13224,1.13254,1.13174,1.13234,0,0
2014-12-02,07:00:00,1.13235,1.1329,1.1321,1.13256,0,0
2014-12-02,08:00:00,1.13258,1.13348,1.13237,1.13346,0,0
2014-12-02,09:00:00,1.13342,1.13397,1.13288,1.13291,0,0
2014-12-02,10:00:00,1.13291,1.13499,1.13275,1.13334,0,0
2014-12-02,11:00:00,1.13337,1.13459,1.13311,1.13424,0,0
2014-12-02,12:00:00,1.1343,1.13615,1.13429,1.13505,0,0
2014-12-02,13:00:00,1.13505,1.13622,1.13454,1.13614,0,0
2014-12-02,14:00:00,1.13613,1.13744,1.13534,1.1372,0,0
2014-12-02,15:00:00,1.13711,1.13733,1.13549,1.13664,0,0
2014-12-02,16:00:00,1.13666,1.1422,1.13643,1.14064,0,0
2014-12-02,17:00:00,1.14074,1.14159,1.13811,1.13857,0,0
2014-12-02,18:00:00,1.13867,1.14017,1.13851,1.13962,0,0
2014-12-02,19:00:00,1.13955,1.14002,1.1383,1.13922,0,0
2014-12-02,20:00:00,1.13923,1.14013,1.13923,1.13985,0,0
2014-12-02,21:00:00,1.13983,1.14113,1.13917,1.14041,0,0
2014-12-02,22:00:00,1.14039,1.14044,1.13918,1.13927,0,0
2014-12-02,23:00:00,1.13926,1.14053,1.13922,1.1405,0,0
2014-12-02,23:59:00,1.14044,1.14071,1.13988,1.14053,0,0
2014-12-03,01:00:00,1.14051,1.14102,1.1398,1.14005,0,0
2014-12-03,02:00:00,1.14005,1.14105,1.13942,1.14077,0,0
2014-12-03,03:00:00,1.14083,1.14085,1.13931,1.1395,0,0
2014-12-03,04:00:00,1.13951,1.13994,1.13919,1.13949,0,0
2014-12-03,05:00:00,1.13948,1.13993,1.139,1.13942,0,0
2014-12-03,06:00:00,1.13942,1.13954,1.13886,1.13922,0,0
2014-12-03,07:00:00,1.13922,1.13943,1.13898,1.1392,0,0
2014-12-03,08:00:00,1.1395,1.1395,1.1389,1.139,0,0
2014-12-03,09:00:00,1.139,1.13993,1.13821,1.13884,0,0
2014-12-03,10:00:00,1.13885,1.14009,1.13809,1.13888,0,0
2014-12-03,11:00:00,1.13888,1.13908,1.13719,1.13737,0,0
2014-12-03,12:00:00,1.13737,1.13899,1.13716,1.13793,0,0
2014-12-03,13:00:00,1.1379,1.13905,1.13775,1.13808,0,0
2014-12-03,14:00:00,1.13808,1.13913,1.13766,1.13847,0,0
2014-12-03,15:00:00,1.13847,1.13872,1.13631,1.1386,0,0
2014-12-03,16:00:00,1.13858,1.14161,1.13779,1.13883,0,0
2014-12-03,17:00:00,1.13814,1.14141,1.13448,1.13579,0,0
2014-12-03,18:00:00,1.13563,1.13624,1.13461,1.13602,0,0
2014-12-03,19:00:00,1.13585,1.13712,1.13549,1.13679,0,0
2014-12-03,20:00:00,1.13678,1.13678,1.13589,1.13644,0,0
2014-12-03,21:00:00,1.13645,1.13657,1.13551,1.1363,0,0
2014-12-03,22:00:00,1.13629,1.13684,1.1359,1.13644,0,0
2014-12-03,23:00:00,1.13643,1.13683,1.13632,1.13632,0,0
2014-12-03,23:59:00,1.13618,1.13716,1.13598,1.13711,0,0
2014-12-04,01:00:00,1.13711,1.13711,1.1361,1.13631,0,0
2014-12-04,02:00:00,1.13631,1.1366,1.13483,1.1354,0,0
2014-12-04,03:00:00,1.1354,1.13566,1.13499,1.13565,0,0
2014-12-04,04:00:00,1.13565,1.13682,1.13559,1.13638,0,0
2014-12-04,05:00:00,1.13638,1.13715,1.13622,1.13698,0,0
2014-12-04,06:00:00,1.13697,1.13712,1.13592,1.13625,0,0
2014-12-04,07:00:00,1.13624,1.13708,1.13616,1.13696,0,0
2014-12-04,08:00:00,1.13693,1.13724,1.13624,1.13643,0,0
2014-12-04,09:00:00,1.13648,1.13648,1.13383,1.13492,0,0
2014-12-04,10:00:00,1.13492,1.13592,1.1348,1.13563,0,0
2014-12-04,11:00:00,1.1357,1.13679,1.1356,1.13578,0,0
2014-12-04,12:00:00,1.13579,1.13624,1.13536,1.13616,0,0
2014-12-04,13:00:00,1.13617,1.13643,1.13509,1.13542,0,0
2014-12-04,14:00:00,1.13544,1.1369,1.13453,1.13608,0,0
2014-12-04,15:00:00,1.136,1.13807,1.13473,1.13533,0,0
2014-12-04,16:00:00,1.13533,1.13951,1.13526,1.13749,0,0
2014-12-04,17:00:00,1.13778,1.13892,1.13642,1.13725,0,0
2014-12-04,18:00:00,1.13732,1.1378,1.13628,1.13721,0,0
2014-12-04,19:00:00,1.13719,1.1381,1.13664,1.13776,0,0
2014-12-04,20:00:00,1.13786,1.13834,1.13728,1.13794,0,0
2014-12-04,21:00:00,1.13786,1.13873,1.13766,1.13841,0,0
2014-12-04,22:00:00,1.1384,1.13843,1.13705,1.13732,0,0
2014-12-04,23:00:00,1.13732,1.13819,1.13719,1.13819,0,0
2014-12-04,23:59:00,1.13839,1.13865,1.138,1.1386,0,0
2014-12-05,01:00:00,1.13852,1.13881,1.13788,1.13854,0,0
2014-12-05,02:00:00,1.13856,1.13889,1.13823,1.13852,0,0
2014-12-05,03:00:00,1.13851,1.13927,1.1385,1.13927,0,0
2014-12-05,04:00:00,1.13924,1.13948,1.13908,1.13925,0,0
2014-12-05,05:00:00,1.13925,1.13941,1.13898,1.13908,0,0
2014-12-05,06:00:00,1.13914,1.13974,1.13908,1.13935,0,0
2014-12-05,07:00:00,1.13934,1.13953,1.13886,1.13888,0,0
2014-12-05,08:00:00,1.13884,1.13916,1.13884,1.13916,0,0
2014-12-05,09:00:00,1.13917,1.14,1.13891,1.13999,0,0
2014-12-05,10:00:00,1.14001,1.14066,1.13977,1.14001,0,0
2014-12-05,11:00:00,1.14001,1.14085,1.14001,1.14007,0,0
2014-12-05,12:00:00,1.14008,1.14078,1.13973,1.14053,0,0
2014-12-05,13:00:00,1.14053,1.14156,1.13932,1.14069,0,0
2014-12-05,14:00:00,1.14073,1.1408,1.13894,1.13899,0,0
2014-12-05,15:00:00,1.13891,1.14405,1.13841,1.14193,0,0
2014-12-05,16:00:00,1.14201,1.14733,1.14057,1.14667,0,0
2014-12-05,17:00:00,1.14639,1.14639,1.14219,1.14235,0,0
2014-12-05,18:00:00,1.14244,1.1429,1.14128,1.14211,0,0
2014-12-05,19:00:00,1.14214,1.14296,1.14161,1.1427,0,0
2014-12-05,20:00:00,1.14272,1.14421,1.14259,1.14369,0,0
2014-12-05,21:00:00,1.14365,1.14388,1.14308,1.14312,0,0
2014-12-05,22:00:00,1.14313,1.14323,1.14212,1.14294,0,0
2014-12-05,23:00:00,1.14293,1.14321,1.14291,1.14321,0,0
2014-12-08,01:00:00,1.14374,1.14462,1.14366,1.1444,0,0
2014-12-08,02:00:00,1.1444,1.14456,1.14391,1.14424,0,0
2014-12-08,03:00:00,1.1443,1.14436,1.14349,1.14366,0,0
2014-12-08,04:00:00,1.14364,1.14406,1.14356,1.14398,0,0
2014-12-08,05:00:00,1.144,1.14447,1.14375,1.14444,0,0
2014-12-08,06:00:00,1.14444,1.14444,1.14379,1.14393,0,0
2014-12-08,07:00:00,1.14394,1.1441,1.14352,1.14376,0,0
2014-12-08,08:00:00,1.14376,1.14446,1.14376,1.14408,0,0
2014-12-08,09:00:00,1.14405,1.14524,1.14405,1.14501,0,0
2014-12-08,10:00:00,1.14502,1.14565,1.1441,1.14529,0,0
2014-12-08,11:00:00,1.14537,1.14542,1.14312,1.14396,0,0
2014-12-08,12:00:00,1.14396,1.14469,1.14383,1.14422,0,0
2014-12-08,13:00:00,1.14422,1.14444,1.14283,1.14394,0,0
2014-12-08,14:00:00,1.14394,1.14433,1.14247,1.14333,0,0
2014-12-08,15:00:00,1.14333,1.14439,1.14283,1.14333,0,0
2014-12-08,16:00:00,1.14331,1.14538,1.14301,1.14413,0,0
2014-12-08,17:00:00,1.14414,1.14654,1.14413,1.14549,0,0
2014-12-08,18:00:00,1.14551,1.14803,1.14469,1.14701,0,0
2014-12-08,19:00:00,1.14708,1.14835,1.14613,1.14741,0,0
2014-12-08,20:00:00,1.14751,1.14775,1.14537,1.14599,0,0
2014-12-08,21:00:00,1.14593,1.14708,1.14457,1.14708,0,0
2014-12-08,22:00:00,1.14706,1.14791,1.14704,1.14791,0,0
2014-12-08,23:00:00,1.14792,1.14806,1.1474,1.14761,0,0
2014-12-08,23:59:00,1.14769,1.14837,1.1473,1.1477,0,0
2014-12-09,01:00:00,1.1477,1.14823,1.14746,1.14801,0,0
2014-12-09,02:00:00,1.14801,1.14917,1.14792,1.14896,0,0
2014-12-09,03:00:00,1.14896,1.14911,1.14854,1.14896,0,0
2014-12-09,04:00:00,1.14895,1.14923,1.1488,1.14915,0,0
2014-12-09,05:00:00,1.14914,1.14986,1.14871,1.14902,0,0
2014-12-09,06:00:00,1.14894,1.14928,1.14841,1.14843,0,0
2014-12-09,07:00:00,1.14844,1.14896,1.1483,1.14845,0,0
2014-12-09,08:00:00,1.14846,1.14848,1.14721,1.1476,0,0
2014-12-09,09:00:00,1.1476,1.14886,1.14714,1.14734,0,0
2014-12-09,10:00:00,1.14734,1.14884,1.14612,1.14742,0,0
2014-12-09,11:00:00,1.14742,1.14809,1.14657,1.14787,0,0
2014-12-09,12:00:00,1.14788,1.14831,1.14712,1.1478,0,0
2014-12-09,13:00:00,1.1478,1.14794,1.14656,1.1467,0,0
2014-12-09,14:00:00,1.1467,1.1467,1.14497,1.14498,0,0
2014-12-09,15:00:00,1.145,1.1455,1.14302,1.14383,0,0
2014-12-09,16:00:00,1.14385,1.14474,1.14254,1.14362,0,0
2014-12-09,17:00:00,1.1437,1.14374,1.13952,1.14195,0,0
2014-12-09,18:00:00,1.14202,1.14302,1.14111,1.14203,0,0
2014-12-09,19:00:00,1.14192,1.14425,1.14185,1.14332,0,0
2014-12-09,20:00:00,1.14329,1.14373,1.14272,1.14334,0,0
2014-12-09,21:00:00,1.14328,1.14403,1.14297,1.1437,0,0
2014-12-09,22:00:00,1.14372,1.14423,1.14272,1.1437,0,0
2014-12-09,23:00:00,1.14373,1.14442,1.14367,1.14439,0,0
2014-12-09,23:59:00,1.1444,1.14473,1.14383,1.144,0,0
2014-12-10,01:00:00,1.14404,1.1441,1.14346,1.14395,0,0
2014-12-10,02:00:00,1.14395,1.14501,1.14383,1.14492,0,0
2014-12-10,03:00:00,1.14492,1.14565,1.14477,1.14538,0,0
2014-12-10,04:00:00,1.14535,1.14552,1.14473,1.14491,0,0
2014-12-10,05:00:00,1.14491,1.14495,1.14437,1.14451,0,0
2014-12-10,06:00:00,1.14453,1.14457,1.14342,1.14382,0,0
2014-12-10,07:00:00,1.14381,1.14424,1.14342,1.14399,0,0
2014-12-10,08:00:00,1.14397,1.14431,1.14373,1.14411,0,0
2014-12-10,09:00:00,1.1441,1.14464,1.14359,1.14441,0,0
2014-12-10,10:00:00,1.1445,1.146,1.1445,1.14506,0,0
2014-12-10,11:00:00,1.14511,1.14667,1.14444,1.14613,0,0
2014-12-10,12:00:00,1.14612,1.14644,1.14544,1.14603,0,0
2014-12-10,13:00:00,1.14603,1.1465,1.1455,1.14591,0,0
2014-12-10,14:00:00,1.14588,1.14654,1.14473,1.14502,0,0
2014-12-10,15:00:00,1.14506,1.14691,1.14421,1.1464,0,0
2014-12-10,16:00:00,1.14633,1.14705,1.14553,1.14637,0,0
2014-12-10,17:00:00,1.14625,1.14987,1.14596,1.14674,0,0
2014-12-10,18:00:00,1.14675,1.14885,1.1465,1.14782,0,0
2014-12-10,19:00:00,1.1478,1.14896,1.14717,1.14719,0,0
2014-12-10,20:00:00,1.14724,1.14935,1.14675,1.14905,0,0
2014-12-10,21:00:00,1.14905,1.14975,1.14815,1.14864,0,0
2014-12-10,22:00:00,1.14871,1.14887,1.14707,1.14775,0,0
2014-12-10,23:00:00,1.14775,1.14813,1.14732,1.14804,0,0
2014-12-10,23:59:00,1.14797,1.14815,1.14731,1.14763,0,0
2014-12-11,01:00:00,1.14759,1.14792,1.14626,1.14646,0,0
2014-12-11,02:00:00,1.14645,1.14693,1.14535,1.14536,0,0
2014-12-11,03:00:00,1.14535,1.14649,1.14475,1.14641,0,0
2014-12-11,04:00:00,1.14641,1.14693,1.14542,1.14585,0,0
2014-12-11,05:00:00,1.14585,1.14679,1.14531,1.14624,0,0
2014-12-11,06:00:00,1.14623,1.14642,1.14593,1.14637,0,0
2014-12-11,07:00:00,1.14637,1.14638,1.14563,1.14563,0,0
2014-12-11,08:00:00,1.14563,1.14611,1.14467,1.14496,0,0
2014-12-11,09:00:00,1.14495,1.14532,1.14462,1.1447,0,0
2014-12-11,10:00:00,1.14476,1.14653,1.14476,1.14623,0,0
2014-12-11,11:00:00,1.14623,1.14952,1.14618,1.14834,0,0
2014-12-11,12:00:00,1.14831,1.14862,1.14662,1.14775,0,0
2014-12-11,13:00:00,1.1478,1.14815,1.14668,1.14674,0,0
2014-12-11,14:00:00,1.14679,1.14854,1.1465,1.14854,0,0
2014-12-11,15:00:00,1.14854,1.15344,1.14778,1.1529,0,0
2014-12-11,16:00:00,1.15282,1.15336,1.15105,1.15155,0,0
2014-12-11,17:00:00,1.15149,1.15321,1.15111,1.15264,0,0
2014-12-11,18:00:00,1.15273,1.15462,1.1523,1.15334,0,0
2014-12-11,19:00:00,1.15331,1.15378,1.15216,1.15271,0,0
2014-12-11,20:00:00,1.15273,1.15426,1.15214,1.15426,0,0
2014-12-11,21:00:00,1.15426,1.15471,1.15375,1.15388,0,0
2014-12-11,22:00:00,1.15371,1.15385,1.1523,1.15256,0,0
2014-12-11,23:00:00,1.15263,1.1535,1.15169,1.15183,0,0
2014-12-11,23:59:00,1.15187,1.15217,1.15148,1.15205,0,0
2014-12-12,01:00:00,1.15203,1.15293,1.15168,1.15288,0,0
2014-12-12,02:00:00,1.15288,1.15381,1.15194,1.15369,0,0
2014-12-12,03:00:00,1.15366,1.15461,1.15355,1.15449,0,0
2014-12-12,04:00:00,1.15449,1.15485,1.15392,1.15477,0,0
2014-12-12,05:00:00,1.15477,1.15478,1.15445,1.15452,0,0
2014-12-12,06:00:00,1.15452,1.15463,1.15289,1.15302,0,0
2014-12-12,07:00:00,1.15303,1.15385,1.15292,1.15338,0,0
2014-12-12,08:00:00,1.15341,1.15397,1.15312,1.15352,0,0
2014-12-12,09:00:00,1.15352,1.15368,1.15287,1.15337,0,0
2014-12-12,10:00:00,1.15336,1.15563,1.15301,1.15458,0,0
2014-12-12,11:00:00,1.15453,1.1556,1.15332,1.15526,0,0
2014-12-12,12:00:00,1.15545,1.15665,1.15433,1.15634,0,0
2014-12-12,13:00:00,1.15636,1.15819,1.1561,1.15802,0,0
2014-12-12,14:00:00,1.15804,1.15887,1.15577,1.15604,0,0
2014-12-12,15:00:00,1.15605,1.158,1.15338,1.15623,0,0
2014-12-12,16:00:00,1.15617,1.15674,1.15427,1.15624,0,0
2014-12-12,17:00:00,1.1563,1.15769,1.15433,1.15445,0,0
2014-12-12,18:00:00,1.15434,1.15439,1.15145,1.15381,0,0
2014-12-12,19:00:00,1.15372,1.15507,1.15336,1.15507,0,0
2014-12-12,20:00:00,1.15508,1.15606,1.15508,1.15551,0,0
2014-12-12,21:00:00,1.15541,1.15702,1.15508,1.15673,0,0
2014-12-12,22:00:00,1.15678,1.15776,1.15652,1.15692,0,0
2014-12-12,23:00:00,1.15693,1.15713,1.15693,1.15713,0,0
2014-12-15,01:00:00,1.15687,1.15736,1.15607,1.15627,0,0
2014-12-15,02:00:00,1.15625,1.15715,1.15605,1.15697,0,0
2014-12-15,03:00:00,1.15701,1.15819,1.15686,1.15743,0,0
2014-12-15,04:00:00,1.15743,1.15803,1.15677,1.15701,0,0
2014-12-15,05:00:00,1.15697,1.15704,1.15467,1.15558,0,0
2014-12-15,06:00:00,1.15558,1.15585,1.1553,1.15583,0,0
2014-12-15,07:00:00,1.15582,1.15618,1.15519,1.15544,0,0
2014-12-15,08:00:00,1.15544,1.15583,1.15466,1.15528,0,0
2014-12-15,09:00:00,1.15527,1.15732,1.15525,1.15647,0,0
2014-12-15,10:00:00,1.15646,1.15752,1.15539,1.15632,0,0
2014-12-15,11:00:00,1.15641,1.15803,1.15608,1.15788,0,0
2014-12-15,12:00:00,1.15791,1.158,1.1567,1.15788,0,0
2014-12-15,13:00:00,1.15797,1.15875,1.15766,1.15846,0,0
2014-12-15,14:00:00,1.15853,1.15944,1.15798,1.15922,0,0
2014-12-15,15:00:00,1.15922,1.15954,1.15808,1.15841,0,0
2014-12-15,16:00:00,1.1583,1.16022,1.15799,1.15924,0,0
2014-12-15,17:00:00,1.15919,1.16269,1.15892,1.16219,0,0
2014-12-15,18:00:00,1.16207,1.16379,1.16121,1.16268,0,0
2014-12-15,19:00:00,1.1627,1.1644,1.16264,1.16416,0,0
2014-12-15,20:00:00,1.16402,1.16525,1.16308,1.16474,0,0
2014-12-15,21:00:00,1.1648,1.16554,1.16425,1.16433,0,0
2014-12-15,22:00:00,1.16432,1.16527,1.16405,1.16527,0,0
2014-12-15,23:00:00,1.16532,1.16711,1.16449,1.16687,0,0
2014-12-15,23:59:00,1.16701,1.16701,1.1656,1.1656,0,0
2014-12-16,01:00:00,1.16552,1.16595,1.16522,1.16539,0,0
2014-12-16,02:00:00,1.1654,1.16607,1.16508,1.16536,0,0
2014-12-16,03:00:00,1.16545,1.16583,1.16467,1.1648,0,0
2014-12-16,04:00:00,1.16478,1.16538,1.16453,1.16466,0,0
2014-12-16,05:00:00,1.16466,1.16483,1.16366,1.16367,0,0
2014-12-16,06:00:00,1.16357,1.16423,1.16319,1.16423,0,0
2014-12-16,07:00:00,1.16421,1.16437,1.1638,1.1638,0,0
2014-12-16,08:00:00,1.16379,1.16379,1.16311,1.16371,0,0
2014-12-16,09:00:00,1.16375,1.16496,1.16315,1.16468,0,0
2014-12-16,10:00:00,1.16466,1.16542,1.16342,1.16451,0,0
2014-12-16,11:00:00,1.16454,1.16572,1.16352,1.16372,0,0
2014-12-16,12:00:00,1.16372,1.16457,1.16314,1.16392,0,0
2014-12-16,13:00:00,1.16391,1.16552,1.16363,1.1645,0,0
2014-12-16,14:00:00,1.16459,1.16626,1.1643,1.16443,0,0
2014-12-16,15:00:00,1.16452,1.16563,1.16251,1.16263,0,0
2014-12-16,16:00:00,1.16283,1.16363,1.16095,1.16312,0,0
2014-12-16,17:00:00,1.1631,1.16367,1.16048,1.163,0,0
2014-12-16,18:00:00,1.16305,1.16392,1.16151,1.1622,0,0
2014-12-16,19:00:00,1.16225,1.16356,1.16197,1.16232,0,0
2014-12-16,20:00:00,1.16227,1.16335,1.16203,1.16335,0,0
2014-12-16,21:00:00,1.16335,1.16349,1.16236,1.16341,0,0
2014-12-16,22:00:00,1.16338,1.16412,1.16288,1.16312,0,0
2014-12-16,23:00:00,1.16329,1.16349,1.16204,1.16238,0,0
2014-12-16,23:59:00,1.16241,1.16338,1.16234,1.16251,0,0
2014-12-17,01:00:00,1.16258,1.16341,1.16258,1.16311,0,0
2014-12-17,02:00:00,1.16311,1.16348,1.16247,1.16254,0,0
2014-12-17,03:00:00,1.16258,1.16274,1.16207,1.16227,0,0
2014-12-17,04:00:00,1.16227,1.1633,1.1621,1.16329,0,0
2014-12-17,05:00:00,1.16331,1.16372,1.16304,1.16372,0,0
2014-12-17,06:00:00,1.16371,1.16413,1.16342,1.16379,0,0
2014-12-17,07:00:00,1.16378,1.16444,1.16378,1.16412,0,0
2014-12-17,08:00:00,1.16412,1.16453,1.1634,1.16449,0,0
2014-12-17,09:00:00,1.16443,1.16476,1.16329,1.16476,0,0
2014-12-17,10:00:00,1.16475,1.16575,1.16414,1.16523,0,0
2014-12-17,11:00:00,1.16541,1.16575,1.1648,1.16537,0,0
2014-12-17,12:00:00,1.16539,1.16578,1.1647,1.16565,0,0
2014-12-17,13:00:00,1.16565,1.16565,1.16405,1.16414,0,0
2014-12-17,14:00:00,1.16414,1.16471,1.16348,1.16372,0,0
2014-12-17,15:00:00,1.1638,1.16414,1.16204,1.16229,0,0
2014-12-17,16:00:00,1.16226,1.16463,1.16226,1.16364,0,0
2014-12-17,17:00:00,1.16363,1.16695,1.16363,1.1657,0,0
2014-12-17,18:00:00,1.16568,1.1657,1.16242,1.16282,0,0
2014-12-17,19:00:00,1.16301,1.16301,1.15974,1.16064,0,0
2014-12-17,20:00:00,1.16065,1.16168,1.15914,1.161,0,0
2014-12-17,21:00:00,1.16093,1.16666,1.15582,1.16659,0,0
2014-12-17,22:00:00,1.16659,1.16659,1.16312,1.16382,0,0
2014-12-17,23:00:00,1.16366,1.16518,1.16285,1.16286,0,0
2014-12-17,23:59:00,1.16267,1.16468,1.16267,1.16429,0,0
2014-12-18,01:00:00,1.16429,1.16441,1.16334,1.16344,0,0
2014-12-18,02:00:00,1.16344,1.16429,1.16338,1.16369,0,0
2014-12-18,03:00:00,1.16356,1.16374,1.16321,1.1634,0,0
2014-12-18,04:00:00,1.1634,1.16353,1.16289,1.16339,0,0
2014-12-18,05:00:00,1.16339,1.16353,1.16233,1.16349,0,0
2014-12-18,06:00:00,1.16349,1.16349,1.16256,1.16326,0,0
2014-12-18,07:00:00,1.16326,1.16367,1.16295,1.16327,0,0
2014-12-18,08:00:00,1.16326,1.16381,1.16309,1.1636,0,0
2014-12-18,09:00:00,1.16356,1.16437,1.16199,1.1622,0,0
2014-12-18,10:00:00,1.1622,1.16281,1.16062,1.16075,0,0
2014-12-18,11:00:00,1.16074,1.1615,1.16013,1.16054,0,0
2014-12-18,12:00:00,1.16061,1.16061,1.1578,1.15832,0,0
2014-12-18,13:00:00,1.15833,1.15845,1.15676,1.1579,0,0
2014-12-18,14:00:00,1.15789,1.16088,1.15789,1.16088,0,0
2014-12-18,15:00:00,1.16088,1.16109,1.15944,1.15983,0,0
2014-12-18,16:00:00,1.15972,1.16243,1.15972,1.16129,0,0
2014-12-18,17:00:00,1.16119,1.16264,1.16014,1.16017,0,0
2014-12-18,18:00:00,1.16026,1.16158,1.15913,1.15919,0,0
2014-12-18,19:00:00,1.15922,1.16012,1.1582,1.15999,0,0
2014-12-18,20:00:00,1.15999,1.16026,1.15926,1.15993,0,0
2014-12-18,21:00:00,1.15993,1.16037,1.15926,1.15946,0,0
2014-12-18,22:00:00,1.15947,1.16002,1.15846,1.15943,0,0
2014-12-18,23:00:00,1.15955,1.16014,1.15738,1.15745,0,0
2014-12-18,23:59:00,1.1575,1.15863,1.1574,1.15822,0,0
2014-12-19,01:00:00,1.15803,1.15861,1.15758,1.15829,0,0
2014-12-19,02:00:00,1.15829,1.15867,1.15784,1.15861,0,0
2014-12-19,03:00:00,1.15861,1.15867,1.15742,1.15751,0,0
2014-12-19,04:00:00,1.15751,1.15806,1.15726,1.15775,0,0
2014-12-19,05:00:00,1.15773,1.15791,1.15721,1.1578,0,0
2014-12-19,06:00:00,1.15781,1.15781,1.15712,1.15725,0,0
2014-12-19,07:00:00,1.15732,1.15738,1.15661,1.15724,0,0
2014-12-19,08:00:00,1.15724,1.15821,1.15704,1.1579,0,0
2014-12-19,09:00:00,1.1579,1.15848,1.15735,1.15738,0,0
2014-12-19,10:00:00,1.15738,1.15915,1.15722,1.15902,0,0
2014-12-19,11:00:00,1.15902,1.15982,1.15898,1.15962,0,0
2014-12-19,12:00:00,1.15964,1.15978,1.15897,1.15904,0,0
2014-12-19,13:00:00,1.15902,1.1595,1.15874,1.1595,0,0
2014-12-19,14:00:00,1.15953,1.15984,1.15873,1.15951,0,0
2014-12-19,15:00:00,1.15952,1.16305,1.15877,1.16024,0,0
2014-12-19,16:00:00,1.16035,1.16051,1.15899,1.16004,0,0
2014-12-19,17:00:00,1.15999,1.16196,1.15955,1.15966,0,0
2014-12-19,18:00:00,1.15971,1.16267,1.15941,1.16264,0,0
2014-12-19,19:00:00,1.16266,1.16274,1.16173,1.16213,0,0
2014-12-19,20:00:00,1.16213,1.16226,1.16104,1.16111,0,0
2014-12-19,21:00:00,1.16111,1.16213,1.15972,1.16002,0,0
2014-12-19,22:00:00,1.16004,1.1608,1.15935,1.16063,0,0
2014-12-19,23:00:00,1.16048,1.16048,1.16026,1.16028,0,0
2014-12-22,01:00:00,1.161,1.16155,1.1609,1.161,0,0
2014-12-22,02:00:00,1.161,1.16165,1.1603,1.1608,0,0
2014-12-22,03:00:00,1.1608,1.1614,1.16037,1.1606,0,0
2014-12-22,04:00:00,1.161,1.16143,1.1604,1.16143,0,0
2014-12-22,05:00:00,1.16145,1.1615,1.1599,1.16087,0,0
2014-12-22,06:00:00,1.16088,1.16088,1.1596,1.1597,0,0
2014-12-22,07:00:00,1.16025,1.16035,1.15889,1.15897,0,0
2014-12-22,08:00:00,1.15895,1.15919,1.15886,1.15911,0,0
2014-12-22,09:00:00,1.15909,1.15914,1.15774,1.15774,0,0
2014-12-22,10:00:00,1.15774,1.15864,1.15771,1.15822,0,0
2014-12-22,11:00:00,1.15831,1.16016,1.15831,1.15984,0,0
2014-12-22,12:00:00,1.15975,1.15993,1.15861,1.15865,0,0
2014-12-22,13:00:00,1.15865,1.16108,1.15812,1.16108,0,0
2014-12-22,14:00:00,1.16108,1.16243,1.16055,1.16241,0,0
2014-12-22,15:00:00,1.16243,1.16392,1.16223,1.16324,0,0
2014-12-22,16:00:00,1.16322,1.16376,1.16158,1.16271,0,0
2014-12-22,17:00:00,1.1627,1.16444,1.16234,1.16396,0,0
2014-12-22,18:00:00,1.16388,1.16448,1.16363,1.16435,0,0
2014-12-22,19:00:00,1.16426,1.16433,1.16354,1.1638,0,0
2014-12-22,20:00:00,1.16384,1.16422,1.16327,1.16327,0,0
2014-12-22,21:00:00,1.16328,1.16432,1.16326,1.16428,0,0
2014-12-22,22:00:00,1.16428,1.16449,1.16331,1.1637,0,0
2014-12-22,23:00:00,1.16369,1.16401,1.16251,1.16265,0,0
2014-12-22,23:59:00,1.16265,1.16347,1.16256,1.16347,0,0
2014-12-23,01:00:00,1.1635,1.16446,1.16348,1.16415,0,0
2014-12-23,02:00:00,1.16401,1.16421,1.16301,1.16304,0,0
2014-12-23,03:00:00,1.16302,1.16305,1.16236,1.16246,0,0
2014-12-23,04:00:00,1.16246,1.16247,1.16139,1.16166,0,0
2014-12-23,05:00:00,1.16167,1.16179,1.16135,1.16177,0,0
2014-12-23,06:00:00,1.16177,1.16185,1.16132,1.16156,0,0
2014-12-23,07:00:00,1.16156,1.16216,1.16149,1.16161,0,0
2014-12-23,08:00:00,1.1616,1.16198,1.16151,1.16163,0,0
2014-12-23,09:00:00,1.16161,1.16207,1.16129,1.16196,0,0
2014-12-23,10:00:00,1.16197,1.16263,1.16133,1.16149,0,0
2014-12-23,11:00:00,1.16148,1.16196,1.1612,1.1614,0,0
2014-12-23,12:00:00,1.16158,1.16205,1.16146,1.16166,0,0
2014-12-23,13:00:00,1.16166,1.16214,1.1615,1.16196,0,0
2014-12-23,14:00:00,1.16201,1.16316,1.16199,1.16301,0,0
2014-12-23,15:00:00,1.16302,1.16558,1.16215,1.16538,0,0
2014-12-23,16:00:00,1.16528,1.16657,1.16523,1.16583,0,0
2014-12-23,17:00:00,1.16493,1.16508,1.16086,1.16107,0,0
2014-12-23,18:00:00,1.16107,1.16284,1.16096,1.16259,0,0
2014-12-23,19:00:00,1.16258,1.16258,1.1598,1.16106,0,0
2014-12-23,20:00:00,1.16106,1.16206,1.16101,1.16133,0,0
2014-12-23,21:00:00,1.16133,1.16235,1.161,1.16142,0,0
2014-12-23,22:00:00,1.16149,1.16304,1.16128,1.1628,0,0
2014-12-23,23:00:00,1.16275,1.1629,1.1614,1.16147,0,0
2014-12-23,23:59:00,1.16147,1.16273,1.1612,1.16237,0,0
2014-12-24,01:00:00,1.16233,1.16243,1.16142,1.16175,0,0
2014-12-24,02:00:00,1.16175,1.16215,1.16171,1.16171,0,0
2014-12-24,03:00:00,1.16171,1.16261,1.16171,1.16239,0,0
2014-12-24,04:00:00,1.16239,1.16244,1.16162,1.1624,0,0
2014-12-24,05:00:00,1.16249,1.1627,1.16174,1.16183,0,0
2014-12-24,06:00:00,1.16185,1.16186,1.16163,1.16168,0,0
2014-12-24,07:00:00,1.16179,1.16212,1.16162,1.16171,0,0
2014-12-24,08:00:00,1.16174,1.16211,1.16169,1.16204,0,0
2014-12-24,09:00:00,1.16204,1.16211,1.1608,1.1608,0,0
2014-12-24,10:00:00,1.16069,1.16129,1.16049,1.16061,0,0
2014-12-24,11:00:00,1.16061,1.16129,1.16056,1.16095,0,0
2014-12-24,12:00:00,1.16094,1.16094,1.1602,1.16028,0,0
2014-12-24,13:00:00,1.1604,1.16115,1.16013,1.16017,0,0
2014-12-24,14:00:00,1.16017,1.16072,1.15981,1.16011,0,0
2014-12-24,15:00:00,1.16008,1.16049,1.15893,1.16009,0,0
2014-12-24,16:00:00,1.16007,1.16265,1.16005,1.16221,0,0
2014-12-24,17:00:00,1.16252,1.16398,1.16035,1.16054,0,0
2014-12-24,18:00:00,1.16087,1.16237,1.16042,1.16201,0,0
2014-12-24,19:00:00,1.16199,1.16279,1.16199,1.16222,0,0
2014-12-24,20:00:00,1.16222,1.1637,1.16128,1.1625,0,0
2014-12-24,21:00:00,1.1625,1.1631,1.1619,1.16245,0,0
2014-12-24,22:00:00,1.16245,1.16385,1.162,1.16282,0,0
2014-12-24,23:00:00,1.1622,1.1631,1.1616,1.1625,0,0
2014-12-24,23:59:00,1.16221,1.16295,1.1617,1.16233,0,0
2014-12-26,01:00:00,1.1607,1.16195,1.16068,1.16189,0,0
2014-12-26,02:00:00,1.16221,1.16246,1.1619,1.16236,0,0
2014-12-26,03:00:00,1.16238,1.16244,1.16198,1.16202,0,0
2014-12-26,04:00:00,1.16208,1.16227,1.16133,1.16145,0,0
2014-12-26,05:00:00,1.16143,1.16176,1.161,1.16167,0,0
2014-12-26,06:00:00,1.1617,1.16173,1.16123,1.16137,0,0
2014-12-26,07:00:00,1.16134,1.16176,1.16129,1.16166,0,0
2014-12-26,08:00:00,1.16166,1.16179,1.16123,1.16143,0,0
2014-12-26,09:00:00,1.16145,1.16151,1.16093,1.16099,0,0
2014-12-26,10:00:00,1.16114,1.16127,1.16097,1.16104,0,0
2014-12-26,11:00:00,1.16104,1.16127,1.16076,1.16103,0,0
2014-12-26,12:00:00,1.16103,1.16122,1.16098,1.16098,0,0
2014-12-26,13:00:00,1.16099,1.16099,1.16045,1.1607,0,0
2014-12-26,14:00:00,1.16072,1.16115,1.16065,1.16086,0,0
2014-12-26,15:00:00,1.16086,1.16119,1.1602,1.16043,0,0
2014-12-26,16:00:00,1.16046,1.16127,1.1604,1.16102,0,0
2014-12-26,17:00:00,1.16101,1.16148,1.16069,1.16096,0,0
2014-12-26,18:00:00,1.16078,1.16155,1.16074,1.16153,0,0
2014-12-26,19:00:00,1.16145,1.16222,1.16142,1.16222,0,0
2014-12-26,20:00:00,1.16221,1.16276,1.16201,1.16273,0,0
2014-12-26,21:00:00,1.16273,1.16287,1.16213,1.16235,0,0
2014-12-26,22:00:00,1.16245,1.16263,1.16215,1.16243,0,0
2014-12-26,23:00:00,1.16243,1.16243,1.16243,1.16243,0,0
2014-12-29,01:00:00,1.16242,1.16317,1.16242,1.16314,0,0
2014-12-29,02:00:00,1.16314,1.16332,1.1629,1.16294,0,0
2014-12-29,03:00:00,1.16292,1.16323,1.1621,1.16265,0,0
2014-12-29,04:00:00,1.16265,1.16335,1.16257,1.16318,0,0
2014-12-29,05:00:00,1.16316,1.16317,1.16236,1.16287,0,0
2014-12-29,06:00:00,1.16287,1.16299,1.16202,1.16203,0,0
2014-12-29,07:00:00,1.16203,1.16214,1.16149,1.16197,0,0
2014-12-29,08:00:00,1.16197,1.16248,1.16169,1.16187,0,0
2014-12-29,09:00:00,1.16189,1.16254,1.16162,1.16194,0,0
2014-12-29,10:00:00,1.162,1.16223,1.16138,1.16144,0,0
2014-12-29,11:00:00,1.16144,1.16289,1.16074,1.16093,0,0
2014-12-29,12:00:00,1.1608,1.16276,1.16046,1.16271,0,0
2014-12-29,13:00:00,1.16273,1.16367,1.16229,1.16229,0,0
2014-12-29,14:00:00,1.16229,1.16345,1.16188,1.16295,0,0
2014-12-29,15:00:00,1.16293,1.16323,1.16239,1.16275,0,0
2014-12-29,16:00:00,1.16277,1.16317,1.16219,1.16263,0,0
2014-12-29,17:00:00,1.16263,1.16305,1.16132,1.16224,0,0
2014-12-29,18:00:00,1.16224,1.16355,1.16191,1.16332,0,0
2014-12-29,19:00:00,1.16305,1.16475,1.16272,1.16402,0,0
2014-12-29,20:00:00,1.16401,1.16467,1.16297,1.16338,0,0
2014-12-29,21:00:00,1.16338,1.16346,1.16254,1.16323,0,0
2014-12-29,22:00:00,1.16321,1.16362,1.16252,1.16276,0,0
2014-12-29,23:00:00,1.16278,1.16453,1.16278,1.16355,0,0
2014-12-29,23:59:00,1.1634,1.16464,1.16326,1.16458,0,0
2014-12-30,01:00:00,1.16461,1.16461,1.16409,1.16422,0,0
2014-12-30,02:00:00,1.16423,1.16423,1.16342,1.1636,0,0
2014-12-30,03:00:00,1.1636,1.16404,1.16357,1.16402,0,0
2014-12-30,04:00:00,1.16403,1.16474,1.16401,1.16425,0,0
2014-12-30,05:00:00,1.16425,1.16454,1.16424,1.16445,0,0
2014-12-30,06:00:00,1.16446,1.1645,1.16419,1.16441,0,0
2014-12-30,07:00:00,1.16453,1.16474,1.16434,1.16435,0,0
2014-12-30,08:00:00,1.16435,1.16496,1.16425,1.16496,0,0
2014-12-30,09:00:00,1.16496,1.16501,1.16314,1.16329,0,0
2014-12-30,10:00:00,1.16329,1.16333,1.1621,1.16274,0,0
2014-12-30,11:00:00,1.16259,1.16338,1.16216,1.16234,0,0
2014-12-30,12:00:00,1.16254,1.16324,1.16211,1.16324,0,0
2014-12-30,13:00:00,1.16322,1.16322,1.16132,1.16139,0,0
2014-12-30,14:00:00,1.16139,1.16255,1.16131,1.1624,0,0
2014-12-30,15:00:00,1.1624,1.16245,1.16118,1.16209,0,0
2014-12-30,16:00:00,1.16208,1.16261,1.1611,1.16195,0,0
2014-12-30,17:00:00,1.16212,1.16232,1.15983,1.16043,0,0
2014-12-30,18:00:00,1.16028,1.16079,1.15963,1.15965,0,0
2014-12-30,19:00:00,1.15965,1.16045,1.15964,1.16024,0,0
2014-12-30,20:00:00,1.16024,1.16024,1.15966,1.15988,0,0
2014-12-30,21:00:00,1.15976,1.16025,1.15958,1.16025,0,0
2014-12-30,22:00:00,1.16022,1.16064,1.16012,1.1606,0,0
2014-12-30,23:00:00,1.1606,1.16097,1.16019,1.16097,0,0
2014-12-30,23:59:00,1.16096,1.16108,1.16054,1.1609,0,0
2014-12-31,01:00:00,1.1609,1.16116,1.16031,1.16031,0,0
2014-12-31,02:00:00,1.16031,1.16049,1.15966,1.15997,0,0
2014-12-31,03:00:00,1.15994,1.15997,1.15911,1.15911,0,0
2014-12-31,04:00:00,1.15912,1.15912,1.15862,1.15887,0,0
2014-12-31,05:00:00,1.15887,1.16025,1.15879,1.16022,0,0
2014-12-31,06:00:00,1.16021,1.16037,1.15992,1.16036,0,0
2014-12-31,07:00:00,1.16037,1.16063,1.16004,1.16014,0,0
2014-12-31,08:00:00,1.16012,1.16081,1.15967,1.16067,0,0
2014-12-31,09:00:00,1.16067,1.16143,1.16064,1.16078,0,0
2014-12-31,10:00:00,1.16076,1.16106,1.15923,1.15924,0,0
2014-12-31,11:00:00,1.15972,1.16047,1.15893,1.15902,0,0
2014-12-31,12:00:00,1.15905,1.15906,1.15758,1.15844,0,0
2014-12-31,13:00:00,1.15833,1.15842,1.15769,1.15782,0,0
2014-12-31,14:00:00,1.15784,1.15864,1.15703,1.15813,0,0
2014-12-31,15:00:00,1.15883,1.16064,1.15745,1.15934,0,0
2014-12-31,16:00:00,1.15934,1.15985,1.15892,1.15905,0,0
2014-12-31,17:00:00,1.15905,1.15969,1.15748,1.15857,0,0
2014-12-31,18:00:00,1.15646,1.16006,1.15643,1.16004,0,0
2014-12-31,19:00:00,1.16024,1.16171,1.16022,1.16128,0,0
2014-12-31,20:00:00,1.16138,1.16139,1.16042,1.16119,0,0
2014-12-31,21:00:00,1.16132,1.16266,1.16131,1.16244,0,0
2014-12-31,22:00:00,1.16208,1.16259,1.15932,1.16169,0,0
2014-12-31,23:00:00,1.16178,1.16275,1.1611,1.16247,0,0
2014-12-31,23:59:00,1.16265,1.16275,1.16055,1.16185,0,0
2015-01-02,01:00:00,1.16094,1.16229,1.16006,1.16151,0,0
2015-01-02,02:00:00,1.16154,1.16275,1.16154,1.16267,0,0
2015-01-02,03:00:00,1.16267,1.16371,1.16259,1.1633,0,0
2015-01-02,04:00:00,1.1633,1.16384,1.16314,1.16349,0,0
2015-01-02,05:00:00,1.16355,1.16369,1.16344,1.1635,0,0
2015-01-02,06:00:00,1.16349,1.16534,1.16347,1.16502,0,0
2015-01-02,07:00:00,1.16502,1.16534,1.16447,1.16477,0,0
2015-01-02,08:00:00,1.16486,1.16557,1.16457,1.1648,0,0
2015-01-02,09:00:00,1.16482,1.16578,1.1648,1.16489,0,0
2015-01-02,10:00:00,1.1648,1.16537,1.1643,1.16474,0,0
2015-01-02,11:00:00,1.16512,1.166,1.16426,1.166,0,0
2015-01-02,12:00:00,1.166,1.16657,1.16558,1.16566,0,0
2015-01-02,13:00:00,1.16566,1.1666,1.1653,1.16633,0,0
2015-01-02,14:00:00,1.16633,1.16837,1.1663,1.16787,0,0
2015-01-02,15:00:00,1.16789,1.16955,1.16775,1.16954,0,0
2015-01-02,16:00:00,1.16954,1.17072,1.1692,1.17047,0,0
2015-01-02,17:00:00,1.17047,1.17281,1.16955,1.17119,0,0
2015-01-02,18:00:00,1.1712,1.17391,1.17086,1.17247,0,0
2015-01-02,19:00:00,1.17247,1.17473,1.17247,1.17384,0,0
2015-01-02,20:00:00,1.1741,1.17466,1.17398,1.17435,0,0
2015-01-02,21:00:00,1.17436,1.17556,1.1737,1.17471,0,0
2015-01-02,22:00:00,1.17487,1.17618,1.17471,1.17606,0,0
2015-01-02,23:00:00,1.17606,1.17613,1.17601,1.17613,0,0
2015-01-05,01:00:00,1.1796,1.18125,1.17906,1.17923,0,0
2015-01-05,02:00:00,1.17912,1.17912,1.17742,1.17834,0,0
2015-01-05,03:00:00,1.17831,1.17964,1.1773,1.17924,0,0
2015-01-05,04:00:00,1.1792,1.17953,1.1782,1.17948,0,0
2015-01-05,05:00:00,1.17948,1.18114,1.17942,1.18056,0,0
2015-01-05,06:00:00,1.18082,1.18116,1.18054,1.18097,0,0
2015-01-05,07:00:00,1.18113,1.18115,1.18044,1.18044,0,0
2015-01-05,08:00:00,1.18054,1.18106,1.18016,1.18057,0,0
2015-01-05,09:00:00,1.18059,1.18071,1.1796,1.1797,0,0
2015-01-05,10:00:00,1.1797,1.17974,1.17754,1.1782,0,0
2015-01-05,11:00:00,1.1782,1.17881,1.1771,1.17721,0,0
2015-01-05,12:00:00,1.17721,1.17995,1.17672,1.17992,0,0
2015-01-05,13:00:00,1.17993,1.18076,1.17924,1.17946,0,0
2015-01-05,14:00:00,1.17943,1.17967,1.17847,1.17884,0,0
2015-01-05,15:00:00,1.17904,1.17915,1.17606,1.17803,0,0
2015-01-05,16:00:00,1.17803,1.1785,1.17667,1.17746,0,0
2015-01-05,17:00:00,1.17751,1.17978,1.17729,1.17871,0,0
2015-01-05,18:00:00,1.17876,1.17918,1.17808,1.17849,0,0
2015-01-05,19:00:00,1.17838,1.17937,1.17803,1.17836,0,0
2015-01-05,20:00:00,1.17836,1.17896,1.1768,1.1768,0,0
2015-01-05,21:00:00,1.17696,1.17712,1.17426,1.17587,0,0
2015-01-05,22:00:00,1.17596,1.17596,1.17445,1.17489,0,0
2015-01-05,23:00:00,1.17489,1.17623,1.17445,1.17595,0,0
2015-01-05,23:59:00,1.17594,1.17648,1.17563,1.17593,0,0
2015-01-06,01:00:00,1.17591,1.17622,1.17523,1.17564,0,0
2015-01-06,02:00:00,1.17567,1.17596,1.17455,1.17455,0,0
2015-01-06,03:00:00,1.17453,1.17535,1.17409,1.17457,0,0
2015-01-06,04:00:00,1.1746,1.17492,1.17303,1.17371,0,0
2015-01-06,05:00:00,1.17376,1.17457,1.17374,1.17399,0,0
2015-01-06,06:00:00,1.17399,1.17458,1.17388,1.17442,0,0
2015-01-06,07:00:00,1.17442,1.17473,1.17379,1.17391,0,0
2015-01-06,08:00:00,1.1739,1.17457,1.17385,1.17455,0,0
2015-01-06,09:00:00,1.17477,1.17683,1.17464,1.17677,0,0
2015-01-06,10:00:00,1.17677,1.1777,1.176,1.17656,0,0
2015-01-06,11:00:00,1.17678,1.17767,1.17575,1.17696,0,0
2015-01-06,12:00:00,1.1768,1.17846,1.17664,1.17767,0,0
2015-01-06,13:00:00,1.17766,1.17794,1.17646,1.17707,0,0
2015-01-06,14:00:00,1.1775,1.17816,1.17675,1.17677,0,0
2015-01-06,15:00:00,1.17665,1.17736,1.17588,1.17685,0,0
2015-01-06,16:00:00,1.17683,1.17914,1.17653,1.17776,0,0
2015-01-06,17:00:00,1.17757,1.17899,1.17524,1.17889,0,0
2015-01-06,18:00:00,1.17885,1.18116,1.17861,1.18026,0,0
2015-01-06,19:00:00,1.18042,1.18133,1.17956,1.1813,0,0
2015-01-06,20:00:00,1.18129,1.18239,1.18082,1.18137,0,0
2015-01-06,21:00:00,1.18139,1.18182,1.18103,1.18155,0,0
2015-01-06,22:00:00,1.18173,1.18289,1.18111,1.1827,0,0
2015-01-06,23:00:00,1.18274,1.18364,1.18258,1.18336,0,0
2015-01-06,23:59:00,1.18336,1.18444,1.18327,1.18412,0,0
2015-01-07,01:00:00,1.18396,1.184,1.18358,1.18378,0,0
2015-01-07,02:00:00,1.18377,1.18386,1.18302,1.18326,0,0
2015-01-07,03:00:00,1.18316,1.18325,1.18225,1.18264,0,0
2015-01-07,04:00:00,1.18264,1.1831,1.18224,1.18276,0,0
2015-01-07,05:00:00,1.18276,1.18335,1.18265,1.18293,0,0
2015-01-07,06:00:00,1.18293,1.18307,1.18251,1.18299,0,0
2015-01-07,07:00:00,1.18299,1.18424,1.18264,1.1835,0,0
2015-01-07,08:00:00,1.18351,1.18456,1.18339,1.18424,0,0
2015-01-07,09:00:00,1.18424,1.18455,1.18292,1.18354,0,0
2015-01-07,10:00:00,1.18357,1.18575,1.18272,1.1857,0,0
2015-01-07,11:00:00,1.18568,1.18668,1.18524,1.18665,0,0
2015-01-07,12:00:00,1.18665,1.18673,1.18245,1.18248,0,0
2015-01-07,13:00:00,1.18244,1.18387,1.182,1.18386,0,0
2015-01-07,14:00:00,1.18385,1.18389,1.18123,1.18203,0,0
2015-01-07,15:00:00,1.18203,1.18512,1.18144,1.18485,0,0
2015-01-07,16:00:00,1.18485,1.18618,1.18402,1.18409,0,0
2015-01-07,17:00:00,1.18354,1.1866,1.18192,1.18625,0,0
2015-01-07,18:00:00,1.18632,1.18639,1.18452,1.18491,0,0
2015-01-07,19:00:00,1.18515,1.1854,1.18453,1.18495,0,0
2015-01-07,20:00:00,1.18513,1.18572,1.18434,1.18494,0,0
2015-01-07,21:00:00,1.18485,1.18713,1.1818,1.18203,0,0
2015-01-07,22:00:00,1.18238,1.1829,1.18179,1.18199,0,0
2015-01-07,23:00:00,1.18197,1.18291,1.18131,1.18133,0,0
2015-01-07,23:59:00,1.1815,1.1821,1.18116,1.18157,0,0
2015-01-08,01:00:00,1.18158,1.18198,1.18132,1.18176,0,0
2015-01-08,02:00:00,1.18174,1.18177,1.18074,1.18163,0,0
2015-01-08,03:00:00,1.18172,1.18246,1.18121,1.18214,0,0
2015-01-08,04:00:00,1.18208,1.18258,1.18182,1.18249,0,0
2015-01-08,05:00:00,1.18249,1.18296,1.18192,1.18231,0,0
2015-01-08,06:00:00,1.18231,1.18271,1.18209,1.18257,0,0
2015-01-08,07:00:00,1.18283,1.18292,1.18244,1.1826,0,0
2015-01-08,08:00:00,1.1826,1.18295,1.1822,1.18234,0,0
2015-01-08,09:00:00,1.18238,1.18375,1.18238,1.18323,0,0
2015-01-08,10:00:00,1.18321,1.18341,1.18213,1.18267,0,0
2015-01-08,11:00:00,1.18269,1.18299,1.18066,1.18114,0,0
2015-01-08,12:00:00,1.18098,1.18162,1.18007,1.18083,0,0
2015-01-08,13:00:00,1.1809,1.18098,1.1796,1.1805,0,0
2015-01-08,14:00:00,1.18072,1.18223,1.17972,1.18125,0,0
2015-01-08,15:00:00,1.18159,1.18273,1.1808,1.18196,0,0
2015-01-08,16:00:00,1.18198,1.18368,1.18123,1.1814,0,0
2015-01-08,17:00:00,1.18142,1.18269,1.18065,1.1819,0,0
2015-01-08,18:00:00,1.18217,1.18227,1.18083,1.18116,0,0
2015-01-08,19:00:00,1.18116,1.18165,1.18059,1.18161,0,0
2015-01-08,20:00:00,1.1816,1.18355,1.18145,1.18344,0,0
2015-01-08,21:00:00,1.18344,1.1843,1.18283,1.18414,0,0
2015-01-08,22:00:00,1.18375,1.18404,1.1834,1.18349,0,0
2015-01-08,23:00:00,1.18348,1.18383,1.18258,1.18291,0,0
2015-01-08,23:59:00,1.18292,1.18397,1.18274,1.18362,0,0
2015-01-09,01:00:00,1.18383,1.18406,1.18255,1.18266,0,0
2015-01-09,02:00:00,1.18266,1.18295,1.18213,1.18215,0,0
2015-01-09,03:00:00,1.18215,1.18225,1.18136,1.18194,0,0
2015-01-09,04:00:00,1.18176,1.18209,1.18104,1.1815,0,0
2015-01-09,05:00:00,1.18147,1.18209,1.18132,1.18184,0,0
2015-01-09,06:00:00,1.18183,1.18186,1.18134,1.18184,0,0
2015-01-09,07:00:00,1.18184,1.18238,1.18149,1.18223,0,0
2015-01-09,08:00:00,1.18218,1.18315,1.18217,1.18286,0,0
2015-01-09,09:00:00,1.18286,1.18403,1.18272,1.18384,0,0
2015-01-09,10:00:00,1.18384,1.18384,1.18313,1.18345,0,0
2015-01-09,11:00:00,1.18347,1.18495,1.18308,1.18489,0,0
2015-01-09,12:00:00,1.18487,1.18492,1.18341,1.18344,0,0
2015-01-09,13:00:00,1.18347,1.18366,1.18209,1.18242,0,0
2015-01-09,14:00:00,1.18244,1.18373,1.18227,1.18227,0,0
2015-01-09,15:00:00,1.18225,1.18887,1.18067,1.18706,0,0
2015-01-09,16:00:00,1.18705,1.1876,1.18568,1.18684,0,0
2015-01-09,17:00:00,1.18704,1.1874,1.18378,1.18536,0,0
2015-01-09,18:00:00,1.18536,1.1872,1.18497,1.18577,0,0
2015-01-09,19:00:00,1.18577,1.18618,1.185,1.18573,0,0
2015-01-09,20:00:00,1.18584,1.18585,1.18484,1.18506,0,0
2015-01-09,21:00:00,1.18532,1.18623,1.18518,1.18585,0,0
2015-01-09,22:00:00,1.18588,1.18675,1.18588,1.18651,0,0
2015-01-09,23:00:00,1.18657,1.18662,1.18657,1.18662,0,0
