Date,Time,Open,High,Low,Close,Volume,OpenInt
2014-10-13,01:00:00,0.79188,0.79201,0.79071,0.79078,0,0
2014-10-13,02:00:00,0.79077,0.79136,0.79073,0.79117,0,0
2014-10-13,03:00:00,0.79118,0.79153,0.79066,0.7908,0,0
2014-10-13,04:00:00,0.7908,0.7908,0.78816,0.78819,0,0
2014-10-13,05:00:00,0.78825,0.78875,0.78759,0.78793,0,0
2014-10-13,06:00:00,0.78787,0.78844,0.78774,0.78791,0,0
2014-10-13,07:00:00,0.78791,0.78876,0.7878,0.78849,0,0
2014-10-13,08:00:00,0.78849,0.78904,0.78826,0.78879,0,0
2014-10-13,09:00:00,0.78879,0.78996,0.78825,0.78983,0,0
2014-10-13,10:00:00,0.7899,0.7905,0.7892,0.7892,0,0
2014-10-13,11:00:00,0.78925,0.78958,0.78853,0.78898,0,0
2014-10-13,12:00:00,0.78896,0.78943,0.78861,0.78864,0,0
2014-10-13,13:00:00,0.78864,0.78888,0.78776,0.78824,0,0
2014-10-13,14:00:00,0.78829,0.7883,0.78779,0.78815,0,0
2014-10-13,15:00:00,0.78818,0.78894,0.78812,0.78852,0,0
2014-10-13,16:00:00,0.78851,0.78861,0.78754,0.78835,0,0
2014-10-13,17:00:00,0.78832,0.78869,0.78773,0.78864,0,0
2014-10-13,18:00:00,0.78864,0.78928,0.78783,0.7883,0,0
2014-10-13,19:00:00,0.78836,0.78958,0.78836,0.78952,0,0
2014-10-13,20:00:00,0.78953,0.78958,0.78874,0.78882,0,0
2014-10-13,21:00:00,0.78884,0.78905,0.78858,0.78866,0,0
2014-10-13,22:00:00,0.78867,0.78882,0.78787,0.78808,0,0
2014-10-13,23:00:00,0.7881,0.78811,0.78369,0.78422,0,0
2014-10-13,23:59:00,0.78428,0.78493,0.78322,0.78486,0,0
2014-10-14,01:00:00,0.78486,0.78527,0.78475,0.78522,0,0
2014-10-14,02:00:00,0.78523,0.7861,0.78442,0.78607,0,0
2014-10-14,03:00:00,0.78606,0.78653,0.78597,0.7861,0,0
2014-10-14,04:00:00,0.78609,0.7863,0.78548,0.78565,0,0
2014-10-14,05:00:00,0.78564,0.78606,0.78557,0.78578,0,0
2014-10-14,06:00:00,0.78578,0.78628,0.78577,0.78614,0,0
2014-10-14,07:00:00,0.7861,0.78639,0.78601,0.78606,0,0
2014-10-14,08:00:00,0.78606,0.78671,0.78569,0.78662,0,0
2014-10-14,09:00:00,0.78664,0.78709,0.78606,0.78706,0,0
2014-10-14,10:00:00,0.78705,0.78803,0.78699,0.78743,0,0
2014-10-14,11:00:00,0.78743,0.7887,0.78708,0.78861,0,0
2014-10-14,12:00:00,0.78861,0.79111,0.78851,0.79064,0,0
2014-10-14,13:00:00,0.79071,0.79079,0.78988,0.79035,0,0
2014-10-14,14:00:00,0.79031,0.79058,0.78956,0.79051,0,0
2014-10-14,15:00:00,0.79052,0.79081,0.79,0.79038,0,0
2014-10-14,16:00:00,0.79038,0.79081,0.79005,0.79008,0,0
2014-10-14,17:00:00,0.79007,0.79018,0.78873,0.78951,0,0
2014-10-14,18:00:00,0.7895,0.79006,0.78889,0.78992,0,0
2014-10-14,19:00:00,0.78991,0.79018,0.78938,0.78985,0,0
2014-10-14,20:00:00,0.78989,0.79026,0.7896,0.79013,0,0
2014-10-14,21:00:00,0.79012,0.79112,0.79012,0.7906,0,0
2014-10-14,22:00:00,0.79066,0.79101,0.79,0.79023,0,0
2014-10-14,23:00:00,0.7903,0.79053,0.7897,0.79011,0,0
2014-10-14,23:59:00,0.7901,0.79048,0.78992,0.79001,0,0
2014-10-15,01:00:00,0.79005,0.79102,0.79005,0.79083,0,0
2014-10-15,02:00:00,0.79084,0.7917,0.79081,0.79107,0,0
2014-10-15,03:00:00,0.79105,0.79144,0.79066,0.79133,0,0
2014-10-15,04:00:00,0.79136,0.79211,0.79116,0.79127,0,0
2014-10-15,05:00:00,0.79129,0.79152,0.79108,0.79108,0,0
2014-10-15,06:00:00,0.79105,0.79128,0.79065,0.79096,0,0
2014-10-15,07:00:00,0.79098,0.79134,0.79076,0.79115,0,0
2014-10-15,08:00:00,0.79114,0.79135,0.79077,0.7911,0,0
2014-10-15,09:00:00,0.79119,0.79119,0.78994,0.7904,0,0
2014-10-15,10:00:00,0.79036,0.79115,0.78981,0.79081,0,0
2014-10-15,11:00:00,0.79078,0.79093,0.78935,0.79035,0,0
2014-10-15,12:00:00,0.79036,0.79103,0.79026,0.79085,0,0
2014-10-15,13:00:00,0.79081,0.79129,0.7907,0.791,0,0
2014-10-15,14:00:00,0.79103,0.79111,0.78892,0.7892,0,0
2014-10-15,15:00:00,0.78926,0.78961,0.78399,0.78473,0,0
2014-10-15,16:00:00,0.78476,0.7851,0.77612,0.78304,0,0
2014-10-15,17:00:00,0.78276,0.78472,0.7821,0.78377,0,0
2014-10-15,18:00:00,0.78376,0.78422,0.78148,0.7826,0,0
2014-10-15,19:00:00,0.78258,0.7826,0.78046,0.78196,0,0
2014-10-15,20:00:00,0.78187,0.78305,0.78135,0.78236,0,0
2014-10-15,21:00:00,0.7823,0.78299,0.78173,0.78274,0,0
2014-10-15,22:00:00,0.78277,0.78295,0.78032,0.78079,0,0
2014-10-15,23:00:00,0.78098,0.78123,0.77862,0.77903,0,0
2014-10-15,23:59:00,0.7791,0.78037,0.7791,0.78035,0,0
2014-10-16,01:00:00,0.78032,0.78066,0.77958,0.77978,0,0
2014-10-16,02:00:00,0.77981,0.78053,0.77966,0.78006,0,0
2014-10-16,03:00:00,0.78006,0.78048,0.77859,0.77885,0,0
2014-10-16,04:00:00,0.77884,0.77947,0.7786,0.77939,0,0
2014-10-16,05:00:00,0.77939,0.77976,0.77923,0.7797,0,0
2014-10-16,06:00:00,0.77972,0.78024,0.77943,0.78012,0,0
2014-10-16,07:00:00,0.7801,0.78046,0.7798,0.77996,0,0
2014-10-16,08:00:00,0.77993,0.78046,0.77987,0.78041,0,0
2014-10-16,09:00:00,0.78041,0.78215,0.78016,0.78168,0,0
2014-10-16,10:00:00,0.78162,0.7829,0.78102,0.78168,0,0
2014-10-16,11:00:00,0.78165,0.78215,0.77989,0.78141,0,0
2014-10-16,12:00:00,0.78145,0.78422,0.78032,0.78422,0,0
2014-10-16,13:00:00,0.78426,0.78705,0.78421,0.78471,0,0
2014-10-16,14:00:00,0.78478,0.78517,0.78335,0.78487,0,0
2014-10-16,15:00:00,0.7849,0.78523,0.78277,0.78438,0,0
2014-10-16,16:00:00,0.78442,0.78516,0.7834,0.78462,0,0
2014-10-16,17:00:00,0.78457,0.78533,0.7815,0.78246,0,0
2014-10-16,18:00:00,0.78247,0.78266,0.78046,0.78068,0,0
2014-10-16,19:00:00,0.78067,0.78105,0.77956,0.7797,0,0
2014-10-16,20:00:00,0.77973,0.78073,0.77886,0.78071,0,0
2014-10-16,21:00:00,0.78076,0.78176,0.78071,0.78135,0,0
2014-10-16,22:00:00,0.78127,0.78197,0.78096,0.78096,0,0
2014-10-16,23:00:00,0.78098,0.78128,0.78065,0.7808,0,0
2014-10-16,23:59:00,0.78094,0.7814,0.78073,0.78105,0,0
2014-10-17,01:00:00,0.78105,0.78168,0.7808,0.78082,0,0
2014-10-17,02:00:00,0.78079,0.78111,0.78039,0.78099,0,0
2014-10-17,03:00:00,0.78098,0.78132,0.7806,0.78075,0,0
2014-10-17,04:00:00,0.78076,0.78101,0.78035,0.781,0,0
2014-10-17,05:00:00,0.78104,0.78127,0.7808,0.78123,0,0
2014-10-17,06:00:00,0.78123,0.78164,0.78114,0.78151,0,0
2014-10-17,07:00:00,0.78151,0.78163,0.78128,0.78137,0,0
2014-10-17,08:00:00,0.78138,0.78145,0.78069,0.78086,0,0
2014-10-17,09:00:00,0.78086,0.78245,0.78081,0.78191,0,0
2014-10-17,10:00:00,0.78192,0.7823,0.78144,0.78214,0,0
2014-10-17,11:00:00,0.78214,0.78231,0.77919,0.77927,0,0
2014-10-17,12:00:00,0.77928,0.78102,0.77916,0.78059,0,0
2014-10-17,13:00:00,0.78059,0.78126,0.77971,0.78041,0,0
2014-10-17,14:00:00,0.78045,0.78049,0.7792,0.7792,0,0
2014-10-17,15:00:00,0.77921,0.78209,0.7791,0.78122,0,0
2014-10-17,16:00:00,0.78112,0.78405,0.78103,0.78385,0,0
2014-10-17,17:00:00,0.7838,0.78392,0.78255,0.78333,0,0
2014-10-17,18:00:00,0.78331,0.7847,0.78313,0.78405,0,0
2014-10-17,19:00:00,0.78407,0.7841,0.78276,0.78304,0,0
2014-10-17,20:00:00,0.78301,0.78305,0.78255,0.78272,0,0
2014-10-17,21:00:00,0.78274,0.78353,0.78266,0.78293,0,0
2014-10-17,22:00:00,0.78298,0.7839,0.78282,0.78372,0,0
2014-10-17,23:00:00,0.78372,0.78372,0.78372,0.78372,0,0
2014-10-20,01:00:00,0.78394,0.78516,0.78394,0.78476,0,0
2014-10-20,02:00:00,0.78487,0.78507,0.78425,0.78449,0,0
2014-10-20,03:00:00,0.78448,0.78448,0.78383,0.78419,0,0
2014-10-20,04:00:00,0.7842,0.78436,0.78315,0.78355,0,0
2014-10-20,05:00:00,0.78361,0.78361,0.78317,0.78336,0,0
2014-10-20,06:00:00,0.78334,0.78402,0.78329,0.78381,0,0
2014-10-20,07:00:00,0.78382,0.78423,0.78382,0.78396,0,0
2014-10-20,08:00:00,0.78404,0.7841,0.78374,0.78405,0,0
2014-10-20,09:00:00,0.78402,0.78547,0.78383,0.78526,0,0
2014-10-20,10:00:00,0.78527,0.78527,0.78284,0.78317,0,0
2014-10-20,11:00:00,0.78323,0.78402,0.78261,0.78394,0,0
2014-10-20,12:00:00,0.78396,0.78419,0.78296,0.78313,0,0
2014-10-20,13:00:00,0.78313,0.78341,0.78278,0.78301,0,0
2014-10-20,14:00:00,0.78313,0.78317,0.78195,0.78317,0,0
2014-10-20,15:00:00,0.78317,0.78327,0.78224,0.78326,0,0
2014-10-20,16:00:00,0.78326,0.78398,0.78301,0.78326,0,0
2014-10-20,17:00:00,0.78321,0.78354,0.78228,0.78245,0,0
2014-10-20,18:00:00,0.78247,0.78279,0.78203,0.78232,0,0
2014-10-20,19:00:00,0.78235,0.78255,0.78137,0.78156,0,0
2014-10-20,20:00:00,0.78158,0.78176,0.78093,0.78152,0,0
2014-10-20,21:00:00,0.78153,0.78174,0.78061,0.7808,0,0
2014-10-20,22:00:00,0.78079,0.78134,0.78026,0.78096,0,0
2014-10-20,23:00:00,0.781,0.78141,0.78082,0.78125,0,0
2014-10-20,23:59:00,0.78125,0.78171,0.78121,0.78162,0,0
2014-10-21,01:00:00,0.78162,0.78175,0.78126,0.78167,0,0
2014-10-21,02:00:00,0.78168,0.78196,0.78156,0.78163,0,0
2014-10-21,03:00:00,0.78162,0.7818,0.7812,0.78172,0,0
2014-10-21,04:00:00,0.78172,0.78187,0.78152,0.78171,0,0
2014-10-21,05:00:00,0.78168,0.78177,0.78099,0.78126,0,0
2014-10-21,06:00:00,0.78124,0.78138,0.78054,0.78066,0,0
2014-10-21,07:00:00,0.78066,0.78073,0.77982,0.77998,0,0
2014-10-21,08:00:00,0.77986,0.78024,0.77979,0.78011,0,0
2014-10-21,09:00:00,0.78011,0.7806,0.77903,0.78029,0,0
2014-10-21,10:00:00,0.7803,0.78031,0.77888,0.77954,0,0
2014-10-21,11:00:00,0.7796,0.78079,0.7795,0.78059,0,0
2014-10-21,12:00:00,0.78058,0.78363,0.78028,0.7835,0,0
2014-10-21,13:00:00,0.78351,0.78408,0.78312,0.784,0,0
2014-10-21,14:00:00,0.78395,0.78458,0.78226,0.78237,0,0
2014-10-21,15:00:00,0.78245,0.78431,0.78243,0.78399,0,0
2014-10-21,16:00:00,0.784,0.78531,0.78365,0.78494,0,0
2014-10-21,17:00:00,0.78498,0.7864,0.78498,0.7856,0,0
2014-10-21,18:00:00,0.7856,0.78634,0.78548,0.78592,0,0
2014-10-21,19:00:00,0.7859,0.78597,0.78526,0.7854,0,0
2014-10-21,20:00:00,0.7854,0.78564,0.78479,0.78516,0,0
2014-10-21,21:00:00,0.78517,0.78611,0.78515,0.78579,0,0
2014-10-21,22:00:00,0.78585,0.7865,0.78571,0.7865,0,0
2014-10-21,23:00:00,0.78651,0.78655,0.78619,0.78647,0,0
2014-10-21,23:59:00,0.78647,0.78674,0.78624,0.78671,0,0
2014-10-22,01:00:00,0.78666,0.787,0.78651,0.78676,0,0
2014-10-22,02:00:00,0.78674,0.78683,0.78652,0.78658,0,0
2014-10-22,03:00:00,0.78661,0.78682,0.78638,0.78665,0,0
2014-10-22,04:00:00,0.78666,0.78666,0.7858,0.78591,0,0
2014-10-22,05:00:00,0.78592,0.78628,0.78571,0.78603,0,0
2014-10-22,06:00:00,0.78603,0.78603,0.78555,0.78579,0,0
2014-10-22,07:00:00,0.78584,0.78603,0.78578,0.78592,0,0
2014-10-22,08:00:00,0.78593,0.78613,0.78572,0.78586,0,0
2014-10-22,09:00:00,0.78587,0.78603,0.78497,0.78535,0,0
2014-10-22,10:00:00,0.78536,0.78717,0.78529,0.78651,0,0
2014-10-22,11:00:00,0.7865,0.78856,0.78645,0.78802,0,0
2014-10-22,12:00:00,0.78806,0.7882,0.78751,0.78805,0,0
2014-10-22,13:00:00,0.78808,0.78825,0.78757,0.78795,0,0
2014-10-22,14:00:00,0.78794,0.78799,0.78596,0.78739,0,0
2014-10-22,15:00:00,0.78733,0.78983,0.78714,0.78961,0,0
2014-10-22,16:00:00,0.78965,0.7899,0.78866,0.78952,0,0
2014-10-22,17:00:00,0.78955,0.79039,0.78935,0.7895,0,0
2014-10-22,18:00:00,0.7895,0.79068,0.78944,0.79001,0,0
2014-10-22,19:00:00,0.79011,0.79014,0.78952,0.78965,0,0
2014-10-22,20:00:00,0.78966,0.79037,0.78958,0.79022,0,0
2014-10-22,21:00:00,0.7902,0.79105,0.79018,0.79081,0,0
2014-10-22,22:00:00,0.79085,0.79131,0.79059,0.79081,0,0
2014-10-22,23:00:00,0.79088,0.79105,0.79061,0.79071,0,0
2014-10-22,23:59:00,0.79073,0.79105,0.79056,0.79086,0,0
2014-10-23,01:00:00,0.79084,0.79101,0.79068,0.7907,0,0
2014-10-23,02:00:00,0.79067,0.79112,0.79067,0.79106,0,0
2014-10-23,03:00:00,0.79106,0.7913,0.79055,0.79124,0,0
2014-10-23,04:00:00,0.79125,0.79159,0.7909,0.79153,0,0
2014-10-23,05:00:00,0.79155,0.79155,0.79124,0.79153,0,0
2014-10-23,06:00:00,0.79152,0.79158,0.79117,0.79128,0,0
2014-10-23,07:00:00,0.79128,0.7914,0.7912,0.79126,0,0
2014-10-23,08:00:00,0.79126,0.79134,0.79072,0.79076,0,0
2014-10-23,09:00:00,0.79078,0.79178,0.7906,0.79137,0,0
2014-10-23,10:00:00,0.7918,0.79281,0.79035,0.79121,0,0
2014-10-23,11:00:00,0.7912,0.7912,0.78952,0.78985,0,0
2014-10-23,12:00:00,0.78985,0.79028,0.78932,0.78991,0,0
2014-10-23,13:00:00,0.78995,0.79008,0.78896,0.78949,0,0
2014-10-23,14:00:00,0.78951,0.79003,0.78919,0.78933,0,0
2014-10-23,15:00:00,0.78925,0.7904,0.7892,0.78996,0,0
2014-10-23,16:00:00,0.78993,0.79089,0.78957,0.7905,0,0
2014-10-23,17:00:00,0.7905,0.79172,0.79028,0.79068,0,0
2014-10-23,18:00:00,0.7907,0.79102,0.78987,0.79014,0,0
2014-10-23,19:00:00,0.79014,0.79093,0.7898,0.79093,0,0
2014-10-23,20:00:00,0.79101,0.79116,0.79061,0.79068,0,0
2014-10-23,21:00:00,0.79068,0.7913,0.79055,0.79055,0,0
2014-10-23,22:00:00,0.79056,0.79068,0.78969,0.79036,0,0
2014-10-23,23:00:00,0.79044,0.79085,0.79042,0.79081,0,0
2014-10-23,23:59:00,0.79082,0.791,0.79058,0.79085,0,0
2014-10-24,01:00:00,0.79085,0.79087,0.79031,0.79048,0,0
2014-10-24,02:00:00,0.79046,0.79071,0.79031,0.79056,0,0
2014-10-24,03:00:00,0.79058,0.79078,0.78987,0.79017,0,0
2014-10-24,04:00:00,0.79014,0.79043,0.78993,0.79002,0,0
2014-10-24,05:00:00,0.79,0.79041,0.79,0.79036,0,0
2014-10-24,06:00:00,0.79036,0.79051,0.79006,0.79016,0,0
2014-10-24,07:00:00,0.79017,0.79046,0.79006,0.79021,0,0
2014-10-24,08:00:00,0.79022,0.79025,0.79004,0.79024,0,0
2014-10-24,09:00:00,0.79023,0.79078,0.78961,0.79073,0,0
2014-10-24,10:00:00,0.79073,0.79146,0.79055,0.79107,0,0
2014-10-24,11:00:00,0.79109,0.79123,0.7901,0.79017,0,0
2014-10-24,12:00:00,0.79015,0.79107,0.79012,0.79083,0,0
2014-10-24,13:00:00,0.79084,0.79098,0.79029,0.79035,0,0
2014-10-24,14:00:00,0.79035,0.79066,0.78971,0.78993,0,0
2014-10-24,15:00:00,0.7899,0.79067,0.78871,0.78885,0,0
2014-10-24,16:00:00,0.78895,0.78952,0.78804,0.78851,0,0
2014-10-24,17:00:00,0.78849,0.78993,0.78771,0.78937,0,0
2014-10-24,18:00:00,0.78934,0.78955,0.78891,0.78904,0,0
2014-10-24,19:00:00,0.78904,0.7899,0.78904,0.78987,0,0
2014-10-24,20:00:00,0.78991,0.78991,0.78901,0.78909,0,0
2014-10-24,21:00:00,0.78909,0.78963,0.789,0.78963,0,0
2014-10-24,22:00:00,0.78959,0.7896,0.7893,0.78943,0,0
2014-10-24,23:00:00,0.78945,0.78945,0.78945,0.78945,0,0
2014-10-27,01:00:00,0.78891,0.78911,0.7883,0.7889,0,0
2014-10-27,02:00:00,0.7889,0.78894,0.78797,0.78821,0,0
2014-10-27,03:00:00,0.7882,0.78826,0.78749,0.78749,0,0
2014-10-27,04:00:00,0.7875,0.78787,0.78656,0.7869,0,0
2014-10-27,05:00:00,0.78704,0.78723,0.78681,0.78707,0,0
2014-10-27,06:00:00,0.78705,0.78729,0.78696,0.78703,0,0
2014-10-27,07:00:00,0.78703,0.78725,0.78693,0.7871,0,0
2014-10-27,08:00:00,0.78717,0.78782,0.78689,0.7877,0,0
2014-10-27,09:00:00,0.78771,0.78839,0.78762,0.78796,0,0
2014-10-27,10:00:00,0.78795,0.7883,0.78718,0.78767,0,0
2014-10-27,11:00:00,0.78779,0.78849,0.7871,0.78841,0,0
2014-10-27,12:00:00,0.78841,0.78938,0.78833,0.78937,0,0
2014-10-27,13:00:00,0.78938,0.78954,0.78883,0.78903,0,0
2014-10-27,14:00:00,0.789,0.78902,0.78792,0.78846,0,0
2014-10-27,15:00:00,0.78847,0.78895,0.78831,0.78858,0,0
2014-10-27,16:00:00,0.78851,0.78854,0.78603,0.78694,0,0
2014-10-27,17:00:00,0.78691,0.78718,0.78652,0.78676,0,0
2014-10-27,18:00:00,0.78673,0.78678,0.78629,0.78665,0,0
2014-10-27,19:00:00,0.78666,0.78722,0.78656,0.78714,0,0
2014-10-27,20:00:00,0.78712,0.78715,0.78674,0.78687,0,0
2014-10-27,21:00:00,0.78692,0.78718,0.78687,0.78705,0,0
2014-10-27,22:00:00,0.78705,0.78757,0.78705,0.78756,0,0
2014-10-27,23:00:00,0.78758,0.78766,0.78731,0.78761,0,0
2014-10-27,23:59:00,0.78759,0.78768,0.78747,0.78767,0,0
2014-10-28,01:00:00,0.78766,0.78767,0.78722,0.78726,0,0
2014-10-28,02:00:00,0.78727,0.78761,0.78687,0.78709,0,0
2014-10-28,03:00:00,0.78709,0.78735,0.78657,0.78682,0,0
2014-10-28,04:00:00,0.78681,0.78693,0.78665,0.78684,0,0
2014-10-28,05:00:00,0.78684,0.78697,0.78647,0.78681,0,0
2014-10-28,06:00:00,0.78685,0.78715,0.78685,0.7871,0,0
2014-10-28,07:00:00,0.78704,0.78757,0.78699,0.78739,0,0
2014-10-28,08:00:00,0.78735,0.78748,0.78716,0.78722,0,0
2014-10-28,09:00:00,0.78726,0.78733,0.78624,0.78654,0,0
2014-10-28,10:00:00,0.78655,0.78748,0.78636,0.78746,0,0
2014-10-28,11:00:00,0.78766,0.78834,0.78753,0.78767,0,0
2014-10-28,12:00:00,0.78765,0.78816,0.78737,0.78754,0,0
2014-10-28,13:00:00,0.78755,0.7878,0.78682,0.78743,0,0
2014-10-28,14:00:00,0.78743,0.78746,0.78377,0.78458,0,0
2014-10-28,15:00:00,0.78454,0.78487,0.7835,0.78487,0,0
2014-10-28,16:00:00,0.78486,0.78615,0.78452,0.78452,0,0
2014-10-28,17:00:00,0.78447,0.78506,0.7842,0.78456,0,0
2014-10-28,18:00:00,0.78456,0.78496,0.78442,0.78471,0,0
2014-10-28,19:00:00,0.78471,0.78506,0.78437,0.78501,0,0
2014-10-28,20:00:00,0.78503,0.78522,0.78449,0.78512,0,0
2014-10-28,21:00:00,0.78523,0.78537,0.78501,0.78505,0,0
2014-10-28,22:00:00,0.78502,0.78542,0.785,0.78529,0,0
2014-10-28,23:00:00,0.78531,0.7855,0.78521,0.78535,0,0
2014-10-28,23:59:00,0.78536,0.78541,0.78515,0.78518,0,0
2014-10-29,01:00:00,0.78517,0.78521,0.78505,0.78511,0,0
2014-10-29,02:00:00,0.78509,0.78551,0.78498,0.78532,0,0
2014-10-29,03:00:00,0.78535,0.78566,0.785,0.78506,0,0
2014-10-29,04:00:00,0.78503,0.78525,0.78503,0.78513,0,0
2014-10-29,05:00:00,0.78511,0.78537,0.78492,0.78526,0,0
2014-10-29,06:00:00,0.78524,0.7853,0.78511,0.78522,0,0
2014-10-29,07:00:00,0.78521,0.78523,0.78498,0.78503,0,0
2014-10-29,08:00:00,0.78503,0.78526,0.78452,0.78506,0,0
2014-10-29,09:00:00,0.7851,0.78542,0.78459,0.78504,0,0
2014-10-29,10:00:00,0.78506,0.78594,0.7849,0.78592,0,0
2014-10-29,11:00:00,0.78593,0.78593,0.78532,0.7856,0,0
2014-10-29,12:00:00,0.78558,0.78565,0.78471,0.78497,0,0
2014-10-29,13:00:00,0.78498,0.78547,0.78463,0.78546,0,0
2014-10-29,14:00:00,0.78548,0.78561,0.78482,0.78508,0,0
2014-10-29,15:00:00,0.78508,0.7854,0.7847,0.78476,0,0
2014-10-29,16:00:00,0.7849,0.78493,0.78315,0.78383,0,0
2014-10-29,17:00:00,0.78379,0.78394,0.78312,0.78369,0,0
2014-10-29,18:00:00,0.78366,0.78434,0.78334,0.78393,0,0
2014-10-29,19:00:00,0.78395,0.78597,0.78394,0.78548,0,0
2014-10-29,20:00:00,0.78568,0.79158,0.78553,0.7908,0,0
2014-10-29,21:00:00,0.79078,0.79133,0.79035,0.79127,0,0
2014-10-29,22:00:00,0.79124,0.79174,0.79104,0.7917,0,0
2014-10-29,23:00:00,0.79164,0.79202,0.7913,0.79143,0,0
2014-10-29,23:59:00,0.79144,0.7915,0.7912,0.7913,0,0
2014-10-30,01:00:00,0.79134,0.79174,0.7912,0.79167,0,0
2014-10-30,02:00:00,0.79167,0.79245,0.7916,0.79213,0,0
2014-10-30,03:00:00,0.79213,0.79262,0.79207,0.79212,0,0
2014-10-30,04:00:00,0.79212,0.7923,0.79194,0.7921,0,0
2014-10-30,05:00:00,0.79214,0.79254,0.79208,0.79251,0,0
2014-10-30,06:00:00,0.79252,0.79334,0.79237,0.79318,0,0
2014-10-30,07:00:00,0.79316,0.79449,0.79315,0.79388,0,0
2014-10-30,08:00:00,0.79387,0.79408,0.7934,0.79378,0,0
2014-10-30,09:00:00,0.79392,0.79466,0.79349,0.79432,0,0
2014-10-30,10:00:00,0.79433,0.79641,0.79433,0.79529,0,0
2014-10-30,11:00:00,0.79533,0.79647,0.79412,0.79457,0,0
2014-10-30,12:00:00,0.79457,0.79469,0.79378,0.79446,0,0
2014-10-30,13:00:00,0.79449,0.79477,0.79386,0.79461,0,0
2014-10-30,14:00:00,0.7946,0.797,0.79319,0.79363,0,0
2014-10-30,15:00:00,0.79356,0.79416,0.7928,0.79308,0,0
2014-10-30,16:00:00,0.79318,0.79318,0.79204,0.79232,0,0
2014-10-30,17:00:00,0.79223,0.79318,0.79219,0.79234,0,0
2014-10-30,18:00:00,0.79234,0.79261,0.7917,0.79254,0,0
2014-10-30,19:00:00,0.79253,0.79322,0.79249,0.79306,0,0
2014-10-30,20:00:00,0.79308,0.79325,0.79268,0.7929,0,0
2014-10-30,21:00:00,0.79289,0.79342,0.79276,0.79342,0,0
2014-10-30,22:00:00,0.79342,0.79342,0.79283,0.79284,0,0
2014-10-30,23:00:00,0.79285,0.79293,0.79256,0.79285,0,0
2014-10-30,23:59:00,0.79285,0.79337,0.79269,0.79337,0,0
2014-10-31,01:00:00,0.79336,0.79347,0.79278,0.79308,0,0
2014-10-31,02:00:00,0.79309,0.79371,0.79309,0.79339,0,0
2014-10-31,03:00:00,0.79339,0.7937,0.79316,0.79368,0,0
2014-10-31,04:00:00,0.79368,0.79394,0.79358,0.79362,0,0
2014-10-31,05:00:00,0.79362,0.79375,0.79347,0.79351,0,0
2014-10-31,06:00:00,0.7935,0.79469,0.79346,0.7945,0,0
2014-10-31,07:00:00,0.7945,0.79579,0.7945,0.79548,0,0
2014-10-31,08:00:00,0.79582,0.79621,0.79495,0.79601,0,0
2014-10-31,09:00:00,0.79594,0.79738,0.79501,0.79561,0,0
2014-10-31,10:00:00,0.79561,0.79622,0.79508,0.79541,0,0
2014-10-31,11:00:00,0.79535,0.79687,0.79523,0.79598,0,0
2014-10-31,12:00:00,0.79556,0.79626,0.79455,0.79507,0,0
2014-10-31,13:00:00,0.79512,0.79531,0.79423,0.79474,0,0
2014-10-31,14:00:00,0.79477,0.79868,0.79477,0.79832,0,0
2014-10-31,15:00:00,0.7986,0.80083,0.79804,0.79933,0,0
2014-10-31,16:00:00,0.7992,0.80019,0.79886,0.79952,0,0
2014-10-31,17:00:00,0.79961,0.80064,0.7981,0.79815,0,0
2014-10-31,18:00:00,0.79815,0.79853,0.79758,0.79784,0,0
2014-10-31,19:00:00,0.79784,0.79824,0.79723,0.79803,0,0
2014-10-31,20:00:00,0.79804,0.79837,0.79762,0.79837,0,0
2014-10-31,21:00:00,0.79835,0.79835,0.79768,0.79806,0,0
2014-10-31,22:00:00,0.79808,0.79868,0.79777,0.79846,0,0
2014-10-31,23:00:00,0.79846,0.79852,0.79846,0.79852,0,0
2014-11-03,01:00:00,0.79942,0.7999,0.79929,0.79987,0,0
2014-11-03,02:00:00,0.79988,0.80393,0.79935,0.80251,0,0
2014-11-03,03:00:00,0.80243,0.80342,0.80137,0.80214,0,0
2014-11-03,04:00:00,0.80217,0.80217,0.80128,0.80128,0,0
2014-11-03,05:00:00,0.80129,0.80149,0.80112,0.8012,0,0
2014-11-03,06:00:00,0.8012,0.80138,0.80099,0.80106,0,0
2014-11-03,07:00:00,0.80107,0.80122,0.80089,0.80105,0,0
2014-11-03,08:00:00,0.80104,0.8011,0.80015,0.80043,0,0
2014-11-03,09:00:00,0.80044,0.80106,0.79977,0.80047,0,0
2014-11-03,10:00:00,0.80041,0.80076,0.79995,0.80009,0,0
2014-11-03,11:00:00,0.8001,0.80054,0.79943,0.80019,0,0
2014-11-03,12:00:00,0.80019,0.80065,0.79964,0.80001,0,0
2014-11-03,13:00:00,0.79999,0.80065,0.79993,0.80009,0,0
2014-11-03,14:00:00,0.80015,0.80038,0.79962,0.80036,0,0
2014-11-03,15:00:00,0.8004,0.80092,0.79943,0.79967,0,0
2014-11-03,16:00:00,0.79971,0.80053,0.79969,0.80043,0,0
2014-11-03,17:00:00,0.80042,0.80163,0.79963,0.80112,0,0
2014-11-03,18:00:00,0.80106,0.80142,0.80037,0.80085,0,0
2014-11-03,19:00:00,0.80089,0.80144,0.80079,0.80105,0,0
2014-11-03,20:00:00,0.80095,0.80187,0.80082,0.80117,0,0
2014-11-03,21:00:00,0.80118,0.80139,0.80026,0.80069,0,0
2014-11-03,22:00:00,0.80076,0.8009,0.80033,0.80058,0,0
2014-11-03,23:00:00,0.80057,0.80126,0.80054,0.80119,0,0
2014-11-03,23:59:00,0.80118,0.80121,0.8005,0.80063,0,0
2014-11-04,01:00:00,0.80083,0.80085,0.80017,0.80054,0,0
2014-11-04,02:00:00,0.80054,0.80067,0.79975,0.80008,0,0
2014-11-04,03:00:00,0.80008,0.80026,0.79948,0.80005,0,0
2014-11-04,04:00:00,0.80006,0.80035,0.79947,0.79956,0,0
2014-11-04,05:00:00,0.79957,0.79958,0.79812,0.79836,0,0
2014-11-04,06:00:00,0.79836,0.79891,0.79817,0.79886,0,0
2014-11-04,07:00:00,0.79886,0.7989,0.79838,0.79854,0,0
2014-11-04,08:00:00,0.79854,0.79916,0.79825,0.79898,0,0
2014-11-04,09:00:00,0.799,0.79996,0.79897,0.79965,0,0
2014-11-04,10:00:00,0.79969,0.79986,0.79898,0.79931,0,0
2014-11-04,11:00:00,0.79938,0.7998,0.79919,0.79937,0,0
2014-11-04,12:00:00,0.79926,0.79994,0.79815,0.79851,0,0
2014-11-04,13:00:00,0.7985,0.7993,0.79849,0.79915,0,0
2014-11-04,14:00:00,0.79919,0.79932,0.79888,0.79915,0,0
2014-11-04,15:00:00,0.79916,0.79933,0.79845,0.7986,0,0
2014-11-04,16:00:00,0.79861,0.79968,0.79861,0.79939,0,0
2014-11-04,17:00:00,0.79922,0.79931,0.79516,0.79549,0,0
2014-11-04,18:00:00,0.79551,0.79678,0.79539,0.79661,0,0
2014-11-04,19:00:00,0.79662,0.79735,0.79657,0.7971,0,0
2014-11-04,20:00:00,0.79713,0.79738,0.79657,0.79666,0,0
2014-11-04,21:00:00,0.79667,0.79679,0.79637,0.79643,0,0
2014-11-04,22:00:00,0.79646,0.79721,0.79637,0.79714,0,0
2014-11-04,23:00:00,0.79714,0.79732,0.79697,0.79711,0,0
2014-11-04,23:59:00,0.79709,0.79747,0.79665,0.79666,0,0
2014-11-05,01:00:00,0.79667,0.79681,0.79625,0.79672,0,0
2014-11-05,02:00:00,0.79672,0.79703,0.79639,0.79644,0,0
2014-11-05,03:00:00,0.79641,0.79657,0.79599,0.79641,0,0
2014-11-05,04:00:00,0.79641,0.79678,0.79636,0.79643,0,0
2014-11-05,05:00:00,0.79642,0.79648,0.79577,0.79606,0,0
2014-11-05,06:00:00,0.79606,0.79665,0.79593,0.79641,0,0
2014-11-05,07:00:00,0.79637,0.79751,0.79627,0.79727,0,0
2014-11-05,08:00:00,0.79724,0.79824,0.79712,0.79794,0,0
2014-11-05,09:00:00,0.79791,0.79901,0.79765,0.79891,0,0
2014-11-05,10:00:00,0.79893,0.80051,0.7986,0.79986,0,0
2014-11-05,11:00:00,0.7999,0.80124,0.79987,0.80107,0,0
2014-11-05,12:00:00,0.80108,0.80164,0.80038,0.80083,0,0
2014-11-05,13:00:00,0.80083,0.80176,0.80035,0.80176,0,0
2014-11-05,14:00:00,0.80185,0.80214,0.80097,0.80171,0,0
2014-11-05,15:00:00,0.80171,0.80196,0.79964,0.80035,0,0
2014-11-05,16:00:00,0.80037,0.80164,0.79981,0.80158,0,0
2014-11-05,17:00:00,0.80135,0.80272,0.80028,0.80078,0,0
2014-11-05,18:00:00,0.80081,0.80165,0.80041,0.80084,0,0
2014-11-05,19:00:00,0.80082,0.80138,0.80029,0.80051,0,0
2014-11-05,20:00:00,0.80054,0.8015,0.80038,0.80129,0,0
2014-11-05,21:00:00,0.80129,0.8016,0.80095,0.80133,0,0
2014-11-05,22:00:00,0.80142,0.8016,0.80105,0.80115,0,0
2014-11-05,23:00:00,0.80116,0.80116,0.80084,0.80096,0,0
2014-11-05,23:59:00,0.80092,0.80171,0.80087,0.80162,0,0
2014-11-06,01:00:00,0.80162,0.80178,0.80136,0.80146,0,0
2014-11-06,02:00:00,0.80142,0.80173,0.80065,0.80139,0,0
2014-11-06,03:00:00,0.80146,0.80146,0.80061,0.80099,0,0
2014-11-06,04:00:00,0.80099,0.80126,0.8004,0.80121,0,0
2014-11-06,05:00:00,0.80117,0.80124,0.80051,0.80065,0,0
2014-11-06,06:00:00,0.80065,0.80088,0.79905,0.79912,0,0
2014-11-06,07:00:00,0.79912,0.79954,0.79816,0.79856,0,0
2014-11-06,08:00:00,0.79847,0.79898,0.79817,0.79861,0,0
2014-11-06,09:00:00,0.79863,0.79964,0.79851,0.7996,0,0
2014-11-06,10:00:00,0.7996,0.80031,0.79896,0.79969,0,0
2014-11-06,11:00:00,0.79976,0.79996,0.79917,0.79936,0,0
2014-11-06,12:00:00,0.79939,0.79972,0.79835,0.79915,0,0
2014-11-06,13:00:00,0.79921,0.79934,0.79792,0.79873,0,0
2014-11-06,14:00:00,0.79878,0.79939,0.79828,0.79863,0,0
2014-11-06,15:00:00,0.79869,0.80659,0.79836,0.80527,0,0
2014-11-06,16:00:00,0.80535,0.8065,0.80345,0.80357,0,0
2014-11-06,17:00:00,0.80366,0.80508,0.80366,0.80413,0,0
2014-11-06,18:00:00,0.80417,0.80597,0.80402,0.80567,0,0
2014-11-06,19:00:00,0.80567,0.80678,0.80548,0.80663,0,0
2014-11-06,20:00:00,0.80662,0.80742,0.80637,0.80702,0,0
2014-11-06,21:00:00,0.80702,0.80758,0.80689,0.80736,0,0
2014-11-06,22:00:00,0.80733,0.80811,0.80722,0.80803,0,0
2014-11-06,23:00:00,0.80806,0.80874,0.80796,0.80817,0,0
2014-11-06,23:59:00,0.80817,0.80841,0.80777,0.80785,0,0
2014-11-07,01:00:00,0.80785,0.80829,0.80761,0.80781,0,0
2014-11-07,02:00:00,0.80779,0.80807,0.8074,0.80786,0,0
2014-11-07,03:00:00,0.80785,0.80814,0.8076,0.80777,0,0
2014-11-07,04:00:00,0.80777,0.80793,0.80743,0.80777,0,0
2014-11-07,05:00:00,0.80778,0.80788,0.80749,0.80787,0,0
2014-11-07,06:00:00,0.80788,0.80853,0.80781,0.80834,0,0
2014-11-07,07:00:00,0.80835,0.80835,0.80774,0.80789,0,0
2014-11-07,08:00:00,0.80794,0.80805,0.80738,0.80774,0,0
2014-11-07,09:00:00,0.80775,0.80803,0.80669,0.80743,0,0
2014-11-07,10:00:00,0.80743,0.80745,0.80643,0.80678,0,0
2014-11-07,11:00:00,0.8068,0.8074,0.80641,0.80689,0,0
2014-11-07,12:00:00,0.80687,0.80708,0.80598,0.80613,0,0
2014-11-07,13:00:00,0.80617,0.80686,0.80609,0.80684,0,0
2014-11-07,14:00:00,0.80689,0.80714,0.80659,0.80691,0,0
2014-11-07,15:00:00,0.80691,0.80906,0.80386,0.8078,0,0
2014-11-07,16:00:00,0.80781,0.80785,0.80401,0.80453,0,0
2014-11-07,17:00:00,0.80453,0.80574,0.80382,0.80557,0,0
2014-11-07,18:00:00,0.80557,0.80569,0.80458,0.80515,0,0
2014-11-07,19:00:00,0.8051,0.8051,0.8039,0.80433,0,0
2014-11-07,20:00:00,0.80435,0.80454,0.802,0.80327,0,0
2014-11-07,21:00:00,0.80326,0.80459,0.80308,0.80376,0,0
2014-11-07,22:00:00,0.80382,0.80396,0.80252,0.80296,0,0
2014-11-07,23:00:00,0.80306,0.80306,0.80306,0.80306,0,0
2014-11-10,01:00:00,0.80239,0.80263,0.80148,0.80252,0,0
2014-11-10,02:00:00,0.80247,0.80292,0.80216,0.80267,0,0
2014-11-10,03:00:00,0.80267,0.80299,0.80212,0.80212,0,0
2014-11-10,04:00:00,0.80182,0.80186,0.80074,0.80161,0,0
2014-11-10,05:00:00,0.80161,0.80169,0.80093,0.80115,0,0
2014-11-10,06:00:00,0.80115,0.80135,0.80092,0.80124,0,0
2014-11-10,07:00:00,0.80124,0.80163,0.8008,0.80135,0,0
2014-11-10,08:00:00,0.80135,0.80173,0.80096,0.80171,0,0
2014-11-10,09:00:00,0.8017,0.80225,0.80115,0.80167,0,0
2014-11-10,10:00:00,0.80169,0.80215,0.80125,0.80162,0,0
2014-11-10,11:00:00,0.8016,0.80172,0.80036,0.80088,0,0
2014-11-10,12:00:00,0.80088,0.80114,0.79948,0.79961,0,0
2014-11-10,13:00:00,0.79959,0.80115,0.79953,0.80094,0,0
2014-11-10,14:00:00,0.80086,0.80117,0.80031,0.80085,0,0
2014-11-10,15:00:00,0.80087,0.80167,0.80075,0.80092,0,0
2014-11-10,16:00:00,0.80092,0.80382,0.80092,0.80381,0,0
2014-11-10,17:00:00,0.80381,0.80452,0.80345,0.80359,0,0
2014-11-10,18:00:00,0.80363,0.80495,0.80359,0.80492,0,0
2014-11-10,19:00:00,0.80472,0.80505,0.8043,0.80468,0,0
2014-11-10,20:00:00,0.80474,0.8052,0.80433,0.8044,0,0
2014-11-10,21:00:00,0.80425,0.80503,0.80419,0.805,0,0
2014-11-10,22:00:00,0.80493,0.80524,0.80492,0.80507,0,0
2014-11-10,23:00:00,0.80506,0.80522,0.80456,0.80518,0,0
2014-11-10,23:59:00,0.80547,0.80547,0.80476,0.80489,0,0
2014-11-11,01:00:00,0.8049,0.80491,0.80445,0.80484,0,0
2014-11-11,02:00:00,0.80469,0.80519,0.80438,0.80441,0,0
2014-11-11,03:00:00,0.80442,0.80443,0.80389,0.80425,0,0
2014-11-11,04:00:00,0.8043,0.8043,0.80383,0.804,0,0
2014-11-11,05:00:00,0.80397,0.80462,0.80381,0.80462,0,0
2014-11-11,06:00:00,0.80462,0.8053,0.80454,0.8052,0,0
2014-11-11,07:00:00,0.80527,0.8055,0.8048,0.80485,0,0
2014-11-11,08:00:00,0.80483,0.80548,0.80473,0.80536,0,0
2014-11-11,09:00:00,0.80528,0.80615,0.80489,0.80607,0,0
2014-11-11,10:00:00,0.806,0.80678,0.80551,0.80571,0,0
2014-11-11,11:00:00,0.80572,0.80681,0.80552,0.80613,0,0
2014-11-11,12:00:00,0.80604,0.80642,0.80577,0.80594,0,0
2014-11-11,13:00:00,0.80593,0.806,0.80482,0.80562,0,0
2014-11-11,14:00:00,0.80551,0.80555,0.80484,0.80527,0,0
2014-11-11,15:00:00,0.80529,0.80543,0.80412,0.80503,0,0
2014-11-11,16:00:00,0.80468,0.80502,0.8042,0.80495,0,0
2014-11-11,17:00:00,0.80497,0.80563,0.80466,0.80473,0,0
2014-11-11,18:00:00,0.80471,0.80488,0.80279,0.80319,0,0
2014-11-11,19:00:00,0.80317,0.80356,0.80223,0.80233,0,0
2014-11-11,20:00:00,0.80239,0.80266,0.80042,0.80104,0,0
2014-11-11,21:00:00,0.80106,0.80156,0.80014,0.80151,0,0
2014-11-11,22:00:00,0.80149,0.80167,0.80094,0.80164,0,0
2014-11-11,23:00:00,0.80164,0.80187,0.8015,0.80164,0,0
2014-11-11,23:59:00,0.80164,0.80195,0.8016,0.80182,0,0
2014-11-12,01:00:00,0.80182,0.80195,0.80155,0.80156,0,0
2014-11-12,02:00:00,0.80157,0.80294,0.80151,0.80279,0,0
2014-11-12,03:00:00,0.80279,0.80295,0.80249,0.80249,0,0
2014-11-12,04:00:00,0.8025,0.80256,0.80164,0.80231,0,0
2014-11-12,05:00:00,0.80231,0.80266,0.802,0.80219,0,0
2014-11-12,06:00:00,0.80219,0.80264,0.802,0.80218,0,0
2014-11-12,07:00:00,0.80218,0.8022,0.80135,0.80138,0,0
2014-11-12,08:00:00,0.80135,0.80149,0.80049,0.80145,0,0
2014-11-12,09:00:00,0.80139,0.80157,0.80017,0.80021,0,0
2014-11-12,10:00:00,0.8004,0.80256,0.8004,0.80183,0,0
2014-11-12,11:00:00,0.80188,0.80443,0.80175,0.80402,0,0
2014-11-12,12:00:00,0.80396,0.80397,0.80185,0.80225,0,0
2014-11-12,13:00:00,0.80243,0.80288,0.80063,0.80258,0,0
2014-11-12,14:00:00,0.80262,0.80288,0.80179,0.80239,0,0
2014-11-12,15:00:00,0.80239,0.80254,0.8006,0.80166,0,0
2014-11-12,16:00:00,0.80185,0.80325,0.80176,0.80298,0,0
2014-11-12,17:00:00,0.80298,0.80299,0.8011,0.80156,0,0
2014-11-12,18:00:00,0.80151,0.80301,0.80119,0.80281,0,0
2014-11-12,19:00:00,0.80281,0.80418,0.80281,0.80401,0,0
2014-11-12,20:00:00,0.80394,0.8052,0.80357,0.80478,0,0
2014-11-12,21:00:00,0.80476,0.80495,0.80429,0.80442,0,0
2014-11-12,22:00:00,0.80447,0.80459,0.80423,0.8043,0,0
2014-11-12,23:00:00,0.80426,0.8043,0.80383,0.80405,0,0
2014-11-12,23:59:00,0.80414,0.80463,0.80396,0.80462,0,0
2014-11-13,01:00:00,0.80449,0.80478,0.80423,0.80452,0,0
2014-11-13,02:00:00,0.80453,0.80467,0.80388,0.80411,0,0
2014-11-13,03:00:00,0.8041,0.8043,0.80345,0.80345,0,0
2014-11-13,04:00:00,0.80346,0.80446,0.80317,0.80379,0,0
2014-11-13,05:00:00,0.80379,0.8043,0.80362,0.8037,0,0
2014-11-13,06:00:00,0.80368,0.80389,0.80346,0.8035,0,0
2014-11-13,07:00:00,0.8035,0.80374,0.80343,0.80368,0,0
2014-11-13,08:00:00,0.80349,0.80377,0.80322,0.80376,0,0
2014-11-13,09:00:00,0.80376,0.80425,0.80277,0.80304,0,0
2014-11-13,10:00:00,0.80304,0.80312,0.80199,0.80229,0,0
2014-11-13,11:00:00,0.80229,0.80296,0.80184,0.80243,0,0
2014-11-13,12:00:00,0.80241,0.80252,0.80164,0.80218,0,0
2014-11-13,13:00:00,0.80218,0.80238,0.80183,0.80236,0,0
2014-11-13,14:00:00,0.80245,0.80279,0.80209,0.80274,0,0
2014-11-13,15:00:00,0.80278,0.80314,0.80185,0.80288,0,0
2014-11-13,16:00:00,0.80283,0.80284,0.80205,0.80222,0,0
2014-11-13,17:00:00,0.80222,0.80222,0.80068,0.80167,0,0
2014-11-13,18:00:00,0.8017,0.80218,0.80106,0.80151,0,0
2014-11-13,19:00:00,0.80156,0.80285,0.80156,0.80234,0,0
2014-11-13,20:00:00,0.80218,0.8025,0.80128,0.80158,0,0
2014-11-13,21:00:00,0.80158,0.80158,0.80058,0.80081,0,0
2014-11-13,22:00:00,0.80081,0.80164,0.80081,0.80144,0,0
2014-11-13,23:00:00,0.80155,0.8017,0.80137,0.80158,0,0
2014-11-13,23:59:00,0.80158,0.80171,0.80144,0.80164,0,0
2014-11-14,01:00:00,0.80161,0.80178,0.80155,0.80169,0,0
2014-11-14,02:00:00,0.80177,0.8025,0.80154,0.80248,0,0
2014-11-14,03:00:00,0.80248,0.80264,0.80201,0.80216,0,0
2014-11-14,04:00:00,0.80216,0.80312,0.80214,0.80303,0,0
2014-11-14,05:00:00,0.80304,0.80312,0.80282,0.80291,0,0
2014-11-14,06:00:00,0.80291,0.8038,0.80277,0.80378,0,0
2014-11-14,07:00:00,0.80393,0.80468,0.8036,0.80445,0,0
2014-11-14,08:00:00,0.80444,0.80473,0.80371,0.80371,0,0
2014-11-14,09:00:00,0.80323,0.80432,0.80289,0.80329,0,0
2014-11-14,10:00:00,0.80315,0.80374,0.80189,0.80228,0,0
2014-11-14,11:00:00,0.80228,0.80303,0.80207,0.80239,0,0
2014-11-14,12:00:00,0.80238,0.80303,0.80205,0.80244,0,0
2014-11-14,13:00:00,0.80245,0.80373,0.80245,0.80353,0,0
2014-11-14,14:00:00,0.80352,0.80374,0.80305,0.80365,0,0
2014-11-14,15:00:00,0.80403,0.80656,0.80373,0.80552,0,0
2014-11-14,16:00:00,0.80557,0.8061,0.80478,0.80541,0,0
2014-11-14,17:00:00,0.80541,0.80541,0.80086,0.80159,0,0
2014-11-14,18:00:00,0.80131,0.80234,0.80019,0.80031,0,0
2014-11-14,19:00:00,0.80037,0.80049,0.79731,0.79892,0,0
2014-11-14,20:00:00,0.79887,0.7989,0.7984,0.79842,0,0
2014-11-14,21:00:00,0.79832,0.79851,0.79713,0.79842,0,0
2014-11-14,22:00:00,0.79844,0.79869,0.7982,0.79835,0,0
2014-11-14,23:00:00,0.79836,0.79836,0.79836,0.79836,0,0
2014-11-17,01:00:00,0.79872,0.79906,0.79866,0.79873,0,0
2014-11-17,02:00:00,0.79868,0.79886,0.79699,0.79844,0,0
2014-11-17,03:00:00,0.79844,0.79844,0.79695,0.79726,0,0
2014-11-17,04:00:00,0.79709,0.79737,0.79514,0.79564,0,0
2014-11-17,05:00:00,0.79568,0.7967,0.79549,0.7967,0,0
2014-11-17,06:00:00,0.79672,0.79697,0.79644,0.79695,0,0
2014-11-17,07:00:00,0.79695,0.79737,0.79676,0.79709,0,0
2014-11-17,08:00:00,0.79709,0.79762,0.79693,0.79755,0,0
2014-11-17,09:00:00,0.79752,0.79845,0.79746,0.79804,0,0
2014-11-17,10:00:00,0.79804,0.799,0.79803,0.79861,0,0
2014-11-17,11:00:00,0.79861,0.80104,0.79861,0.80039,0,0
2014-11-17,12:00:00,0.80051,0.80092,0.80022,0.80027,0,0
2014-11-17,13:00:00,0.80027,0.80062,0.79971,0.80062,0,0
2014-11-17,14:00:00,0.80067,0.80083,0.79997,0.80034,0,0
2014-11-17,15:00:00,0.80034,0.80058,0.79971,0.79987,0,0
2014-11-17,16:00:00,0.79987,0.80257,0.79983,0.80237,0,0
2014-11-17,17:00:00,0.80279,0.80348,0.80235,0.80303,0,0
2014-11-17,18:00:00,0.80282,0.80334,0.80253,0.80334,0,0
2014-11-17,19:00:00,0.80334,0.8034,0.80282,0.80325,0,0
2014-11-17,20:00:00,0.80334,0.80341,0.80288,0.80298,0,0
2014-11-17,21:00:00,0.80298,0.80314,0.80264,0.80306,0,0
2014-11-17,22:00:00,0.80306,0.80324,0.80297,0.80324,0,0
2014-11-17,23:00:00,0.80323,0.80335,0.80306,0.80323,0,0
2014-11-17,23:59:00,0.80323,0.80341,0.80302,0.80326,0,0
2014-11-18,01:00:00,0.80325,0.80366,0.80324,0.80325,0,0
2014-11-18,02:00:00,0.80317,0.80332,0.80227,0.80234,0,0
2014-11-18,03:00:00,0.80228,0.80256,0.80196,0.80204,0,0
2014-11-18,04:00:00,0.80203,0.80203,0.80155,0.80163,0,0
2014-11-18,05:00:00,0.80163,0.80184,0.80158,0.80171,0,0
2014-11-18,06:00:00,0.80169,0.80181,0.80162,0.8018,0,0
2014-11-18,07:00:00,0.80179,0.80208,0.80159,0.80182,0,0
2014-11-18,08:00:00,0.80181,0.80196,0.80166,0.80191,0,0
2014-11-18,09:00:00,0.80191,0.80202,0.80041,0.80074,0,0
2014-11-18,10:00:00,0.80076,0.8012,0.80021,0.80044,0,0
2014-11-18,11:00:00,0.80048,0.80083,0.79886,0.79907,0,0
2014-11-18,12:00:00,0.79907,0.79933,0.79756,0.79933,0,0
2014-11-18,13:00:00,0.79934,0.79935,0.79856,0.79918,0,0
2014-11-18,14:00:00,0.79903,0.79978,0.79886,0.79978,0,0
2014-11-18,15:00:00,0.79971,0.79974,0.79789,0.79822,0,0
2014-11-18,16:00:00,0.79818,0.79965,0.79797,0.79926,0,0
2014-11-18,17:00:00,0.79928,0.79992,0.79815,0.79831,0,0
2014-11-18,18:00:00,0.79809,0.79831,0.79727,0.79794,0,0
2014-11-18,19:00:00,0.79793,0.79813,0.79755,0.79801,0,0
2014-11-18,20:00:00,0.79801,0.79801,0.79735,0.79765,0,0
2014-11-18,21:00:00,0.79768,0.79808,0.79758,0.7978,0,0
2014-11-18,22:00:00,0.79784,0.79802,0.79761,0.79775,0,0
2014-11-18,23:00:00,0.79773,0.79789,0.79761,0.79779,0,0
2014-11-18,23:59:00,0.79779,0.79808,0.79777,0.79798,0,0
2014-11-19,01:00:00,0.79796,0.79808,0.79763,0.79795,0,0
2014-11-19,02:00:00,0.79795,0.79883,0.79782,0.79857,0,0
2014-11-19,03:00:00,0.79858,0.79904,0.79837,0.79849,0,0
2014-11-19,04:00:00,0.79849,0.7987,0.79839,0.79868,0,0
2014-11-19,05:00:00,0.79862,0.7992,0.79862,0.7989,0,0
2014-11-19,06:00:00,0.79896,0.79912,0.7987,0.79883,0,0
2014-11-19,07:00:00,0.79877,0.79904,0.79847,0.79847,0,0
2014-11-19,08:00:00,0.79842,0.79883,0.79817,0.79856,0,0
2014-11-19,09:00:00,0.79859,0.79914,0.79773,0.79777,0,0
2014-11-19,10:00:00,0.79777,0.79805,0.79709,0.79712,0,0
2014-11-19,11:00:00,0.79725,0.79821,0.79724,0.79801,0,0
2014-11-19,12:00:00,0.79801,0.79843,0.79723,0.7973,0,0
2014-11-19,13:00:00,0.79734,0.79801,0.79705,0.79774,0,0
2014-11-19,14:00:00,0.79774,0.79814,0.79745,0.798,0,0
2014-11-19,15:00:00,0.79798,0.79803,0.7956,0.79586,0,0
2014-11-19,16:00:00,0.79586,0.79731,0.79567,0.7973,0,0
2014-11-19,17:00:00,0.79731,0.79844,0.79729,0.79748,0,0
2014-11-19,18:00:00,0.7975,0.79777,0.79677,0.79692,0,0
2014-11-19,19:00:00,0.79696,0.79701,0.79647,0.79686,0,0
2014-11-19,20:00:00,0.79681,0.79711,0.79649,0.7966,0,0
2014-11-19,21:00:00,0.79401,0.79842,0.7938,0.7972,0,0
2014-11-19,22:00:00,0.79721,0.79787,0.79721,0.79731,0,0
2014-11-19,23:00:00,0.79731,0.79736,0.79661,0.79663,0,0
2014-11-19,23:59:00,0.79663,0.79721,0.79655,0.79716,0,0
2014-11-20,01:00:00,0.79712,0.79757,0.79709,0.79745,0,0
2014-11-20,02:00:00,0.79744,0.79781,0.79691,0.79771,0,0
2014-11-20,03:00:00,0.79766,0.79812,0.79751,0.79765,0,0
2014-11-20,04:00:00,0.79761,0.79776,0.79726,0.79726,0,0
2014-11-20,05:00:00,0.79712,0.7974,0.79688,0.79718,0,0
2014-11-20,06:00:00,0.79718,0.79763,0.7969,0.79702,0,0
2014-11-20,07:00:00,0.79711,0.79722,0.7969,0.79708,0,0
2014-11-20,08:00:00,0.79708,0.79758,0.79693,0.7974,0,0
2014-11-20,09:00:00,0.79738,0.79844,0.79735,0.79769,0,0
2014-11-20,10:00:00,0.7978,0.79965,0.79533,0.79891,0,0
2014-11-20,11:00:00,0.7989,0.79962,0.79854,0.79898,0,0
2014-11-20,12:00:00,0.79892,0.79932,0.79815,0.79822,0,0
2014-11-20,13:00:00,0.79822,0.79843,0.79741,0.7978,0,0
2014-11-20,14:00:00,0.79784,0.79802,0.79681,0.79724,0,0
2014-11-20,15:00:00,0.79724,0.79937,0.79622,0.79735,0,0
2014-11-20,16:00:00,0.79735,0.79747,0.7957,0.7966,0,0
2014-11-20,17:00:00,0.7966,0.79834,0.79651,0.7975,0,0
2014-11-20,18:00:00,0.7975,0.79877,0.79699,0.79859,0,0
2014-11-20,19:00:00,0.79838,0.79847,0.79751,0.79759,0,0
2014-11-20,20:00:00,0.79757,0.79763,0.79633,0.79681,0,0
2014-11-20,21:00:00,0.7968,0.79707,0.7966,0.79688,0,0
2014-11-20,22:00:00,0.79688,0.79735,0.79681,0.7972,0,0
2014-11-20,23:00:00,0.79719,0.79751,0.79707,0.79749,0,0
2014-11-20,23:59:00,0.79752,0.7976,0.79706,0.79731,0,0
2014-11-21,01:00:00,0.79731,0.79784,0.7972,0.79726,0,0
2014-11-21,02:00:00,0.79735,0.79735,0.7966,0.79706,0,0
2014-11-21,03:00:00,0.79701,0.79703,0.79615,0.79615,0,0
2014-11-21,04:00:00,0.79616,0.79657,0.79574,0.79637,0,0
2014-11-21,05:00:00,0.79637,0.79684,0.79587,0.79592,0,0
2014-11-21,06:00:00,0.79595,0.79672,0.7958,0.79666,0,0
2014-11-21,07:00:00,0.79653,0.79719,0.79648,0.79705,0,0
2014-11-21,08:00:00,0.79704,0.79744,0.79679,0.79724,0,0
2014-11-21,09:00:00,0.79724,0.79765,0.79675,0.79724,0,0
2014-11-21,10:00:00,0.79724,0.80201,0.79669,0.80196,0,0
2014-11-21,11:00:00,0.80214,0.80427,0.80183,0.80416,0,0
2014-11-21,12:00:00,0.80416,0.80478,0.80267,0.80432,0,0
2014-11-21,13:00:00,0.80432,0.80544,0.80392,0.80499,0,0
2014-11-21,14:00:00,0.80499,0.80499,0.80404,0.8049,0,0
2014-11-21,15:00:00,0.8049,0.80541,0.80396,0.80412,0,0
2014-11-21,16:00:00,0.80422,0.8058,0.8041,0.80485,0,0
2014-11-21,17:00:00,0.80451,0.80583,0.80451,0.80577,0,0
2014-11-21,18:00:00,0.80576,0.80718,0.80547,0.80697,0,0
2014-11-21,19:00:00,0.80701,0.80777,0.80701,0.80739,0,0
2014-11-21,20:00:00,0.80739,0.80817,0.80727,0.80767,0,0
2014-11-21,21:00:00,0.80766,0.80767,0.80684,0.80734,0,0
2014-11-21,22:00:00,0.80736,0.80759,0.80706,0.80707,0,0
2014-11-21,23:00:00,0.80706,0.80721,0.80706,0.80721,0,0
2014-11-24,01:00:00,0.80838,0.80887,0.80817,0.80836,0,0
2014-11-24,02:00:00,0.80839,0.80839,0.80755,0.80775,0,0
2014-11-24,03:00:00,0.80779,0.80834,0.80728,0.80747,0,0
2014-11-24,04:00:00,0.80747,0.80769,0.80709,0.80748,0,0
2014-11-24,05:00:00,0.80749,0.80749,0.80676,0.80711,0,0
2014-11-24,06:00:00,0.80711,0.80711,0.80671,0.80676,0,0
2014-11-24,07:00:00,0.80672,0.80697,0.80659,0.80676,0,0
2014-11-24,08:00:00,0.80676,0.80692,0.80656,0.80688,0,0
2014-11-24,09:00:00,0.80689,0.80716,0.80617,0.80667,0,0
2014-11-24,10:00:00,0.80666,0.80827,0.80617,0.80773,0,0
2014-11-24,11:00:00,0.80773,0.80789,0.80561,0.80626,0,0
2014-11-24,12:00:00,0.80642,0.80702,0.80612,0.80617,0,0
2014-11-24,13:00:00,0.80615,0.80617,0.80562,0.80581,0,0
2014-11-24,14:00:00,0.8058,0.80632,0.80563,0.80597,0,0
2014-11-24,15:00:00,0.80598,0.80643,0.80509,0.80541,0,0
2014-11-24,16:00:00,0.8054,0.8059,0.80467,0.80511,0,0
2014-11-24,17:00:00,0.80522,0.80522,0.80394,0.80419,0,0
2014-11-24,18:00:00,0.80416,0.80489,0.80367,0.80482,0,0
2014-11-24,19:00:00,0.80482,0.80498,0.80427,0.80476,0,0
2014-11-24,20:00:00,0.80476,0.80482,0.80402,0.80404,0,0
2014-11-24,21:00:00,0.80404,0.80441,0.80397,0.8043,0,0
2014-11-24,22:00:00,0.80432,0.80432,0.80374,0.80383,0,0
2014-11-24,23:00:00,0.80384,0.80406,0.8038,0.80385,0,0
2014-11-24,23:59:00,0.80377,0.80407,0.80377,0.80406,0,0
2014-11-25,01:00:00,0.80406,0.8046,0.80397,0.80434,0,0
2014-11-25,02:00:00,0.80434,0.80492,0.80428,0.80477,0,0
2014-11-25,03:00:00,0.80472,0.80486,0.80421,0.80435,0,0
2014-11-25,04:00:00,0.80436,0.80509,0.80436,0.80507,0,0
2014-11-25,05:00:00,0.80508,0.8052,0.80471,0.80508,0,0
2014-11-25,06:00:00,0.80508,0.80533,0.80498,0.80526,0,0
2014-11-25,07:00:00,0.80526,0.80526,0.80478,0.80482,0,0
2014-11-25,08:00:00,0.80482,0.80504,0.80458,0.80482,0,0
2014-11-25,09:00:00,0.80482,0.80552,0.80432,0.80514,0,0
2014-11-25,10:00:00,0.80511,0.80532,0.80372,0.80419,0,0
2014-11-25,11:00:00,0.80416,0.8049,0.80403,0.80428,0,0
2014-11-25,12:00:00,0.80433,0.8045,0.80392,0.80404,0,0
2014-11-25,13:00:00,0.80407,0.80452,0.80386,0.80429,0,0
2014-11-25,14:00:00,0.80424,0.80531,0.80423,0.80495,0,0
2014-11-25,15:00:00,0.80492,0.80635,0.80465,0.80572,0,0
2014-11-25,16:00:00,0.80574,0.80579,0.80228,0.80288,0,0
2014-11-25,17:00:00,0.80221,0.80276,0.80104,0.80108,0,0
2014-11-25,18:00:00,0.80101,0.802,0.80096,0.80196,0,0
2014-11-25,19:00:00,0.80194,0.80268,0.80194,0.80267,0,0
2014-11-25,20:00:00,0.80269,0.80269,0.80133,0.80133,0,0
2014-11-25,21:00:00,0.80137,0.80228,0.80115,0.80196,0,0
2014-11-25,22:00:00,0.80194,0.80207,0.80142,0.80162,0,0
2014-11-25,23:00:00,0.80158,0.80182,0.80157,0.80171,0,0
2014-11-25,23:59:00,0.80175,0.8019,0.8017,0.80177,0,0
2014-11-26,01:00:00,0.80176,0.8019,0.80131,0.8014,0,0
2014-11-26,02:00:00,0.80139,0.8017,0.80124,0.80133,0,0
2014-11-26,03:00:00,0.80137,0.8019,0.80106,0.80187,0,0
2014-11-26,04:00:00,0.80186,0.80227,0.8018,0.80194,0,0
2014-11-26,05:00:00,0.80194,0.8022,0.80167,0.80194,0,0
2014-11-26,06:00:00,0.80196,0.80209,0.80169,0.8018,0,0
2014-11-26,07:00:00,0.80174,0.8021,0.80174,0.80175,0,0
2014-11-26,08:00:00,0.80173,0.80192,0.8012,0.80176,0,0
2014-11-26,09:00:00,0.8018,0.80228,0.80146,0.80207,0,0
2014-11-26,10:00:00,0.80211,0.80211,0.80042,0.80188,0,0
2014-11-26,11:00:00,0.80187,0.80304,0.80151,0.80272,0,0
2014-11-26,12:00:00,0.80277,0.80369,0.80245,0.80261,0,0
2014-11-26,13:00:00,0.80268,0.80371,0.80268,0.80315,0,0
2014-11-26,14:00:00,0.80312,0.80317,0.80094,0.80103,0,0
2014-11-26,15:00:00,0.8011,0.80203,0.7996,0.80086,0,0
2014-11-26,16:00:00,0.80085,0.80129,0.7999,0.80012,0,0
2014-11-26,17:00:00,0.80019,0.80019,0.79813,0.79826,0,0
2014-11-26,18:00:00,0.79831,0.80001,0.79822,0.79993,0,0
2014-11-26,19:00:00,0.79994,0.79999,0.79921,0.79968,0,0
2014-11-26,20:00:00,0.7998,0.79985,0.79899,0.79926,0,0
2014-11-26,21:00:00,0.79927,0.79974,0.79913,0.79919,0,0
2014-11-26,22:00:00,0.79921,0.79969,0.79916,0.79954,0,0
2014-11-26,23:00:00,0.79948,0.79975,0.79948,0.79968,0,0
2014-11-26,23:59:00,0.79969,0.79992,0.79959,0.79966,0,0
2014-11-27,01:00:00,0.79966,0.79994,0.79966,0.79981,0,0
2014-11-27,02:00:00,0.79981,0.80016,0.79942,0.80015,0,0
2014-11-27,03:00:00,0.80015,0.80036,0.79997,0.80035,0,0
2014-11-27,04:00:00,0.80034,0.80035,0.79987,0.79987,0,0
2014-11-27,05:00:00,0.7998,0.79996,0.79937,0.79957,0,0
2014-11-27,06:00:00,0.79957,0.79971,0.79938,0.79946,0,0
2014-11-27,07:00:00,0.79946,0.79987,0.79946,0.79979,0,0
2014-11-27,08:00:00,0.79979,0.79984,0.7993,0.79966,0,0
2014-11-27,09:00:00,0.79967,0.79967,0.7986,0.79925,0,0
2014-11-27,10:00:00,0.79925,0.80158,0.79925,0.80099,0,0
2014-11-27,11:00:00,0.80097,0.80232,0.80094,0.80228,0,0
2014-11-27,12:00:00,0.80229,0.80229,0.80167,0.80182,0,0
2014-11-27,13:00:00,0.80182,0.80197,0.80101,0.80132,0,0
2014-11-27,14:00:00,0.8013,0.8013,0.80079,0.8009,0,0
2014-11-27,15:00:00,0.8009,0.80159,0.80051,0.80118,0,0
2014-11-27,16:00:00,0.80117,0.80123,0.80026,0.80095,0,0
2014-11-27,17:00:00,0.80092,0.8014,0.80018,0.80127,0,0
2014-11-27,18:00:00,0.80129,0.80187,0.80097,0.80165,0,0
2014-11-27,19:00:00,0.80166,0.80198,0.80149,0.80192,0,0
2014-11-27,20:00:00,0.80191,0.80235,0.80174,0.80199,0,0
2014-11-27,21:00:00,0.80203,0.8021,0.80192,0.80194,0,0
2014-11-27,22:00:00,0.80195,0.80231,0.80193,0.8022,0,0
2014-11-27,23:00:00,0.80222,0.80228,0.80215,0.80221,0,0
2014-11-27,23:59:00,0.80221,0.80291,0.80218,0.80273,0,0
2014-11-28,01:00:00,0.80269,0.80274,0.80241,0.80268,0,0
2014-11-28,02:00:00,0.80268,0.80339,0.80264,0.80325,0,0
2014-11-28,03:00:00,0.80324,0.80336,0.80245,0.80258,0,0
2014-11-28,04:00:00,0.80259,0.80307,0.80238,0.80306,0,0
2014-11-28,05:00:00,0.80307,0.80352,0.80276,0.80345,0,0
2014-11-28,06:00:00,0.80345,0.80361,0.80334,0.8035,0,0
2014-11-28,07:00:00,0.8035,0.80355,0.80328,0.80338,0,0
2014-11-28,08:00:00,0.80338,0.80355,0.80299,0.80299,0,0
2014-11-28,09:00:00,0.803,0.80419,0.80247,0.80399,0,0
2014-11-28,10:00:00,0.80401,0.80463,0.80393,0.80399,0,0
2014-11-28,11:00:00,0.80396,0.80439,0.80322,0.80415,0,0
2014-11-28,12:00:00,0.80414,0.80414,0.80252,0.80336,0,0
2014-11-28,13:00:00,0.80338,0.80344,0.80141,0.80171,0,0
2014-11-28,14:00:00,0.80176,0.80178,0.8007,0.8012,0,0
2014-11-28,15:00:00,0.80122,0.80157,0.80078,0.80117,0,0
2014-11-28,16:00:00,0.80116,0.8025,0.80085,0.80235,0,0
2014-11-28,17:00:00,0.80223,0.80279,0.80179,0.80226,0,0
2014-11-28,18:00:00,0.80232,0.8044,0.80225,0.80408,0,0
2014-11-28,19:00:00,0.80408,0.80481,0.80399,0.80432,0,0
2014-11-28,20:00:00,0.80428,0.80436,0.80371,0.80384,0,0
2014-11-28,21:00:00,0.80384,0.8039,0.80359,0.80376,0,0
2014-11-28,22:00:00,0.80376,0.80395,0.80345,0.80395,0,0
2014-11-28,23:00:00,0.80397,0.80397,0.80366,0.80369,0,0
2014-12-01,01:00:00,0.80352,0.80447,0.80345,0.80416,0,0
2014-12-01,02:00:00,0.80416,0.80477,0.80397,0.80425,0,0
2014-12-01,03:00:00,0.80427,0.8044,0.80359,0.80376,0,0
2014-12-01,04:00:00,0.80376,0.80401,0.80342,0.8035,0,0
2014-12-01,05:00:00,0.8035,0.80363,0.80319,0.80321,0,0
2014-12-01,06:00:00,0.80319,0.8032,0.80299,0.80302,0,0
2014-12-01,07:00:00,0.80303,0.80343,0.80286,0.80343,0,0
2014-12-01,08:00:00,0.80343,0.8035,0.8031,0.80325,0,0
2014-12-01,09:00:00,0.80334,0.8052,0.80323,0.80504,0,0
2014-12-01,10:00:00,0.80516,0.80523,0.80174,0.80375,0,0
2014-12-01,11:00:00,0.8037,0.8039,0.80208,0.80229,0,0
2014-12-01,12:00:00,0.80235,0.80253,0.80153,0.80236,0,0
2014-12-01,13:00:00,0.8024,0.80275,0.80151,0.80263,0,0
2014-12-01,14:00:00,0.80268,0.80295,0.80203,0.80218,0,0
2014-12-01,15:00:00,0.80216,0.8023,0.80095,0.80131,0,0
2014-12-01,16:00:00,0.80131,0.80166,0.79968,0.80001,0,0
2014-12-01,17:00:00,0.80004,0.8018,0.79978,0.80163,0,0
2014-12-01,18:00:00,0.80163,0.80204,0.80076,0.80079,0,0
2014-12-01,19:00:00,0.80076,0.80098,0.79992,0.80048,0,0
2014-12-01,20:00:00,0.80044,0.80136,0.80006,0.80133,0,0
2014-12-01,21:00:00,0.80135,0.80191,0.80131,0.80151,0,0
2014-12-01,22:00:00,0.80152,0.80197,0.80152,0.80194,0,0
2014-12-01,23:00:00,0.80192,0.80219,0.80179,0.80205,0,0
2014-12-01,23:59:00,0.80205,0.80212,0.80171,0.80183,0,0
2014-12-02,01:00:00,0.80185,0.80215,0.80164,0.80201,0,0
2014-12-02,02:00:00,0.80202,0.8021,0.80162,0.80176,0,0
2014-12-02,03:00:00,0.80176,0.80253,0.80163,0.80228,0,0
2014-12-02,04:00:00,0.80228,0.80251,0.80218,0.80233,0,0
2014-12-02,05:00:00,0.80233,0.80248,0.80214,0.80227,0,0
2014-12-02,06:00:00,0.80227,0.80236,0.80203,0.80232,0,0
2014-12-02,07:00:00,0.80232,0.80254,0.80227,0.80236,0,0
2014-12-02,08:00:00,0.80236,0.80252,0.80219,0.80245,0,0
2014-12-02,09:00:00,0.80245,0.8033,0.80245,0.80305,0,0
2014-12-02,10:00:00,0.80305,0.80439,0.80284,0.80394,0,0
2014-12-02,11:00:00,0.80393,0.80433,0.80334,0.80423,0,0
2014-12-02,12:00:00,0.80423,0.80459,0.80389,0.80419,0,0
2014-12-02,13:00:00,0.80417,0.80418,0.80341,0.80393,0,0
2014-12-02,14:00:00,0.80395,0.80478,0.8038,0.80474,0,0
2014-12-02,15:00:00,0.80474,0.8059,0.80439,0.80497,0,0
2014-12-02,16:00:00,0.80497,0.80659,0.80472,0.80633,0,0
2014-12-02,17:00:00,0.80633,0.80684,0.80568,0.80641,0,0
2014-12-02,18:00:00,0.80646,0.80762,0.80622,0.80725,0,0
2014-12-02,19:00:00,0.80721,0.80758,0.80661,0.80744,0,0
2014-12-02,20:00:00,0.80745,0.8079,0.80723,0.80789,0,0
2014-12-02,21:00:00,0.80792,0.80805,0.80757,0.8079,0,0
2014-12-02,22:00:00,0.80791,0.80799,0.80751,0.80776,0,0
2014-12-02,23:00:00,0.80779,0.80796,0.80751,0.80765,0,0
2014-12-02,23:59:00,0.80764,0.80782,0.80753,0.8076,0,0
2014-12-03,01:00:00,0.80763,0.8077,0.80723,0.80737,0,0
2014-12-03,02:00:00,0.80734,0.80764,0.80723,0.80736,0,0
2014-12-03,03:00:00,0.80736,0.80766,0.80717,0.80732,0,0
2014-12-03,04:00:00,0.80731,0.80752,0.80719,0.8074,0,0
2014-12-03,05:00:00,0.8074,0.80758,0.80732,0.80755,0,0
2014-12-03,06:00:00,0.80755,0.80772,0.80722,0.80757,0,0
2014-12-03,07:00:00,0.80757,0.80799,0.80747,0.80773,0,0
2014-12-03,08:00:00,0.80821,0.80867,0.80773,0.80818,0,0
2014-12-03,09:00:00,0.80815,0.80897,0.8079,0.80818,0,0
2014-12-03,10:00:00,0.8082,0.81151,0.80817,0.81083,0,0
2014-12-03,11:00:00,0.81091,0.81149,0.8102,0.81133,0,0
2014-12-03,12:00:00,0.81131,0.81156,0.81033,0.81087,0,0
2014-12-03,13:00:00,0.81085,0.8117,0.81062,0.8116,0,0
2014-12-03,14:00:00,0.81158,0.81168,0.81066,0.81088,0,0
2014-12-03,15:00:00,0.81089,0.8115,0.81015,0.8115,0,0
2014-12-03,16:00:00,0.81149,0.81252,0.81133,0.81202,0,0
2014-12-03,17:00:00,0.81222,0.81294,0.81127,0.81164,0,0
2014-12-03,18:00:00,0.81166,0.81289,0.81166,0.81281,0,0
2014-12-03,19:00:00,0.81282,0.81299,0.81203,0.81285,0,0
2014-12-03,20:00:00,0.81282,0.81301,0.81261,0.81279,0,0
2014-12-03,21:00:00,0.81279,0.8129,0.81232,0.81249,0,0
2014-12-03,22:00:00,0.81249,0.81259,0.81205,0.81247,0,0
2014-12-03,23:00:00,0.81243,0.81255,0.81235,0.8124,0,0
2014-12-03,23:59:00,0.81238,0.81263,0.81235,0.81262,0,0
2014-12-04,01:00:00,0.81262,0.81262,0.81206,0.81218,0,0
2014-12-04,02:00:00,0.81218,0.81235,0.81181,0.8121,0,0
2014-12-04,03:00:00,0.81217,0.81228,0.81195,0.81206,0,0
2014-12-04,04:00:00,0.8121,0.81244,0.81203,0.81228,0,0
2014-12-04,05:00:00,0.81228,0.81272,0.81221,0.81267,0,0
2014-12-04,06:00:00,0.81267,0.81299,0.81265,0.81273,0,0
2014-12-04,07:00:00,0.81274,0.81282,0.81255,0.81276,0,0
2014-12-04,08:00:00,0.81274,0.81299,0.81256,0.81279,0,0
2014-12-04,09:00:00,0.81279,0.81339,0.81231,0.8128,0,0
2014-12-04,10:00:00,0.81281,0.81281,0.81158,0.81181,0,0
2014-12-04,11:00:00,0.81181,0.81233,0.81145,0.81203,0,0
2014-12-04,12:00:00,0.81206,0.8122,0.81174,0.81217,0,0
2014-12-04,13:00:00,0.81214,0.81278,0.81166,0.81266,0,0
2014-12-04,14:00:00,0.81268,0.81284,0.81181,0.81267,0,0
2014-12-04,15:00:00,0.81264,0.8143,0.80568,0.80676,0,0
2014-12-04,16:00:00,0.8067,0.81041,0.80583,0.8068,0,0
2014-12-04,17:00:00,0.80671,0.8083,0.80421,0.80421,0,0
2014-12-04,18:00:00,0.80417,0.80464,0.80292,0.80451,0,0
2014-12-04,19:00:00,0.8045,0.80863,0.80438,0.8082,0,0
2014-12-04,20:00:00,0.80819,0.80894,0.80759,0.80888,0,0
2014-12-04,21:00:00,0.80886,0.80909,0.8084,0.80864,0,0
2014-12-04,22:00:00,0.80862,0.80862,0.80755,0.8077,0,0
2014-12-04,23:00:00,0.8077,0.80802,0.80739,0.80793,0,0
2014-12-04,23:59:00,0.80798,0.80806,0.80764,0.80798,0,0
2014-12-05,01:00:00,0.80797,0.80798,0.80715,0.80751,0,0
2014-12-05,02:00:00,0.80751,0.80766,0.80705,0.80735,0,0
2014-12-05,03:00:00,0.80733,0.80814,0.80727,0.80813,0,0
2014-12-05,04:00:00,0.80811,0.80827,0.80773,0.80773,0,0
2014-12-05,05:00:00,0.80773,0.80788,0.8076,0.80775,0,0
2014-12-05,06:00:00,0.80775,0.80833,0.80773,0.80808,0,0
2014-12-05,07:00:00,0.80807,0.80813,0.80773,0.80802,0,0
2014-12-05,08:00:00,0.80803,0.8086,0.80779,0.80849,0,0
2014-12-05,09:00:00,0.80856,0.80881,0.8076,0.80772,0,0
2014-12-05,10:00:00,0.80772,0.80888,0.80766,0.8083,0,0
2014-12-05,11:00:00,0.80837,0.80911,0.80795,0.80858,0,0
2014-12-05,12:00:00,0.80858,0.80975,0.80844,0.80929,0,0
2014-12-05,13:00:00,0.80934,0.81003,0.80906,0.80961,0,0
2014-12-05,14:00:00,0.80975,0.81009,0.80866,0.80871,0,0
2014-12-05,15:00:00,0.80868,0.81444,0.80798,0.81294,0,0
2014-12-05,16:00:00,0.81304,0.815,0.81153,0.81466,0,0
2014-12-05,17:00:00,0.81467,0.81467,0.81264,0.81332,0,0
2014-12-05,18:00:00,0.81334,0.81401,0.81247,0.81276,0,0
2014-12-05,19:00:00,0.81289,0.81366,0.81285,0.81359,0,0
2014-12-05,20:00:00,0.8136,0.81428,0.81324,0.81417,0,0
2014-12-05,21:00:00,0.81417,0.81436,0.81357,0.81387,0,0
2014-12-05,22:00:00,0.81384,0.81391,0.81339,0.81384,0,0
2014-12-05,23:00:00,0.81379,0.81387,0.81378,0.81386,0,0
2014-12-08,01:00:00,0.81399,0.81401,0.81291,0.8135,0,0
2014-12-08,02:00:00,0.81351,0.8139,0.8132,0.8136,0,0
2014-12-08,03:00:00,0.81365,0.81365,0.81291,0.81346,0,0
2014-12-08,04:00:00,0.81344,0.81388,0.81339,0.81388,0,0
2014-12-08,05:00:00,0.81388,0.81403,0.81365,0.81399,0,0
2014-12-08,06:00:00,0.81401,0.81408,0.81374,0.81391,0,0
2014-12-08,07:00:00,0.81401,0.81413,0.81339,0.81346,0,0
2014-12-08,08:00:00,0.81346,0.81425,0.81346,0.81419,0,0
2014-12-08,09:00:00,0.81407,0.81568,0.81407,0.81512,0,0
2014-12-08,10:00:00,0.81513,0.81625,0.8145,0.81547,0,0
2014-12-08,11:00:00,0.81553,0.81604,0.8151,0.81578,0,0
2014-12-08,12:00:00,0.81578,0.81657,0.81575,0.81652,0,0
2014-12-08,13:00:00,0.81651,0.81659,0.81476,0.81537,0,0
2014-12-08,14:00:00,0.81544,0.81637,0.81518,0.8161,0,0
2014-12-08,15:00:00,0.81609,0.81646,0.8148,0.81487,0,0
2014-12-08,16:00:00,0.81485,0.81509,0.81427,0.8146,0,0
2014-12-08,17:00:00,0.81461,0.81466,0.81339,0.81384,0,0
2014-12-08,18:00:00,0.8138,0.8138,0.81307,0.81368,0,0
2014-12-08,19:00:00,0.81368,0.81371,0.81181,0.81217,0,0
2014-12-08,20:00:00,0.81215,0.81221,0.81117,0.81123,0,0
2014-12-08,21:00:00,0.8112,0.81203,0.81028,0.81144,0,0
2014-12-08,22:00:00,0.8114,0.81239,0.81131,0.81239,0,0
2014-12-08,23:00:00,0.81229,0.81267,0.81194,0.81195,0,0
2014-12-08,23:59:00,0.81195,0.81248,0.81189,0.812,0,0
2014-12-09,01:00:00,0.812,0.81223,0.81187,0.81212,0,0
2014-12-09,02:00:00,0.81213,0.81287,0.81209,0.8128,0,0
2014-12-09,03:00:00,0.81274,0.81291,0.81231,0.81266,0,0
2014-12-09,04:00:00,0.8127,0.81282,0.81221,0.81236,0,0
2014-12-09,05:00:00,0.81235,0.8136,0.81234,0.81359,0,0
2014-12-09,06:00:00,0.81355,0.81359,0.81194,0.81233,0,0
2014-12-09,07:00:00,0.81233,0.81252,0.81175,0.81176,0,0
2014-12-09,08:00:00,0.8118,0.812,0.81039,0.81089,0,0
2014-12-09,09:00:00,0.81096,0.81173,0.80996,0.81006,0,0
2014-12-09,10:00:00,0.81004,0.81004,0.80871,0.80931,0,0
2014-12-09,11:00:00,0.80936,0.81039,0.8089,0.81003,0,0
2014-12-09,12:00:00,0.81004,0.81036,0.80879,0.80955,0,0
2014-12-09,13:00:00,0.80954,0.80998,0.80918,0.80992,0,0
2014-12-09,14:00:00,0.80991,0.80991,0.80811,0.80816,0,0
2014-12-09,15:00:00,0.8082,0.809,0.80712,0.80715,0,0
2014-12-09,16:00:00,0.80712,0.80734,0.8063,0.80697,0,0
2014-12-09,17:00:00,0.80696,0.80721,0.80348,0.80502,0,0
2014-12-09,18:00:00,0.80497,0.80641,0.80429,0.80567,0,0
2014-12-09,19:00:00,0.80556,0.8077,0.80554,0.8071,0,0
2014-12-09,20:00:00,0.80695,0.80761,0.80676,0.80721,0,0
2014-12-09,21:00:00,0.80722,0.80835,0.80718,0.80809,0,0
2014-12-09,22:00:00,0.80814,0.80881,0.80813,0.80838,0,0
2014-12-09,23:00:00,0.80838,0.80861,0.80818,0.80826,0,0
2014-12-09,23:59:00,0.80821,0.80852,0.80779,0.80794,0,0
2014-12-10,01:00:00,0.80794,0.80811,0.80689,0.80733,0,0
2014-12-10,02:00:00,0.80732,0.8078,0.80725,0.80773,0,0
2014-12-10,03:00:00,0.80774,0.80901,0.8076,0.80892,0,0
2014-12-10,04:00:00,0.80888,0.80897,0.80826,0.80837,0,0
2014-12-10,05:00:00,0.80833,0.80835,0.8076,0.80778,0,0
2014-12-10,06:00:00,0.80778,0.80781,0.80672,0.80694,0,0
2014-12-10,07:00:00,0.80694,0.80723,0.8067,0.80706,0,0
2014-12-10,08:00:00,0.80705,0.80742,0.80687,0.80734,0,0
2014-12-10,09:00:00,0.80734,0.80773,0.80692,0.80732,0,0
2014-12-10,10:00:00,0.80732,0.80888,0.80704,0.80707,0,0
2014-12-10,11:00:00,0.80711,0.80785,0.80666,0.80714,0,0
2014-12-10,12:00:00,0.80714,0.8084,0.80689,0.80818,0,0
2014-12-10,13:00:00,0.80811,0.80832,0.80747,0.80819,0,0
2014-12-10,14:00:00,0.80809,0.80878,0.80745,0.808,0,0
2014-12-10,15:00:00,0.80799,0.80811,0.80667,0.807,0,0
2014-12-10,16:00:00,0.807,0.80749,0.80569,0.80581,0,0
2014-12-10,17:00:00,0.80581,0.80595,0.80425,0.80552,0,0
2014-12-10,18:00:00,0.80546,0.80586,0.80476,0.80494,0,0
2014-12-10,19:00:00,0.80493,0.80522,0.80435,0.80473,0,0
2014-12-10,20:00:00,0.80473,0.8049,0.80359,0.80365,0,0
2014-12-10,21:00:00,0.80365,0.80445,0.80359,0.80383,0,0
2014-12-10,22:00:00,0.80388,0.80493,0.80346,0.80365,0,0
2014-12-10,23:00:00,0.80364,0.80388,0.80343,0.80345,0,0
2014-12-10,23:59:00,0.80341,0.8037,0.80341,0.80352,0,0
2014-12-11,01:00:00,0.80358,0.80368,0.80097,0.80136,0,0
2014-12-11,02:00:00,0.80135,0.80176,0.8004,0.80075,0,0
2014-12-11,03:00:00,0.8007,0.80342,0.80069,0.80324,0,0
2014-12-11,04:00:00,0.80322,0.80322,0.80244,0.80291,0,0
2014-12-11,05:00:00,0.80293,0.80326,0.80257,0.80324,0,0
2014-12-11,06:00:00,0.80324,0.80355,0.80284,0.80349,0,0
2014-12-11,07:00:00,0.80349,0.80442,0.80329,0.80394,0,0
2014-12-11,08:00:00,0.80394,0.80404,0.80274,0.80297,0,0
2014-12-11,09:00:00,0.80297,0.80317,0.80105,0.80105,0,0
2014-12-11,10:00:00,0.80098,0.80388,0.80098,0.80362,0,0
2014-12-11,11:00:00,0.80367,0.80536,0.80335,0.80517,0,0
2014-12-11,12:00:00,0.80517,0.80561,0.80297,0.80297,0,0
2014-12-11,13:00:00,0.80312,0.80339,0.80242,0.80244,0,0
2014-12-11,14:00:00,0.80248,0.80444,0.80218,0.80444,0,0
2014-12-11,15:00:00,0.80441,0.80635,0.80391,0.80635,0,0
2014-12-11,16:00:00,0.80637,0.80798,0.80555,0.80687,0,0
2014-12-11,17:00:00,0.80691,0.80832,0.80676,0.8077,0,0
2014-12-11,18:00:00,0.80776,0.80791,0.80612,0.80674,0,0
2014-12-11,19:00:00,0.80676,0.80753,0.80633,0.80738,0,0
2014-12-11,20:00:00,0.80741,0.80838,0.80706,0.8083,0,0
2014-12-11,21:00:00,0.80829,0.80849,0.80745,0.80749,0,0
2014-12-11,22:00:00,0.80749,0.8079,0.80712,0.80729,0,0
2014-12-11,23:00:00,0.80729,0.80732,0.80572,0.80576,0,0
2014-12-11,23:59:00,0.80585,0.8065,0.8058,0.80613,0,0
2014-12-12,01:00:00,0.80611,0.8071,0.80609,0.80698,0,0
2014-12-12,02:00:00,0.80698,0.80715,0.80632,0.80665,0,0
2014-12-12,03:00:00,0.80667,0.80708,0.80648,0.80686,0,0
2014-12-12,04:00:00,0.80686,0.80689,0.80627,0.80665,0,0
2014-12-12,05:00:00,0.80666,0.80708,0.80661,0.80687,0,0
2014-12-12,06:00:00,0.80686,0.80705,0.80643,0.80674,0,0
2014-12-12,07:00:00,0.80674,0.8071,0.80672,0.80685,0,0
2014-12-12,08:00:00,0.80686,0.80719,0.80652,0.80714,0,0
2014-12-12,09:00:00,0.8071,0.80755,0.80639,0.80654,0,0
2014-12-12,10:00:00,0.80648,0.80665,0.80473,0.80498,0,0
2014-12-12,11:00:00,0.80494,0.80501,0.80307,0.80484,0,0
2014-12-12,12:00:00,0.80486,0.80493,0.80401,0.80423,0,0
2014-12-12,13:00:00,0.80423,0.80473,0.80234,0.80288,0,0
2014-12-12,14:00:00,0.80294,0.80429,0.80288,0.80331,0,0
2014-12-12,15:00:00,0.80331,0.80378,0.80262,0.80281,0,0
2014-12-12,16:00:00,0.80285,0.80364,0.80161,0.80359,0,0
2014-12-12,17:00:00,0.80366,0.80438,0.80204,0.80236,0,0
2014-12-12,18:00:00,0.80252,0.80279,0.80107,0.80113,0,0
2014-12-12,19:00:00,0.80118,0.80282,0.80118,0.80282,0,0
2014-12-12,20:00:00,0.80283,0.80345,0.80248,0.80338,0,0
2014-12-12,21:00:00,0.80339,0.8034,0.80273,0.80323,0,0
2014-12-12,22:00:00,0.80323,0.80325,0.80279,0.80298,0,0
2014-12-12,23:00:00,0.80301,0.80311,0.80301,0.80303,0,0
2014-12-15,01:00:00,0.80167,0.80285,0.80163,0.80241,0,0
2014-12-15,02:00:00,0.80241,0.80299,0.8022,0.80292,0,0
2014-12-15,03:00:00,0.8029,0.80365,0.80272,0.80309,0,0
2014-12-15,04:00:00,0.80304,0.80337,0.80281,0.80337,0,0
2014-12-15,05:00:00,0.80337,0.80429,0.8032,0.80428,0,0
2014-12-15,06:00:00,0.80429,0.80436,0.80368,0.80397,0,0
2014-12-15,07:00:00,0.80403,0.80403,0.80366,0.80371,0,0
2014-12-15,08:00:00,0.80371,0.80393,0.80292,0.80305,0,0
2014-12-15,09:00:00,0.80304,0.80332,0.80183,0.80292,0,0
2014-12-15,10:00:00,0.80294,0.80426,0.80294,0.80371,0,0
2014-12-15,11:00:00,0.80374,0.8053,0.80361,0.80522,0,0
2014-12-15,12:00:00,0.80524,0.80545,0.80487,0.80532,0,0
2014-12-15,13:00:00,0.80533,0.80544,0.80447,0.80476,0,0
2014-12-15,14:00:00,0.8048,0.80487,0.80433,0.80485,0,0
2014-12-15,15:00:00,0.80483,0.80537,0.80401,0.80428,0,0
2014-12-15,16:00:00,0.80426,0.80476,0.80401,0.80462,0,0
2014-12-15,17:00:00,0.80463,0.80547,0.8038,0.8053,0,0
2014-12-15,18:00:00,0.80521,0.80559,0.80149,0.80203,0,0
2014-12-15,19:00:00,0.80216,0.80423,0.80182,0.80407,0,0
2014-12-15,20:00:00,0.80413,0.80467,0.80388,0.80419,0,0
2014-12-15,21:00:00,0.80419,0.80459,0.8038,0.80416,0,0
2014-12-15,22:00:00,0.80416,0.80432,0.80381,0.80429,0,0
2014-12-15,23:00:00,0.80427,0.80434,0.80402,0.80412,0,0
2014-12-15,23:59:00,0.80413,0.80432,0.80362,0.80363,0,0
2014-12-16,01:00:00,0.80358,0.80393,0.8035,0.80393,0,0
2014-12-16,02:00:00,0.80393,0.80399,0.80342,0.80376,0,0
2014-12-16,03:00:00,0.80383,0.80422,0.8037,0.80373,0,0
2014-12-16,04:00:00,0.8037,0.80395,0.80325,0.80335,0,0
2014-12-16,05:00:00,0.80335,0.80346,0.80247,0.80268,0,0
2014-12-16,06:00:00,0.80268,0.80307,0.80259,0.80303,0,0
2014-12-16,07:00:00,0.80303,0.80317,0.80238,0.80253,0,0
2014-12-16,08:00:00,0.80254,0.80391,0.80239,0.80365,0,0
2014-12-16,09:00:00,0.80359,0.80394,0.80247,0.80299,0,0
2014-12-16,10:00:00,0.80305,0.80358,0.8013,0.80132,0,0
2014-12-16,11:00:00,0.80133,0.80151,0.79887,0.79932,0,0
2014-12-16,12:00:00,0.79935,0.80104,0.7984,0.80061,0,0
2014-12-16,13:00:00,0.80059,0.80076,0.79691,0.79733,0,0
2014-12-16,14:00:00,0.79734,0.79802,0.79569,0.79668,0,0
2014-12-16,15:00:00,0.79668,0.79942,0.79663,0.79788,0,0
2014-12-16,16:00:00,0.79796,0.79972,0.79794,0.79856,0,0
2014-12-16,17:00:00,0.79852,0.8004,0.79798,0.79955,0,0
2014-12-16,18:00:00,0.79951,0.80147,0.7988,0.79985,0,0
2014-12-16,19:00:00,0.79994,0.8001,0.79898,0.79944,0,0
2014-12-16,20:00:00,0.79955,0.80002,0.79896,0.80002,0,0
2014-12-16,21:00:00,0.80007,0.80128,0.79983,0.80101,0,0
2014-12-16,22:00:00,0.80103,0.80103,0.79903,0.79905,0,0
2014-12-16,23:00:00,0.79911,0.79954,0.79903,0.79942,0,0
2014-12-16,23:59:00,0.79939,0.7995,0.79916,0.79937,0,0
2014-12-17,01:00:00,0.79939,0.79985,0.79932,0.79941,0,0
2014-12-17,02:00:00,0.7994,0.80001,0.7992,0.79979,0,0
2014-12-17,03:00:00,0.79984,0.79984,0.79935,0.79976,0,0
2014-12-17,04:00:00,0.79977,0.80015,0.79909,0.8001,0,0
2014-12-17,05:00:00,0.8001,0.80078,0.7999,0.80059,0,0
2014-12-17,06:00:00,0.80051,0.80097,0.80036,0.80066,0,0
2014-12-17,07:00:00,0.80066,0.80091,0.80064,0.80083,0,0
2014-12-17,08:00:00,0.80083,0.80165,0.80079,0.80153,0,0
2014-12-17,09:00:00,0.80156,0.8025,0.80031,0.8025,0,0
2014-12-17,10:00:00,0.80248,0.80296,0.80202,0.80219,0,0
2014-12-17,11:00:00,0.80216,0.80298,0.8019,0.80243,0,0
2014-12-17,12:00:00,0.8025,0.80349,0.802,0.80328,0,0
2014-12-17,13:00:00,0.80329,0.80355,0.80266,0.80266,0,0
2014-12-17,14:00:00,0.80266,0.80323,0.8023,0.80321,0,0
2014-12-17,15:00:00,0.80322,0.80349,0.80161,0.80215,0,0
2014-12-17,16:00:00,0.80214,0.80352,0.80192,0.8034,0,0
2014-12-17,17:00:00,0.80339,0.80741,0.80302,0.80693,0,0
2014-12-17,18:00:00,0.80693,0.80715,0.80541,0.80619,0,0
2014-12-17,19:00:00,0.80606,0.80639,0.80544,0.80582,0,0
2014-12-17,20:00:00,0.80569,0.8063,0.80529,0.80614,0,0
2014-12-17,21:00:00,0.80604,0.81161,0.80191,0.81146,0,0
2014-12-17,22:00:00,0.8115,0.8116,0.80835,0.81048,0,0
2014-12-17,23:00:00,0.8103,0.81072,0.81001,0.81037,0,0
2014-12-17,23:59:00,0.8103,0.81121,0.80993,0.81103,0,0
2014-12-18,01:00:00,0.81103,0.81116,0.81033,0.81067,0,0
2014-12-18,02:00:00,0.81068,0.81171,0.81046,0.81073,0,0
2014-12-18,03:00:00,0.81081,0.81088,0.81012,0.81056,0,0
2014-12-18,04:00:00,0.81053,0.81082,0.81002,0.81022,0,0
2014-12-18,05:00:00,0.8102,0.81027,0.80969,0.81008,0,0
2014-12-18,06:00:00,0.81007,0.81023,0.81001,0.81018,0,0
2014-12-18,07:00:00,0.81019,0.81043,0.80995,0.81024,0,0
2014-12-18,08:00:00,0.8102,0.81169,0.8102,0.81131,0,0
2014-12-18,09:00:00,0.81131,0.81454,0.81106,0.81194,0,0
2014-12-18,10:00:00,0.812,0.81258,0.8109,0.81119,0,0
2014-12-18,11:00:00,0.81119,0.81335,0.81061,0.81292,0,0
2014-12-18,12:00:00,0.81292,0.81292,0.81087,0.81176,0,0
2014-12-18,13:00:00,0.81177,0.81227,0.81066,0.81212,0,0
2014-12-18,14:00:00,0.81218,0.81342,0.81214,0.81342,0,0
2014-12-18,15:00:00,0.81342,0.81535,0.81339,0.81486,0,0
2014-12-18,16:00:00,0.81481,0.81511,0.81381,0.81449,0,0
2014-12-18,17:00:00,0.81451,0.8149,0.81386,0.81443,0,0
2014-12-18,18:00:00,0.81452,0.81526,0.81323,0.8137,0,0
2014-12-18,19:00:00,0.81369,0.81486,0.8136,0.81415,0,0
2014-12-18,20:00:00,0.81414,0.81495,0.81391,0.8148,0,0
2014-12-18,21:00:00,0.81478,0.8148,0.814,0.81421,0,0
2014-12-18,22:00:00,0.81421,0.81456,0.81392,0.81409,0,0
2014-12-18,23:00:00,0.81407,0.81425,0.81386,0.814,0,0
2014-12-18,23:59:00,0.814,0.81417,0.81383,0.81393,0,0
2014-12-19,01:00:00,0.81391,0.81419,0.81366,0.81382,0,0
2014-12-19,02:00:00,0.81388,0.81474,0.81386,0.81464,0,0
2014-12-19,03:00:00,0.81467,0.81473,0.81409,0.81409,0,0
2014-12-19,04:00:00,0.81409,0.81441,0.81401,0.81437,0,0
2014-12-19,05:00:00,0.81437,0.81483,0.81387,0.81472,0,0
2014-12-19,06:00:00,0.81472,0.81476,0.81438,0.81447,0,0
2014-12-19,07:00:00,0.81448,0.81456,0.81413,0.81434,0,0
2014-12-19,08:00:00,0.81436,0.81436,0.81386,0.81387,0,0
2014-12-19,09:00:00,0.81386,0.81395,0.81327,0.81374,0,0
2014-12-19,10:00:00,0.81374,0.815,0.81369,0.81431,0,0
2014-12-19,11:00:00,0.81432,0.81499,0.81397,0.81472,0,0
2014-12-19,12:00:00,0.81481,0.81571,0.81411,0.81571,0,0
2014-12-19,13:00:00,0.81567,0.81619,0.8148,0.81554,0,0
2014-12-19,14:00:00,0.81553,0.81574,0.81418,0.8145,0,0
2014-12-19,15:00:00,0.81453,0.8148,0.81336,0.81351,0,0
2014-12-19,16:00:00,0.81357,0.81431,0.81297,0.81391,0,0
2014-12-19,17:00:00,0.81395,0.81573,0.81388,0.81561,0,0
2014-12-19,18:00:00,0.81559,0.81825,0.81544,0.81753,0,0
2014-12-19,19:00:00,0.81754,0.81794,0.81693,0.81707,0,0
2014-12-19,20:00:00,0.81707,0.81811,0.81698,0.81804,0,0
2014-12-19,21:00:00,0.81806,0.81832,0.81765,0.81798,0,0
2014-12-19,22:00:00,0.818,0.81825,0.81783,0.81798,0,0
2014-12-19,23:00:00,0.81798,0.81802,0.81797,0.81801,0,0
2014-12-22,01:00:00,0.81823,0.81834,0.81793,0.81812,0,0
2014-12-22,02:00:00,0.81812,0.81827,0.81759,0.8178,0,0
2014-12-22,03:00:00,0.8178,0.81793,0.81755,0.81783,0,0
2014-12-22,04:00:00,0.81788,0.81814,0.81739,0.81739,0,0
2014-12-22,05:00:00,0.81739,0.81748,0.81696,0.81716,0,0
2014-12-22,06:00:00,0.81709,0.81709,0.81656,0.81663,0,0
2014-12-22,07:00:00,0.81669,0.81719,0.81639,0.81675,0,0
2014-12-22,08:00:00,0.81671,0.81671,0.81596,0.81627,0,0
2014-12-22,09:00:00,0.81626,0.81632,0.81518,0.8152,0,0
2014-12-22,10:00:00,0.81522,0.81631,0.81522,0.81531,0,0
2014-12-22,11:00:00,0.81531,0.81607,0.815,0.81548,0,0
2014-12-22,12:00:00,0.81548,0.81601,0.81542,0.81549,0,0
2014-12-22,13:00:00,0.8156,0.81581,0.81535,0.81573,0,0
2014-12-22,14:00:00,0.81571,0.81599,0.81508,0.81599,0,0
2014-12-22,15:00:00,0.81602,0.81633,0.81534,0.81563,0,0
2014-12-22,16:00:00,0.81563,0.81615,0.81545,0.81603,0,0
2014-12-22,17:00:00,0.81585,0.81623,0.81548,0.81591,0,0
2014-12-22,18:00:00,0.81581,0.81627,0.81545,0.81626,0,0
2014-12-22,19:00:00,0.81626,0.817,0.81598,0.81625,0,0
2014-12-22,20:00:00,0.81624,0.8169,0.81607,0.81686,0,0
2014-12-22,21:00:00,0.81686,0.81819,0.8168,0.81819,0,0
2014-12-22,22:00:00,0.81819,0.81857,0.81765,0.81814,0,0
2014-12-22,23:00:00,0.81796,0.8181,0.81749,0.81765,0,0
2014-12-22,23:59:00,0.81772,0.818,0.81758,0.81786,0,0
2014-12-23,01:00:00,0.81784,0.81831,0.81782,0.81814,0,0
2014-12-23,02:00:00,0.8181,0.81824,0.81784,0.81792,0,0
2014-12-23,03:00:00,0.81788,0.81788,0.81753,0.81771,0,0
2014-12-23,04:00:00,0.81767,0.8179,0.81758,0.81767,0,0
2014-12-23,05:00:00,0.81761,0.8178,0.8174,0.81757,0,0
2014-12-23,06:00:00,0.81762,0.81781,0.81747,0.81748,0,0
2014-12-23,07:00:00,0.8175,0.81793,0.81744,0.8177,0,0
2014-12-23,08:00:00,0.81769,0.81783,0.81727,0.81749,0,0
2014-12-23,09:00:00,0.81749,0.81804,0.81709,0.81798,0,0
2014-12-23,10:00:00,0.81799,0.81803,0.81669,0.81743,0,0
2014-12-23,11:00:00,0.81743,0.81782,0.81703,0.8174,0,0
2014-12-23,12:00:00,0.8174,0.81788,0.81723,0.81749,0,0
2014-12-23,13:00:00,0.81747,0.81832,0.81747,0.81795,0,0
2014-12-23,14:00:00,0.81795,0.81895,0.81782,0.81868,0,0
2014-12-23,15:00:00,0.81875,0.82086,0.81874,0.82061,0,0
2014-12-23,16:00:00,0.82061,0.82179,0.8205,0.82178,0,0
2014-12-23,17:00:00,0.8215,0.82204,0.82039,0.82129,0,0
2014-12-23,18:00:00,0.82129,0.82179,0.8209,0.82102,0,0
2014-12-23,19:00:00,0.821,0.82136,0.82076,0.82131,0,0
2014-12-23,20:00:00,0.82132,0.82194,0.82126,0.82136,0,0
2014-12-23,21:00:00,0.82138,0.82173,0.82129,0.8214,0,0
2014-12-23,22:00:00,0.82121,0.82174,0.82121,0.82166,0,0
2014-12-23,23:00:00,0.82162,0.82185,0.82152,0.82158,0,0
2014-12-23,23:59:00,0.82156,0.82171,0.8214,0.82156,0,0
2014-12-24,01:00:00,0.82161,0.82172,0.82115,0.82139,0,0
2014-12-24,02:00:00,0.82139,0.82139,0.82055,0.82055,0,0
2014-12-24,03:00:00,0.82056,0.82112,0.82053,0.82112,0,0
2014-12-24,04:00:00,0.82111,0.82173,0.82105,0.8216,0,0
2014-12-24,05:00:00,0.82174,0.82176,0.82119,0.82135,0,0
2014-12-24,06:00:00,0.82135,0.82146,0.82089,0.82124,0,0
2014-12-24,07:00:00,0.82124,0.82157,0.82097,0.82112,0,0
2014-12-24,08:00:00,0.82111,0.82152,0.82105,0.82135,0,0
2014-12-24,09:00:00,0.82133,0.82133,0.82014,0.82055,0,0
2014-12-24,10:00:00,0.82055,0.82071,0.81975,0.81991,0,0
2014-12-24,11:00:00,0.81975,0.81994,0.81924,0.8195,0,0
2014-12-24,12:00:00,0.8195,0.82001,0.8193,0.81991,0,0
2014-12-24,13:00:00,0.81991,0.82036,0.81947,0.81983,0,0
2014-12-24,14:00:00,0.81973,0.81995,0.81939,0.8196,0,0
2014-12-24,15:00:00,0.81963,0.81965,0.8184,0.81957,0,0
2014-12-24,16:00:00,0.81948,0.82024,0.81944,0.82024,0,0
2014-12-24,17:00:00,0.82023,0.82067,0.82016,0.82044,0,0
2014-12-24,18:00:00,0.82044,0.82061,0.82006,0.82058,0,0
2014-12-24,19:00:00,0.82055,0.8206,0.82016,0.82044,0,0
2014-12-24,20:00:00,0.82046,0.82055,0.81987,0.82018,0,0
2014-12-24,21:00:00,0.82014,0.82043,0.82011,0.82034,0,0
2014-12-24,22:00:00,0.82041,0.82041,0.8194,0.8194,0,0
2014-12-24,23:00:00,0.8194,0.81987,0.81934,0.81967,0,0
2014-12-24,23:59:00,0.82046,0.82046,0.8193,0.81948,0,0
2014-12-26,01:00:00,0.81814,0.81943,0.81814,0.81912,0,0
2014-12-26,02:00:00,0.81912,0.81944,0.81869,0.81875,0,0
2014-12-26,03:00:00,0.81885,0.81889,0.81836,0.8185,0,0
2014-12-26,04:00:00,0.81854,0.81875,0.81845,0.81851,0,0
2014-12-26,05:00:00,0.81852,0.81865,0.81845,0.81848,0,0
2014-12-26,06:00:00,0.81842,0.81862,0.81834,0.81862,0,0
2014-12-26,07:00:00,0.81861,0.81884,0.81859,0.81884,0,0
2014-12-26,08:00:00,0.81884,0.81911,0.81859,0.81907,0,0
2014-12-26,09:00:00,0.81907,0.81936,0.81895,0.81924,0,0
2014-12-26,10:00:00,0.81925,0.82037,0.81925,0.82022,0,0
2014-12-26,11:00:00,0.82024,0.82055,0.81997,0.82012,0,0
2014-12-26,12:00:00,0.8201,0.82039,0.8201,0.82025,0,0
2014-12-26,13:00:00,0.82011,0.82064,0.82004,0.82028,0,0
2014-12-26,14:00:00,0.82028,0.82102,0.82014,0.82073,0,0
2014-12-26,15:00:00,0.82075,0.82175,0.82056,0.82115,0,0
2014-12-26,16:00:00,0.82115,0.82177,0.82097,0.82165,0,0
2014-12-26,17:00:00,0.82168,0.82171,0.82122,0.8216,0,0
2014-12-26,18:00:00,0.8216,0.82168,0.82124,0.82134,0,0
2014-12-26,19:00:00,0.82135,0.82154,0.82126,0.82144,0,0
2014-12-26,20:00:00,0.82136,0.82157,0.82093,0.821,0,0
2014-12-26,21:00:00,0.82101,0.82135,0.82101,0.82129,0,0
2014-12-26,22:00:00,0.82129,0.8214,0.82116,0.82121,0,0
2014-12-26,23:00:00,0.82121,0.82121,0.82121,0.82121,0,0
2014-12-29,01:00:00,0.82125,0.82186,0.82115,0.82181,0,0
2014-12-29,02:00:00,0.82177,0.82177,0.82066,0.82082,0,0
2014-12-29,03:00:00,0.82083,0.82092,0.82018,0.82064,0,0
2014-12-29,04:00:00,0.82057,0.82075,0.82024,0.82053,0,0
2014-12-29,05:00:00,0.82058,0.82074,0.82033,0.82074,0,0
2014-12-29,06:00:00,0.82074,0.82074,0.81991,0.81991,0,0
2014-12-29,07:00:00,0.81991,0.82028,0.81961,0.82007,0,0
2014-12-29,08:00:00,0.82006,0.8206,0.81999,0.82055,0,0
2014-12-29,09:00:00,0.82069,0.8215,0.8203,0.82094,0,0
2014-12-29,10:00:00,0.8212,0.8212,0.82068,0.821,0,0
2014-12-29,11:00:00,0.82101,0.82102,0.81837,0.81946,0,0
2014-12-29,12:00:00,0.81907,0.82058,0.81883,0.82039,0,0
2014-12-29,13:00:00,0.82032,0.82061,0.82004,0.82042,0,0
2014-12-29,14:00:00,0.82036,0.8204,0.8196,0.8196,0,0
2014-12-29,15:00:00,0.81966,0.81994,0.81877,0.81905,0,0
2014-12-29,16:00:00,0.81907,0.82043,0.81893,0.82043,0,0
2014-12-29,17:00:00,0.82028,0.82098,0.82011,0.82098,0,0
2014-12-29,18:00:00,0.82105,0.82117,0.82074,0.82098,0,0
2014-12-29,19:00:00,0.82119,0.82171,0.82119,0.82159,0,0
2014-12-29,20:00:00,0.82159,0.82353,0.82159,0.82271,0,0
2014-12-29,21:00:00,0.82271,0.82287,0.82247,0.8227,0,0
2014-12-29,22:00:00,0.8227,0.82295,0.82267,0.82278,0,0
2014-12-29,23:00:00,0.82279,0.82313,0.82265,0.82282,0,0
2014-12-29,23:59:00,0.82282,0.82304,0.82244,0.82267,0,0
2014-12-30,01:00:00,0.82271,0.82298,0.82258,0.82283,0,0
2014-12-30,02:00:00,0.82283,0.82283,0.8223,0.82253,0,0
2014-12-30,03:00:00,0.82257,0.82307,0.8225,0.82306,0,0
2014-12-30,04:00:00,0.82307,0.82404,0.82307,0.8239,0,0
2014-12-30,05:00:00,0.8238,0.82434,0.82371,0.82379,0,0
2014-12-30,06:00:00,0.82377,0.82421,0.82365,0.82371,0,0
2014-12-30,07:00:00,0.82371,0.82415,0.8237,0.8241,0,0
2014-12-30,08:00:00,0.8242,0.8248,0.82418,0.82421,0,0
2014-12-30,09:00:00,0.82427,0.82461,0.82166,0.82231,0,0
2014-12-30,10:00:00,0.82223,0.82223,0.82061,0.82152,0,0
2014-12-30,11:00:00,0.82144,0.82232,0.82141,0.82224,0,0
2014-12-30,12:00:00,0.82224,0.82319,0.82224,0.82263,0,0
2014-12-30,13:00:00,0.82265,0.82287,0.82183,0.82205,0,0
2014-12-30,14:00:00,0.82204,0.82316,0.82204,0.82286,0,0
2014-12-30,15:00:00,0.82273,0.82309,0.82172,0.82172,0,0
2014-12-30,16:00:00,0.82173,0.82191,0.82121,0.82136,0,0
2014-12-30,17:00:00,0.82146,0.82224,0.82101,0.82204,0,0
2014-12-30,18:00:00,0.82204,0.82221,0.82131,0.82148,0,0
2014-12-30,19:00:00,0.82148,0.82258,0.82136,0.82257,0,0
2014-12-30,20:00:00,0.82256,0.82294,0.82224,0.82239,0,0
2014-12-30,21:00:00,0.82239,0.82298,0.82214,0.82286,0,0
2014-12-30,22:00:00,0.82286,0.82296,0.82264,0.82276,0,0
2014-12-30,23:00:00,0.82271,0.82278,0.82246,0.82273,0,0
2014-12-30,23:59:00,0.82275,0.8228,0.82242,0.82255,0,0
2014-12-31,01:00:00,0.82259,0.82262,0.82223,0.82227,0,0
2014-12-31,02:00:00,0.82235,0.82252,0.8222,0.82252,0,0
2014-12-31,03:00:00,0.82255,0.82258,0.82184,0.82187,0,0
2014-12-31,04:00:00,0.82177,0.82213,0.82176,0.82202,0,0
2014-12-31,05:00:00,0.82211,0.82222,0.82194,0.82208,0,0
2014-12-31,06:00:00,0.82215,0.8226,0.8221,0.82256,0,0
2014-12-31,07:00:00,0.82257,0.82302,0.82248,0.82277,0,0
2014-12-31,08:00:00,0.82278,0.82303,0.82242,0.82292,0,0
2014-12-31,09:00:00,0.82317,0.82339,0.82263,0.82282,0,0
2014-12-31,10:00:00,0.82278,0.82315,0.82244,0.82282,0,0
2014-12-31,11:00:00,0.82277,0.82344,0.82275,0.82289,0,0
2014-12-31,12:00:00,0.82289,0.82298,0.82253,0.82279,0,0
2014-12-31,13:00:00,0.82277,0.8232,0.82261,0.8227,0,0
2014-12-31,14:00:00,0.8227,0.82329,0.8227,0.82317,0,0
2014-12-31,15:00:00,0.82318,0.82441,0.82318,0.82416,0,0
2014-12-31,16:00:00,0.82427,0.82568,0.8241,0.82463,0,0
2014-12-31,17:00:00,0.82453,0.82574,0.82414,0.82574,0,0
2014-12-31,18:00:00,0.82608,0.82657,0.8258,0.82641,0,0
2014-12-31,19:00:00,0.82641,0.82654,0.82602,0.82647,0,0
2014-12-31,20:00:00,0.82646,0.82651,0.82592,0.82639,0,0
2014-12-31,21:00:00,0.82639,0.82664,0.82633,0.8265,0,0
2014-12-31,22:00:00,0.82642,0.82673,0.82634,0.82647,0,0
2014-12-31,23:00:00,0.82646,0.82658,0.82634,0.82639,0,0
2014-12-31,23:59:00,0.82643,0.8266,0.82628,0.82645,0,0
2015-01-02,01:00:00,0.82637,0.82799,0.82617,0.82738,0,0
2015-01-02,02:00:00,0.82738,0.82873,0.82724,0.82868,0,0
2015-01-02,03:00:00,0.82869,0.82975,0.82836,0.82869,0,0
2015-01-02,04:00:00,0.82871,0.82979,0.82863,0.82927,0,0
2015-01-02,05:00:00,0.8293,0.82952,0.82904,0.82937,0,0
2015-01-02,06:00:00,0.82948,0.82996,0.8292,0.82968,0,0
2015-01-02,07:00:00,0.82968,0.83015,0.8295,0.82974,0,0
2015-01-02,08:00:00,0.82974,0.82997,0.82937,0.82958,0,0
2015-01-02,09:00:00,0.82958,0.83085,0.82939,0.82957,0,0
2015-01-02,10:00:00,0.82957,0.83019,0.82857,0.82992,0,0
2015-01-02,11:00:00,0.82992,0.83053,0.82924,0.82937,0,0
2015-01-02,12:00:00,0.82937,0.83041,0.82937,0.82991,0,0
2015-01-02,13:00:00,0.82985,0.83021,0.82937,0.82964,0,0
2015-01-02,14:00:00,0.82968,0.83089,0.82963,0.83073,0,0
2015-01-02,15:00:00,0.83071,0.83158,0.83029,0.83123,0,0
2015-01-02,16:00:00,0.83123,0.83263,0.83104,0.83232,0,0
2015-01-02,17:00:00,0.83194,0.83251,0.83114,0.83133,0,0
2015-01-02,18:00:00,0.83133,0.8328,0.83121,0.83239,0,0
2015-01-02,19:00:00,0.83238,0.83301,0.83224,0.83276,0,0
2015-01-02,20:00:00,0.83271,0.83277,0.8323,0.83254,0,0
2015-01-02,21:00:00,0.83252,0.83301,0.83252,0.83294,0,0
2015-01-02,22:00:00,0.83292,0.83322,0.83283,0.83313,0,0
2015-01-02,23:00:00,0.83313,0.83315,0.83313,0.83315,0,0
2015-01-05,01:00:00,0.83697,0.83818,0.8369,0.83712,0,0
2015-01-05,02:00:00,0.83711,0.83711,0.8351,0.83592,0,0
2015-01-05,03:00:00,0.83592,0.83673,0.83523,0.83653,0,0
2015-01-05,04:00:00,0.83651,0.83652,0.83581,0.83633,0,0
2015-01-05,05:00:00,0.83639,0.83721,0.83635,0.83714,0,0
2015-01-05,06:00:00,0.83763,0.83779,0.83718,0.83746,0,0
2015-01-05,07:00:00,0.83746,0.8385,0.83719,0.83784,0,0
2015-01-05,08:00:00,0.83816,0.83818,0.83702,0.83702,0,0
2015-01-05,09:00:00,0.83704,0.83731,0.83609,0.83637,0,0
2015-01-05,10:00:00,0.83644,0.83669,0.83521,0.83646,0,0
2015-01-05,11:00:00,0.83648,0.83733,0.83612,0.83646,0,0
2015-01-05,12:00:00,0.83653,0.83928,0.83633,0.83891,0,0
2015-01-05,13:00:00,0.83891,0.84024,0.83864,0.83995,0,0
2015-01-05,14:00:00,0.83996,0.84123,0.83898,0.84044,0,0
2015-01-05,15:00:00,0.84044,0.84087,0.83836,0.83946,0,0
2015-01-05,16:00:00,0.83946,0.83975,0.83784,0.83805,0,0
2015-01-05,17:00:00,0.83805,0.8391,0.83744,0.83778,0,0
2015-01-05,18:00:00,0.83779,0.83924,0.83761,0.83904,0,0
2015-01-05,19:00:00,0.83904,0.83948,0.83841,0.83859,0,0
2015-01-05,20:00:00,0.83874,0.83929,0.83796,0.83796,0,0
2015-01-05,21:00:00,0.83796,0.83798,0.83752,0.83763,0,0
2015-01-05,22:00:00,0.83763,0.83775,0.83689,0.83775,0,0
2015-01-05,23:00:00,0.83777,0.83808,0.83761,0.83806,0,0
2015-01-05,23:59:00,0.83806,0.83843,0.8379,0.83807,0,0
2015-01-06,01:00:00,0.83812,0.83815,0.8375,0.83775,0,0
2015-01-06,02:00:00,0.83775,0.83788,0.83733,0.83733,0,0
2015-01-06,03:00:00,0.83734,0.8378,0.8371,0.83744,0,0
2015-01-06,04:00:00,0.83751,0.83751,0.83651,0.83712,0,0
2015-01-06,05:00:00,0.83712,0.83753,0.83689,0.83735,0,0
2015-01-06,06:00:00,0.83723,0.83735,0.83681,0.83693,0,0
2015-01-06,07:00:00,0.83693,0.83707,0.83629,0.83636,0,0
2015-01-06,08:00:00,0.83628,0.83664,0.83553,0.83609,0,0
2015-01-06,09:00:00,0.83609,0.83742,0.83599,0.83737,0,0
2015-01-06,10:00:00,0.83737,0.83879,0.83674,0.83725,0,0
2015-01-06,11:00:00,0.83725,0.83998,0.83725,0.83985,0,0
2015-01-06,12:00:00,0.83972,0.84065,0.83941,0.84055,0,0
2015-01-06,13:00:00,0.84048,0.84121,0.83899,0.84084,0,0
2015-01-06,14:00:00,0.84084,0.84146,0.83974,0.83981,0,0
2015-01-06,15:00:00,0.83995,0.84056,0.83933,0.83991,0,0
2015-01-06,16:00:00,0.83984,0.84122,0.83982,0.83994,0,0
2015-01-06,17:00:00,0.83994,0.83994,0.83822,0.83895,0,0
2015-01-06,18:00:00,0.83899,0.83919,0.83754,0.83777,0,0
2015-01-06,19:00:00,0.83777,0.83876,0.8363,0.83874,0,0
2015-01-06,20:00:00,0.83877,0.83877,0.83801,0.83801,0,0
2015-01-06,21:00:00,0.83803,0.83914,0.83778,0.83907,0,0
2015-01-06,22:00:00,0.83938,0.84115,0.83933,0.84044,0,0
2015-01-06,23:00:00,0.84045,0.84118,0.84039,0.84111,0,0
2015-01-06,23:59:00,0.84106,0.84439,0.84104,0.84237,0,0
2015-01-07,01:00:00,0.8421,0.84252,0.84189,0.84231,0,0
2015-01-07,02:00:00,0.84231,0.84288,0.84177,0.84252,0,0
2015-01-07,03:00:00,0.84242,0.84262,0.84173,0.84199,0,0
2015-01-07,04:00:00,0.84203,0.84248,0.84188,0.84247,0,0
2015-01-07,05:00:00,0.84245,0.84269,0.84191,0.84205,0,0
2015-01-07,06:00:00,0.84203,0.84236,0.84193,0.84206,0,0
2015-01-07,07:00:00,0.8421,0.84219,0.84178,0.8419,0,0
2015-01-07,08:00:00,0.8419,0.84358,0.8418,0.84271,0,0
2015-01-07,09:00:00,0.84269,0.84297,0.84115,0.84133,0,0
2015-01-07,10:00:00,0.84133,0.84312,0.84067,0.84261,0,0
2015-01-07,11:00:00,0.84261,0.84376,0.84184,0.84367,0,0
2015-01-07,12:00:00,0.84374,0.84447,0.84204,0.84431,0,0
2015-01-07,13:00:00,0.84417,0.84602,0.84358,0.84584,0,0
2015-01-07,14:00:00,0.84584,0.84584,0.84427,0.84487,0,0
2015-01-07,15:00:00,0.84488,0.84604,0.84471,0.84527,0,0
2015-01-07,16:00:00,0.84534,0.84685,0.84532,0.84593,0,0
2015-01-07,17:00:00,0.84629,0.8473,0.84533,0.8473,0,0
2015-01-07,18:00:00,0.8473,0.8473,0.84562,0.84603,0,0
2015-01-07,19:00:00,0.84603,0.84613,0.84511,0.84538,0,0
2015-01-07,20:00:00,0.84538,0.84559,0.84481,0.84507,0,0
2015-01-07,21:00:00,0.84502,0.84673,0.8433,0.8438,0,0
2015-01-07,22:00:00,0.84421,0.8452,0.84396,0.84513,0,0
2015-01-07,23:00:00,0.84507,0.84507,0.84455,0.84472,0,0
2015-01-07,23:59:00,0.84471,0.84511,0.84451,0.84509,0,0
2015-01-08,01:00:00,0.84505,0.84525,0.84486,0.84508,0,0
2015-01-08,02:00:00,0.84509,0.84516,0.84409,0.84483,0,0
2015-01-08,03:00:00,0.84469,0.84564,0.8446,0.84564,0,0
2015-01-08,04:00:00,0.84563,0.8461,0.84552,0.84592,0,0
2015-01-08,05:00:00,0.84592,0.84621,0.84524,0.84553,0,0
2015-01-08,06:00:00,0.84553,0.84587,0.84538,0.84582,0,0
2015-01-08,07:00:00,0.84583,0.84627,0.84558,0.84599,0,0
2015-01-08,08:00:00,0.84599,0.84619,0.84574,0.846,0,0
2015-01-08,09:00:00,0.84637,0.84723,0.84598,0.84615,0,0
2015-01-08,10:00:00,0.84606,0.84734,0.84594,0.84726,0,0
2015-01-08,11:00:00,0.84779,0.84879,0.84694,0.8487,0,0
2015-01-08,12:00:00,0.84872,0.85012,0.84872,0.84944,0,0
2015-01-08,13:00:00,0.84965,0.85002,0.84931,0.84969,0,0
2015-01-08,14:00:00,0.84947,0.85079,0.849,0.849,0,0
2015-01-08,15:00:00,0.84918,0.85021,0.84827,0.84827,0,0
2015-01-08,16:00:00,0.84839,0.84895,0.84758,0.84763,0,0
2015-01-08,17:00:00,0.84764,0.84934,0.84758,0.848,0,0
2015-01-08,18:00:00,0.84805,0.84811,0.84653,0.84669,0,0
2015-01-08,19:00:00,0.84688,0.84721,0.84616,0.8464,0,0
2015-01-08,20:00:00,0.84627,0.84774,0.84627,0.84747,0,0
2015-01-08,21:00:00,0.84749,0.84888,0.84747,0.84862,0,0
2015-01-08,22:00:00,0.84854,0.84867,0.84808,0.84831,0,0
2015-01-08,23:00:00,0.84831,0.84833,0.84773,0.84805,0,0
2015-01-08,23:59:00,0.84805,0.84841,0.84794,0.84822,0,0
2015-01-09,01:00:00,0.84822,0.84844,0.84788,0.84804,0,0
2015-01-09,02:00:00,0.84804,0.84818,0.84772,0.84774,0,0
2015-01-09,03:00:00,0.84777,0.84782,0.84674,0.84734,0,0
2015-01-09,04:00:00,0.84732,0.84749,0.84682,0.84701,0,0
2015-01-09,05:00:00,0.84702,0.84742,0.84694,0.84724,0,0
2015-01-09,06:00:00,0.84724,0.84724,0.84661,0.84708,0,0
2015-01-09,07:00:00,0.84708,0.84708,0.84644,0.84672,0,0
2015-01-09,08:00:00,0.84672,0.84787,0.84672,0.84749,0,0
2015-01-09,09:00:00,0.84777,0.84855,0.8475,0.84795,0,0
2015-01-09,10:00:00,0.84795,0.84795,0.84692,0.84714,0,0
2015-01-09,11:00:00,0.84714,0.84765,0.8462,0.84633,0,0
2015-01-09,12:00:00,0.8463,0.84704,0.84608,0.84656,0,0
2015-01-09,13:00:00,0.84656,0.84688,0.8461,0.84683,0,0
2015-01-09,14:00:00,0.8468,0.84683,0.84622,0.8463,0,0
2015-01-09,15:00:00,0.84627,0.85,0.84519,0.84839,0,0
2015-01-09,16:00:00,0.84839,0.84942,0.84775,0.84867,0,0
2015-01-09,17:00:00,0.84867,0.84867,0.84487,0.84509,0,0
2015-01-09,18:00:00,0.84512,0.84926,0.8443,0.84537,0,0
2015-01-09,19:00:00,0.84537,0.84539,0.84443,0.84528,0,0
2015-01-09,20:00:00,0.84528,0.84528,0.84445,0.84469,0,0
2015-01-09,21:00:00,0.84474,0.84519,0.84427,0.84451,0,0
2015-01-09,22:00:00,0.84451,0.84486,0.84437,0.84441,0,0
2015-01-09,23:00:00,0.84441,0.84441,0.84441,0.84441,0,0
