Date,Time,Open,High,Low,Close,Volume,OpenInt
2014-10-13,01:00:00,0.62242,0.62245,0.62137,0.62147,0,0
2014-10-13,02:00:00,0.62146,0.62176,0.62135,0.62143,0,0
2014-10-13,03:00:00,0.62145,0.6217,0.62119,0.62124,0,0
2014-10-13,04:00:00,0.62124,0.62131,0.62035,0.62038,0,0
2014-10-13,05:00:00,0.6204,0.62072,0.62013,0.62047,0,0
2014-10-13,06:00:00,0.62043,0.62081,0.62034,0.62044,0,0
2014-10-13,07:00:00,0.62042,0.62077,0.62029,0.62064,0,0
2014-10-13,08:00:00,0.62064,0.62087,0.6205,0.62064,0,0
2014-10-13,09:00:00,0.62063,0.62162,0.62013,0.62157,0,0
2014-10-13,10:00:00,0.62154,0.62225,0.62153,0.62176,0,0
2014-10-13,11:00:00,0.62179,0.62213,0.6214,0.62183,0,0
2014-10-13,12:00:00,0.62186,0.6221,0.62147,0.62148,0,0
2014-10-13,13:00:00,0.62148,0.62163,0.62052,0.62122,0,0
2014-10-13,14:00:00,0.62122,0.62135,0.62081,0.62134,0,0
2014-10-13,15:00:00,0.62134,0.62193,0.6212,0.62176,0,0
2014-10-13,16:00:00,0.62176,0.62189,0.62119,0.62172,0,0
2014-10-13,17:00:00,0.62172,0.62284,0.62164,0.6228,0,0
2014-10-13,18:00:00,0.62279,0.623,0.62206,0.62241,0,0
2014-10-13,19:00:00,0.62241,0.62302,0.62237,0.62268,0,0
2014-10-13,20:00:00,0.62269,0.62281,0.62225,0.62242,0,0
2014-10-13,21:00:00,0.62241,0.62267,0.62231,0.62257,0,0
2014-10-13,22:00:00,0.62261,0.62266,0.6222,0.62233,0,0
2014-10-13,23:00:00,0.62234,0.62236,0.62066,0.62172,0,0
2014-10-13,23:59:00,0.62171,0.62235,0.62125,0.62215,0,0
2014-10-14,01:00:00,0.62215,0.62232,0.62202,0.62219,0,0
2014-10-14,02:00:00,0.6222,0.62254,0.62192,0.62253,0,0
2014-10-14,03:00:00,0.62253,0.62265,0.62227,0.6224,0,0
2014-10-14,04:00:00,0.6224,0.62253,0.62196,0.6221,0,0
2014-10-14,05:00:00,0.6221,0.62235,0.62204,0.62221,0,0
2014-10-14,06:00:00,0.62222,0.62249,0.62212,0.62236,0,0
2014-10-14,07:00:00,0.62237,0.62248,0.62221,0.62223,0,0
2014-10-14,08:00:00,0.62223,0.62235,0.62189,0.62231,0,0
2014-10-14,09:00:00,0.62234,0.62305,0.62225,0.62295,0,0
2014-10-14,10:00:00,0.62294,0.62378,0.62275,0.62308,0,0
2014-10-14,11:00:00,0.62308,0.62659,0.62308,0.6264,0,0
2014-10-14,12:00:00,0.62643,0.62705,0.62602,0.62683,0,0
2014-10-14,13:00:00,0.62684,0.62736,0.6262,0.62691,0,0
2014-10-14,14:00:00,0.62699,0.62838,0.62685,0.62829,0,0
2014-10-14,15:00:00,0.6283,0.62876,0.62738,0.62783,0,0
2014-10-14,16:00:00,0.62781,0.62841,0.62762,0.6283,0,0
2014-10-14,17:00:00,0.62831,0.62831,0.6272,0.62824,0,0
2014-10-14,18:00:00,0.62823,0.62831,0.62755,0.62777,0,0
2014-10-14,19:00:00,0.62778,0.62811,0.62766,0.6281,0,0
2014-10-14,20:00:00,0.6281,0.62845,0.62785,0.62829,0,0
2014-10-14,21:00:00,0.62827,0.629,0.62824,0.62867,0,0
2014-10-14,22:00:00,0.62869,0.62907,0.6285,0.62876,0,0
2014-10-14,23:00:00,0.62878,0.6288,0.62842,0.6288,0,0
2014-10-14,23:59:00,0.62881,0.62892,0.6287,0.62876,0,0
2014-10-15,01:00:00,0.62876,0.6295,0.62876,0.62927,0,0
2014-10-15,02:00:00,0.62927,0.62964,0.62912,0.62935,0,0
2014-10-15,03:00:00,0.62935,0.62976,0.62888,0.62964,0,0
2014-10-15,04:00:00,0.62966,0.62985,0.62909,0.62924,0,0
2014-10-15,05:00:00,0.62926,0.62935,0.62871,0.62872,0,0
2014-10-15,06:00:00,0.62873,0.62904,0.62845,0.62865,0,0
2014-10-15,07:00:00,0.62864,0.62903,0.62848,0.6289,0,0
2014-10-15,08:00:00,0.62889,0.62899,0.62851,0.62874,0,0
2014-10-15,09:00:00,0.62876,0.62878,0.62807,0.62827,0,0
2014-10-15,10:00:00,0.6283,0.62932,0.62797,0.62912,0,0
2014-10-15,11:00:00,0.62912,0.62933,0.62743,0.62839,0,0
2014-10-15,12:00:00,0.62835,0.62867,0.62778,0.62786,0,0
2014-10-15,13:00:00,0.62783,0.62829,0.62768,0.62823,0,0
2014-10-15,14:00:00,0.62823,0.62843,0.62779,0.62796,0,0
2014-10-15,15:00:00,0.62797,0.62835,0.62535,0.6255,0,0
2014-10-15,16:00:00,0.62552,0.62619,0.62241,0.62619,0,0
2014-10-15,17:00:00,0.62609,0.62738,0.62545,0.62731,0,0
2014-10-15,18:00:00,0.62729,0.62742,0.62621,0.62656,0,0
2014-10-15,19:00:00,0.62657,0.62755,0.62636,0.62745,0,0
2014-10-15,20:00:00,0.62752,0.62993,0.62746,0.62837,0,0
2014-10-15,21:00:00,0.62843,0.62891,0.62769,0.6278,0,0
2014-10-15,22:00:00,0.62783,0.628,0.62591,0.62599,0,0
2014-10-15,23:00:00,0.62605,0.62626,0.62425,0.62425,0,0
2014-10-15,23:59:00,0.62433,0.6251,0.62425,0.625,0,0
2014-10-16,01:00:00,0.62501,0.62531,0.62441,0.62497,0,0
2014-10-16,02:00:00,0.625,0.62551,0.62499,0.6255,0,0
2014-10-16,03:00:00,0.6255,0.62593,0.62484,0.6251,0,0
2014-10-16,04:00:00,0.62509,0.6255,0.62492,0.62504,0,0
2014-10-16,05:00:00,0.62502,0.62557,0.625,0.62533,0,0
2014-10-16,06:00:00,0.62533,0.62581,0.62519,0.62566,0,0
2014-10-16,07:00:00,0.62566,0.62599,0.6255,0.62577,0,0
2014-10-16,08:00:00,0.62579,0.62626,0.62571,0.62622,0,0
2014-10-16,09:00:00,0.62622,0.62696,0.62523,0.62546,0,0
2014-10-16,10:00:00,0.62541,0.62632,0.6251,0.62534,0,0
2014-10-16,11:00:00,0.62533,0.62562,0.62397,0.62482,0,0
2014-10-16,12:00:00,0.62485,0.62671,0.62443,0.62666,0,0
2014-10-16,13:00:00,0.62659,0.62732,0.62539,0.62559,0,0
2014-10-16,14:00:00,0.62564,0.62631,0.62507,0.62552,0,0
2014-10-16,15:00:00,0.6255,0.62586,0.62444,0.6251,0,0
2014-10-16,16:00:00,0.6251,0.62549,0.624,0.6248,0,0
2014-10-16,17:00:00,0.62476,0.62513,0.62303,0.62425,0,0
2014-10-16,18:00:00,0.62425,0.62459,0.62256,0.62256,0,0
2014-10-16,19:00:00,0.62253,0.62308,0.62214,0.6223,0,0
2014-10-16,20:00:00,0.62234,0.62246,0.6217,0.6223,0,0
2014-10-16,21:00:00,0.62228,0.62277,0.62226,0.62268,0,0
2014-10-16,22:00:00,0.62273,0.62274,0.6213,0.6213,0,0
2014-10-16,23:00:00,0.62141,0.62187,0.62137,0.62167,0,0
2014-10-16,23:59:00,0.62169,0.62235,0.62159,0.62218,0,0
2014-10-17,01:00:00,0.62225,0.62232,0.62172,0.62176,0,0
2014-10-17,02:00:00,0.62175,0.62178,0.62075,0.62137,0,0
2014-10-17,03:00:00,0.62135,0.62236,0.62116,0.62212,0,0
2014-10-17,04:00:00,0.62212,0.62232,0.62163,0.62171,0,0
2014-10-17,05:00:00,0.6217,0.62187,0.6215,0.62183,0,0
2014-10-17,06:00:00,0.62182,0.62226,0.62176,0.62215,0,0
2014-10-17,07:00:00,0.62216,0.62231,0.62197,0.62199,0,0
2014-10-17,08:00:00,0.62201,0.62213,0.62176,0.62192,0,0
2014-10-17,09:00:00,0.62192,0.62385,0.62147,0.62335,0,0
2014-10-17,10:00:00,0.62335,0.6239,0.62227,0.62229,0,0
2014-10-17,11:00:00,0.62235,0.6231,0.62082,0.62082,0,0
2014-10-17,12:00:00,0.62092,0.62186,0.62052,0.62167,0,0
2014-10-17,13:00:00,0.62167,0.62201,0.6208,0.62098,0,0
2014-10-17,14:00:00,0.62097,0.6211,0.62016,0.62069,0,0
2014-10-17,15:00:00,0.62069,0.62172,0.62025,0.6211,0,0
2014-10-17,16:00:00,0.62108,0.62271,0.62102,0.62259,0,0
2014-10-17,17:00:00,0.62261,0.62268,0.62117,0.6213,0,0
2014-10-17,18:00:00,0.62131,0.62217,0.62116,0.62175,0,0
2014-10-17,19:00:00,0.62174,0.62184,0.6212,0.6213,0,0
2014-10-17,20:00:00,0.62134,0.62147,0.62097,0.62097,0,0
2014-10-17,21:00:00,0.621,0.62112,0.6208,0.6208,0,0
2014-10-17,22:00:00,0.62081,0.62164,0.62078,0.62161,0,0
2014-10-17,23:00:00,0.62159,0.62159,0.62159,0.62159,0,0
2014-10-20,01:00:00,0.6214,0.62182,0.62125,0.62167,0,0
2014-10-20,02:00:00,0.62173,0.62179,0.62139,0.62151,0,0
2014-10-20,03:00:00,0.6215,0.62167,0.62122,0.62149,0,0
2014-10-20,04:00:00,0.62149,0.6216,0.62093,0.6212,0,0
2014-10-20,05:00:00,0.62123,0.62123,0.62069,0.62076,0,0
2014-10-20,06:00:00,0.62076,0.62116,0.62073,0.62086,0,0
2014-10-20,07:00:00,0.62086,0.62102,0.62069,0.62081,0,0
2014-10-20,08:00:00,0.62082,0.62104,0.62073,0.62091,0,0
2014-10-20,09:00:00,0.62088,0.62191,0.62074,0.62178,0,0
2014-10-20,10:00:00,0.62178,0.62184,0.62077,0.62105,0,0
2014-10-20,11:00:00,0.62101,0.62101,0.62025,0.62047,0,0
2014-10-20,12:00:00,0.62047,0.62065,0.6198,0.62003,0,0
2014-10-20,13:00:00,0.62005,0.62043,0.61933,0.62027,0,0
2014-10-20,14:00:00,0.62031,0.62031,0.61974,0.62007,0,0
2014-10-20,15:00:00,0.62014,0.62018,0.61918,0.61959,0,0
2014-10-20,16:00:00,0.61957,0.61985,0.61923,0.61973,0,0
2014-10-20,17:00:00,0.61973,0.62006,0.61946,0.61992,0,0
2014-10-20,18:00:00,0.61994,0.62009,0.61966,0.6197,0,0
2014-10-20,19:00:00,0.61974,0.61982,0.61923,0.61941,0,0
2014-10-20,20:00:00,0.61945,0.61946,0.61818,0.61851,0,0
2014-10-20,21:00:00,0.61849,0.6188,0.61821,0.6185,0,0
2014-10-20,22:00:00,0.61852,0.61853,0.61814,0.61844,0,0
2014-10-20,23:00:00,0.61846,0.61875,0.61831,0.61867,0,0
2014-10-20,23:59:00,0.61875,0.619,0.61855,0.61889,0,0
2014-10-21,01:00:00,0.6189,0.61905,0.61866,0.61886,0,0
2014-10-21,02:00:00,0.61887,0.61913,0.61875,0.61904,0,0
2014-10-21,03:00:00,0.61903,0.61906,0.61851,0.61877,0,0
2014-10-21,04:00:00,0.61878,0.61905,0.61868,0.61889,0,0
2014-10-21,05:00:00,0.6189,0.61894,0.6185,0.61866,0,0
2014-10-21,06:00:00,0.61866,0.61869,0.61828,0.61838,0,0
2014-10-21,07:00:00,0.61839,0.6184,0.61792,0.61802,0,0
2014-10-21,08:00:00,0.61795,0.61826,0.61792,0.61807,0,0
2014-10-21,09:00:00,0.61808,0.61905,0.61799,0.61864,0,0
2014-10-21,10:00:00,0.61865,0.61906,0.61833,0.61871,0,0
2014-10-21,11:00:00,0.61875,0.61917,0.6184,0.61861,0,0
2014-10-21,12:00:00,0.6186,0.6194,0.61818,0.61938,0,0
2014-10-21,13:00:00,0.61937,0.61943,0.61899,0.61928,0,0
2014-10-21,14:00:00,0.6193,0.61951,0.61879,0.61892,0,0
2014-10-21,15:00:00,0.61896,0.61928,0.61813,0.61878,0,0
2014-10-21,16:00:00,0.61879,0.61923,0.61858,0.61909,0,0
2014-10-21,17:00:00,0.61906,0.61991,0.61906,0.61988,0,0
2014-10-21,18:00:00,0.61986,0.62021,0.61972,0.61986,0,0
2014-10-21,19:00:00,0.61986,0.62002,0.61966,0.61984,0,0
2014-10-21,20:00:00,0.61983,0.62003,0.6197,0.61993,0,0
2014-10-21,21:00:00,0.61995,0.62059,0.61994,0.6203,0,0
2014-10-21,22:00:00,0.62033,0.6206,0.62022,0.6206,0,0
2014-10-21,23:00:00,0.62059,0.62077,0.62049,0.6206,0,0
2014-10-21,23:59:00,0.62069,0.62093,0.62029,0.62046,0,0
2014-10-22,01:00:00,0.62049,0.62087,0.62039,0.62071,0,0
2014-10-22,02:00:00,0.62072,0.62076,0.62055,0.62067,0,0
2014-10-22,03:00:00,0.62072,0.62083,0.62059,0.62064,0,0
2014-10-22,04:00:00,0.62064,0.62074,0.6202,0.62022,0,0
2014-10-22,05:00:00,0.62022,0.62041,0.62012,0.62035,0,0
2014-10-22,06:00:00,0.62036,0.62036,0.62004,0.62013,0,0
2014-10-22,07:00:00,0.62013,0.62034,0.62003,0.62009,0,0
2014-10-22,08:00:00,0.62009,0.62042,0.61997,0.62033,0,0
2014-10-22,09:00:00,0.62033,0.62076,0.61996,0.62052,0,0
2014-10-22,10:00:00,0.62056,0.62229,0.62052,0.62191,0,0
2014-10-22,11:00:00,0.62189,0.62451,0.62181,0.62386,0,0
2014-10-22,12:00:00,0.62394,0.6244,0.62327,0.62337,0,0
2014-10-22,13:00:00,0.62338,0.62373,0.62294,0.62298,0,0
2014-10-22,14:00:00,0.62298,0.62325,0.62247,0.62307,0,0
2014-10-22,15:00:00,0.62307,0.62381,0.62252,0.62366,0,0
2014-10-22,16:00:00,0.62367,0.62377,0.62304,0.62366,0,0
2014-10-22,17:00:00,0.62366,0.62377,0.62303,0.62303,0,0
2014-10-22,18:00:00,0.62304,0.6231,0.622,0.62234,0,0
2014-10-22,19:00:00,0.6224,0.62248,0.6221,0.62218,0,0
2014-10-22,20:00:00,0.62218,0.62266,0.62205,0.62261,0,0
2014-10-22,21:00:00,0.62261,0.62339,0.6226,0.62303,0,0
2014-10-22,22:00:00,0.62308,0.62334,0.62273,0.62303,0,0
2014-10-22,23:00:00,0.62305,0.62322,0.62299,0.6231,0,0
2014-10-22,23:59:00,0.62308,0.62355,0.62305,0.62335,0,0
2014-10-23,01:00:00,0.62334,0.62352,0.62312,0.62323,0,0
2014-10-23,02:00:00,0.62323,0.62338,0.62318,0.62334,0,0
2014-10-23,03:00:00,0.62334,0.62352,0.62295,0.62342,0,0
2014-10-23,04:00:00,0.62342,0.62346,0.62313,0.62339,0,0
2014-10-23,05:00:00,0.62339,0.6234,0.62303,0.62325,0,0
2014-10-23,06:00:00,0.62325,0.62328,0.62303,0.62312,0,0
2014-10-23,07:00:00,0.62315,0.62318,0.62286,0.62294,0,0
2014-10-23,08:00:00,0.62284,0.62308,0.62279,0.62288,0,0
2014-10-23,09:00:00,0.62289,0.62352,0.62268,0.62339,0,0
2014-10-23,10:00:00,0.6235,0.62411,0.62301,0.6237,0,0
2014-10-23,11:00:00,0.62367,0.62503,0.62282,0.62471,0,0
2014-10-23,12:00:00,0.62471,0.62521,0.62429,0.62442,0,0
2014-10-23,13:00:00,0.62448,0.62471,0.62404,0.62471,0,0
2014-10-23,14:00:00,0.62473,0.62475,0.62391,0.62395,0,0
2014-10-23,15:00:00,0.62395,0.6243,0.62351,0.62404,0,0
2014-10-23,16:00:00,0.62402,0.62443,0.62367,0.62423,0,0
2014-10-23,17:00:00,0.62423,0.62473,0.62345,0.62367,0,0
2014-10-23,18:00:00,0.62371,0.62429,0.62353,0.62364,0,0
2014-10-23,19:00:00,0.62364,0.62366,0.62303,0.6236,0,0
2014-10-23,20:00:00,0.62363,0.6239,0.62352,0.62373,0,0
2014-10-23,21:00:00,0.62372,0.62413,0.62367,0.62389,0,0
2014-10-23,22:00:00,0.62392,0.6242,0.6235,0.6242,0,0
2014-10-23,23:00:00,0.62421,0.62421,0.62371,0.62388,0,0
2014-10-23,23:59:00,0.62392,0.62407,0.62369,0.62394,0,0
2014-10-24,01:00:00,0.62394,0.62401,0.62354,0.62361,0,0
2014-10-24,02:00:00,0.62361,0.62403,0.62359,0.62401,0,0
2014-10-24,03:00:00,0.62404,0.62417,0.62357,0.62367,0,0
2014-10-24,04:00:00,0.62364,0.62378,0.62353,0.62364,0,0
2014-10-24,05:00:00,0.62364,0.62388,0.62363,0.62386,0,0
2014-10-24,06:00:00,0.62386,0.62398,0.62354,0.62356,0,0
2014-10-24,07:00:00,0.62355,0.62366,0.62324,0.62325,0,0
2014-10-24,08:00:00,0.62326,0.6236,0.62321,0.6235,0,0
2014-10-24,09:00:00,0.62351,0.62416,0.62335,0.62392,0,0
2014-10-24,10:00:00,0.62399,0.62433,0.62358,0.62382,0,0
2014-10-24,11:00:00,0.62381,0.62422,0.62224,0.62254,0,0
2014-10-24,12:00:00,0.62253,0.62387,0.62247,0.6235,0,0
2014-10-24,13:00:00,0.62351,0.62376,0.62317,0.62341,0,0
2014-10-24,14:00:00,0.62341,0.62369,0.62276,0.62301,0,0
2014-10-24,15:00:00,0.62303,0.62324,0.62243,0.62267,0,0
2014-10-24,16:00:00,0.62265,0.62323,0.62149,0.62189,0,0
2014-10-24,17:00:00,0.62191,0.62223,0.62123,0.62185,0,0
2014-10-24,18:00:00,0.62183,0.62203,0.62124,0.62125,0,0
2014-10-24,19:00:00,0.62125,0.62217,0.62125,0.62217,0,0
2014-10-24,20:00:00,0.62226,0.62226,0.62147,0.62181,0,0
2014-10-24,21:00:00,0.62182,0.62215,0.6215,0.62206,0,0
2014-10-24,22:00:00,0.62209,0.62209,0.62159,0.62168,0,0
2014-10-24,23:00:00,0.62167,0.62167,0.62167,0.62167,0,0
2014-10-27,01:00:00,0.62135,0.62164,0.62101,0.62151,0,0
2014-10-27,02:00:00,0.62151,0.62165,0.62103,0.62122,0,0
2014-10-27,03:00:00,0.62123,0.62138,0.62099,0.62099,0,0
2014-10-27,04:00:00,0.621,0.62127,0.62081,0.62096,0,0
2014-10-27,05:00:00,0.621,0.62135,0.62082,0.62091,0,0
2014-10-27,06:00:00,0.62091,0.62111,0.62089,0.62098,0,0
2014-10-27,07:00:00,0.62098,0.62109,0.62086,0.62092,0,0
2014-10-27,08:00:00,0.62097,0.62148,0.62093,0.62132,0,0
2014-10-27,09:00:00,0.62133,0.6216,0.62085,0.62113,0,0
2014-10-27,10:00:00,0.62109,0.62146,0.62071,0.62081,0,0
2014-10-27,11:00:00,0.62077,0.62113,0.62028,0.62113,0,0
2014-10-27,12:00:00,0.62118,0.62135,0.62094,0.62109,0,0
2014-10-27,13:00:00,0.62109,0.62134,0.62068,0.62133,0,0
2014-10-27,14:00:00,0.62133,0.62135,0.62035,0.62056,0,0
2014-10-27,15:00:00,0.62056,0.62091,0.6205,0.62066,0,0
2014-10-27,16:00:00,0.62063,0.62066,0.61934,0.61988,0,0
2014-10-27,17:00:00,0.61985,0.61998,0.61956,0.61992,0,0
2014-10-27,18:00:00,0.61989,0.62007,0.61966,0.62002,0,0
2014-10-27,19:00:00,0.62002,0.62022,0.61986,0.62022,0,0
2014-10-27,20:00:00,0.62024,0.62024,0.61972,0.62002,0,0
2014-10-27,21:00:00,0.62005,0.62021,0.62001,0.62013,0,0
2014-10-27,22:00:00,0.62012,0.62042,0.62012,0.62037,0,0
2014-10-27,23:00:00,0.62042,0.62057,0.6203,0.62049,0,0
2014-10-27,23:59:00,0.62049,0.6207,0.62044,0.6207,0,0
2014-10-28,01:00:00,0.6207,0.6207,0.62021,0.62022,0,0
2014-10-28,02:00:00,0.62023,0.62068,0.62014,0.62066,0,0
2014-10-28,03:00:00,0.62059,0.62059,0.61994,0.62007,0,0
2014-10-28,04:00:00,0.62006,0.62024,0.61998,0.62012,0,0
2014-10-28,05:00:00,0.62011,0.62016,0.61994,0.62006,0,0
2014-10-28,06:00:00,0.62008,0.62011,0.61996,0.62002,0,0
2014-10-28,07:00:00,0.62002,0.62036,0.61997,0.62031,0,0
2014-10-28,08:00:00,0.62026,0.62064,0.6201,0.62045,0,0
2014-10-28,09:00:00,0.62046,0.62063,0.62009,0.62034,0,0
2014-10-28,10:00:00,0.62034,0.621,0.62027,0.62099,0,0
2014-10-28,11:00:00,0.62103,0.62158,0.6208,0.62091,0,0
2014-10-28,12:00:00,0.62091,0.62096,0.62024,0.62032,0,0
2014-10-28,13:00:00,0.62031,0.62062,0.62016,0.62062,0,0
2014-10-28,14:00:00,0.62063,0.62063,0.61812,0.61858,0,0
2014-10-28,15:00:00,0.61859,0.61859,0.61801,0.61838,0,0
2014-10-28,16:00:00,0.61831,0.61896,0.61826,0.61861,0,0
2014-10-28,17:00:00,0.61858,0.61895,0.61854,0.61891,0,0
2014-10-28,18:00:00,0.61895,0.61903,0.61872,0.61895,0,0
2014-10-28,19:00:00,0.61895,0.61975,0.61892,0.61967,0,0
2014-10-28,20:00:00,0.61967,0.62002,0.61957,0.61999,0,0
2014-10-28,21:00:00,0.61998,0.62004,0.61957,0.61964,0,0
2014-10-28,22:00:00,0.61965,0.61997,0.61963,0.61994,0,0
2014-10-28,23:00:00,0.61996,0.62001,0.61973,0.6199,0,0
2014-10-28,23:59:00,0.61989,0.61997,0.61977,0.6198,0,0
2014-10-29,01:00:00,0.61979,0.61987,0.61951,0.61957,0,0
2014-10-29,02:00:00,0.61955,0.61983,0.61946,0.61966,0,0
2014-10-29,03:00:00,0.61966,0.62006,0.61966,0.6199,0,0
2014-10-29,04:00:00,0.61989,0.62001,0.61986,0.62,0,0
2014-10-29,05:00:00,0.62,0.62001,0.61975,0.61975,0,0
2014-10-29,06:00:00,0.61975,0.61977,0.61954,0.61962,0,0
2014-10-29,07:00:00,0.61962,0.61968,0.6195,0.61961,0,0
2014-10-29,08:00:00,0.61962,0.61968,0.6193,0.61961,0,0
2014-10-29,09:00:00,0.61961,0.61984,0.61908,0.61973,0,0
2014-10-29,10:00:00,0.61976,0.62031,0.6197,0.6203,0,0
2014-10-29,11:00:00,0.62032,0.62049,0.61976,0.62021,0,0
2014-10-29,12:00:00,0.62019,0.62069,0.62018,0.62022,0,0
2014-10-29,13:00:00,0.62024,0.62063,0.62016,0.6205,0,0
2014-10-29,14:00:00,0.62052,0.6207,0.62014,0.6205,0,0
2014-10-29,15:00:00,0.62055,0.62098,0.62009,0.62016,0,0
2014-10-29,16:00:00,0.62021,0.62025,0.6189,0.61928,0,0
2014-10-29,17:00:00,0.61924,0.61947,0.61881,0.61931,0,0
2014-10-29,18:00:00,0.61923,0.62006,0.61915,0.61961,0,0
2014-10-29,19:00:00,0.61961,0.62134,0.61957,0.62114,0,0
2014-10-29,20:00:00,0.62157,0.62474,0.62152,0.62423,0,0
2014-10-29,21:00:00,0.62421,0.62491,0.62406,0.62475,0,0
2014-10-29,22:00:00,0.62473,0.62489,0.62442,0.62457,0,0
2014-10-29,23:00:00,0.62461,0.62496,0.62445,0.62452,0,0
2014-10-29,23:59:00,0.62452,0.6246,0.62432,0.62447,0,0
2014-10-30,01:00:00,0.62449,0.62491,0.6244,0.6249,0,0
2014-10-30,02:00:00,0.6249,0.6263,0.6249,0.62612,0,0
2014-10-30,03:00:00,0.62612,0.62617,0.62573,0.6259,0,0
2014-10-30,04:00:00,0.62591,0.62591,0.62557,0.62557,0,0
2014-10-30,05:00:00,0.62558,0.62593,0.62557,0.6258,0,0
2014-10-30,06:00:00,0.6258,0.62592,0.62553,0.62581,0,0
2014-10-30,07:00:00,0.62579,0.62637,0.62577,0.62617,0,0
2014-10-30,08:00:00,0.62615,0.62616,0.62543,0.62566,0,0
2014-10-30,09:00:00,0.62567,0.62625,0.62551,0.62585,0,0
2014-10-30,10:00:00,0.62582,0.62649,0.62575,0.62595,0,0
2014-10-30,11:00:00,0.62593,0.62635,0.62511,0.6255,0,0
2014-10-30,12:00:00,0.6255,0.6255,0.62469,0.62472,0,0
2014-10-30,13:00:00,0.62472,0.62558,0.62468,0.62558,0,0
2014-10-30,14:00:00,0.62555,0.62685,0.62477,0.62498,0,0
2014-10-30,15:00:00,0.62496,0.6252,0.62457,0.62483,0,0
2014-10-30,16:00:00,0.62481,0.62481,0.62397,0.62409,0,0
2014-10-30,17:00:00,0.62405,0.62471,0.62405,0.62418,0,0
2014-10-30,18:00:00,0.62415,0.62425,0.62354,0.62397,0,0
2014-10-30,19:00:00,0.62399,0.62523,0.62399,0.62516,0,0
2014-10-30,20:00:00,0.62519,0.6252,0.62481,0.62492,0,0
2014-10-30,21:00:00,0.62493,0.6252,0.62473,0.62518,0,0
2014-10-30,22:00:00,0.6252,0.6252,0.62493,0.62495,0,0
2014-10-30,23:00:00,0.62499,0.625,0.62468,0.6249,0,0
2014-10-30,23:59:00,0.62491,0.62532,0.62486,0.62526,0,0
2014-10-31,01:00:00,0.62525,0.62537,0.62496,0.62505,0,0
2014-10-31,02:00:00,0.62505,0.62548,0.62505,0.62519,0,0
2014-10-31,03:00:00,0.62519,0.62534,0.62504,0.62532,0,0
2014-10-31,04:00:00,0.62532,0.62552,0.62524,0.62543,0,0
2014-10-31,05:00:00,0.62543,0.62546,0.62514,0.62526,0,0
2014-10-31,06:00:00,0.62523,0.62611,0.62522,0.62553,0,0
2014-10-31,07:00:00,0.62552,0.62603,0.62548,0.62585,0,0
2014-10-31,08:00:00,0.62597,0.62644,0.62579,0.62617,0,0
2014-10-31,09:00:00,0.62615,0.62653,0.62525,0.6253,0,0
2014-10-31,10:00:00,0.6253,0.6259,0.62504,0.62561,0,0
2014-10-31,11:00:00,0.6256,0.62616,0.62529,0.6255,0,0
2014-10-31,12:00:00,0.62533,0.62554,0.6248,0.62491,0,0
2014-10-31,13:00:00,0.625,0.62511,0.62459,0.62487,0,0
2014-10-31,14:00:00,0.62487,0.6263,0.62473,0.62615,0,0
2014-10-31,15:00:00,0.62628,0.62717,0.62593,0.62657,0,0
2014-10-31,16:00:00,0.6265,0.62673,0.62601,0.62603,0,0
2014-10-31,17:00:00,0.62603,0.62641,0.62505,0.62508,0,0
2014-10-31,18:00:00,0.62502,0.62535,0.62502,0.62521,0,0
2014-10-31,19:00:00,0.62524,0.62539,0.62494,0.62528,0,0
2014-10-31,20:00:00,0.62527,0.62544,0.62489,0.62544,0,0
2014-10-31,21:00:00,0.62544,0.62559,0.62506,0.62517,0,0
2014-10-31,22:00:00,0.62521,0.62534,0.62471,0.62525,0,0
2014-10-31,23:00:00,0.62525,0.62525,0.62525,0.62525,0,0
2014-11-03,01:00:00,0.62605,0.6262,0.62586,0.62607,0,0
2014-11-03,02:00:00,0.62612,0.62789,0.6258,0.62747,0,0
2014-11-03,03:00:00,0.62747,0.62749,0.62678,0.6268,0,0
2014-11-03,04:00:00,0.6268,0.62683,0.62623,0.62635,0,0
2014-11-03,05:00:00,0.62635,0.62643,0.626,0.62622,0,0
2014-11-03,06:00:00,0.62621,0.62641,0.62606,0.62616,0,0
2014-11-03,07:00:00,0.62616,0.62633,0.62601,0.62628,0,0
2014-11-03,08:00:00,0.62628,0.6263,0.62581,0.62585,0,0
2014-11-03,09:00:00,0.62583,0.62609,0.62571,0.62601,0,0
2014-11-03,10:00:00,0.62596,0.62629,0.625,0.62521,0,0
2014-11-03,11:00:00,0.62513,0.62534,0.62435,0.62488,0,0
2014-11-03,12:00:00,0.62487,0.62538,0.62464,0.62489,0,0
2014-11-03,13:00:00,0.62489,0.62526,0.62484,0.62502,0,0
2014-11-03,14:00:00,0.62499,0.62509,0.6248,0.62507,0,0
2014-11-03,15:00:00,0.62509,0.62521,0.62478,0.62506,0,0
2014-11-03,16:00:00,0.62506,0.62595,0.62504,0.62579,0,0
2014-11-03,17:00:00,0.62585,0.62648,0.62527,0.62589,0,0
2014-11-03,18:00:00,0.62588,0.62625,0.62555,0.62557,0,0
2014-11-03,19:00:00,0.6256,0.62603,0.62551,0.62558,0,0
2014-11-03,20:00:00,0.62555,0.62599,0.62555,0.62582,0,0
2014-11-03,21:00:00,0.62582,0.6263,0.62568,0.62595,0,0
2014-11-03,22:00:00,0.62601,0.62606,0.62552,0.62597,0,0
2014-11-03,23:00:00,0.62603,0.62627,0.62584,0.62614,0,0
2014-11-03,23:59:00,0.62611,0.6262,0.62588,0.62595,0,0
2014-11-04,01:00:00,0.62594,0.62616,0.62587,0.62601,0,0
2014-11-04,02:00:00,0.62599,0.62638,0.62563,0.62604,0,0
2014-11-04,03:00:00,0.62603,0.62603,0.62543,0.62564,0,0
2014-11-04,04:00:00,0.62565,0.62585,0.62537,0.62559,0,0
2014-11-04,05:00:00,0.62556,0.62556,0.62495,0.62509,0,0
2014-11-04,06:00:00,0.62507,0.6253,0.625,0.62522,0,0
2014-11-04,07:00:00,0.62521,0.62531,0.62496,0.625,0,0
2014-11-04,08:00:00,0.625,0.62545,0.62495,0.62512,0,0
2014-11-04,09:00:00,0.62513,0.62553,0.62504,0.62543,0,0
2014-11-04,10:00:00,0.62545,0.62545,0.6247,0.62491,0,0
2014-11-04,11:00:00,0.62495,0.62581,0.62484,0.62535,0,0
2014-11-04,12:00:00,0.62535,0.62563,0.62474,0.62495,0,0
2014-11-04,13:00:00,0.625,0.62544,0.62495,0.62509,0,0
2014-11-04,14:00:00,0.6251,0.6252,0.62475,0.62488,0,0
2014-11-04,15:00:00,0.62487,0.6251,0.62443,0.62463,0,0
2014-11-04,16:00:00,0.62464,0.62494,0.62455,0.62471,0,0
2014-11-04,17:00:00,0.62465,0.62504,0.62442,0.62473,0,0
2014-11-04,18:00:00,0.62473,0.62545,0.62466,0.62541,0,0
2014-11-04,19:00:00,0.62541,0.62575,0.62526,0.6253,0,0
2014-11-04,20:00:00,0.62531,0.62541,0.62484,0.62498,0,0
2014-11-04,21:00:00,0.62497,0.62505,0.6248,0.62494,0,0
2014-11-04,22:00:00,0.62495,0.62528,0.62482,0.62514,0,0
2014-11-04,23:00:00,0.62514,0.62527,0.62489,0.62497,0,0
2014-11-04,23:59:00,0.62496,0.62543,0.62482,0.62484,0,0
2014-11-05,01:00:00,0.62482,0.62495,0.62472,0.62486,0,0
2014-11-05,02:00:00,0.62486,0.62512,0.62485,0.62491,0,0
2014-11-05,03:00:00,0.62491,0.62491,0.62457,0.62468,0,0
2014-11-05,04:00:00,0.62468,0.62492,0.62464,0.62477,0,0
2014-11-05,05:00:00,0.62477,0.6249,0.6243,0.62455,0,0
2014-11-05,06:00:00,0.62453,0.62475,0.62425,0.62435,0,0
2014-11-05,07:00:00,0.62434,0.6255,0.62418,0.62528,0,0
2014-11-05,08:00:00,0.62531,0.62679,0.6249,0.62655,0,0
2014-11-05,09:00:00,0.62657,0.62702,0.62628,0.62687,0,0
2014-11-05,10:00:00,0.62686,0.62757,0.62654,0.62725,0,0
2014-11-05,11:00:00,0.62725,0.62952,0.62722,0.62932,0,0
2014-11-05,12:00:00,0.62933,0.63017,0.62919,0.62943,0,0
2014-11-05,13:00:00,0.62942,0.62947,0.62889,0.62932,0,0
2014-11-05,14:00:00,0.62933,0.62943,0.62842,0.6287,0,0
2014-11-05,15:00:00,0.6287,0.62885,0.62632,0.62632,0,0
2014-11-05,16:00:00,0.62632,0.62679,0.62527,0.62663,0,0
2014-11-05,17:00:00,0.62648,0.62729,0.62566,0.62598,0,0
2014-11-05,18:00:00,0.62599,0.62671,0.62545,0.6257,0,0
2014-11-05,19:00:00,0.62569,0.62604,0.62545,0.6258,0,0
2014-11-05,20:00:00,0.62583,0.62624,0.62564,0.626,0,0
2014-11-05,21:00:00,0.626,0.62612,0.6258,0.62595,0,0
2014-11-05,22:00:00,0.62597,0.62621,0.62586,0.62592,0,0
2014-11-05,23:00:00,0.62592,0.62616,0.62592,0.62599,0,0
2014-11-05,23:59:00,0.62598,0.62674,0.62597,0.62661,0,0
2014-11-06,01:00:00,0.62661,0.62663,0.62636,0.62645,0,0
2014-11-06,02:00:00,0.62645,0.62677,0.62604,0.62672,0,0
2014-11-06,03:00:00,0.62671,0.62671,0.6263,0.62647,0,0
2014-11-06,04:00:00,0.62647,0.62675,0.62608,0.62672,0,0
2014-11-06,05:00:00,0.62671,0.62677,0.62633,0.6264,0,0
2014-11-06,06:00:00,0.6264,0.62651,0.62586,0.62586,0,0
2014-11-06,07:00:00,0.62586,0.62594,0.625,0.62571,0,0
2014-11-06,08:00:00,0.6257,0.62575,0.62522,0.62539,0,0
2014-11-06,09:00:00,0.62538,0.62568,0.62514,0.62566,0,0
2014-11-06,10:00:00,0.62568,0.62629,0.62515,0.62575,0,0
2014-11-06,11:00:00,0.62575,0.62657,0.62544,0.6264,0,0
2014-11-06,12:00:00,0.62645,0.62727,0.6262,0.62712,0,0
2014-11-06,13:00:00,0.62712,0.6272,0.62649,0.62685,0,0
2014-11-06,14:00:00,0.62681,0.62772,0.62672,0.62767,0,0
2014-11-06,15:00:00,0.62773,0.62941,0.62756,0.6286,0,0
2014-11-06,16:00:00,0.62869,0.62919,0.6279,0.6279,0,0
2014-11-06,17:00:00,0.62788,0.62935,0.62788,0.62886,0,0
2014-11-06,18:00:00,0.62884,0.6309,0.62869,0.63049,0,0
2014-11-06,19:00:00,0.63049,0.63145,0.63049,0.63142,0,0
2014-11-06,20:00:00,0.63138,0.63153,0.63071,0.63119,0,0
2014-11-06,21:00:00,0.63118,0.63158,0.63102,0.63142,0,0
2014-11-06,22:00:00,0.63142,0.63161,0.63115,0.63161,0,0
2014-11-06,23:00:00,0.63161,0.63198,0.63149,0.63169,0,0
2014-11-06,23:59:00,0.63172,0.63196,0.63142,0.63145,0,0
2014-11-07,01:00:00,0.63152,0.63168,0.63128,0.63129,0,0
2014-11-07,02:00:00,0.63131,0.6314,0.63101,0.63136,0,0
2014-11-07,03:00:00,0.63133,0.63164,0.63117,0.63148,0,0
2014-11-07,04:00:00,0.63148,0.63154,0.63108,0.63135,0,0
2014-11-07,05:00:00,0.63135,0.63192,0.63127,0.63188,0,0
2014-11-07,06:00:00,0.63188,0.63228,0.63176,0.63221,0,0
2014-11-07,07:00:00,0.6322,0.63222,0.63176,0.63178,0,0
2014-11-07,08:00:00,0.63185,0.63192,0.63135,0.63155,0,0
2014-11-07,09:00:00,0.63154,0.63179,0.63112,0.63145,0,0
2014-11-07,10:00:00,0.63146,0.63195,0.63109,0.63188,0,0
2014-11-07,11:00:00,0.63189,0.63285,0.6315,0.63244,0,0
2014-11-07,12:00:00,0.63243,0.63244,0.63146,0.6316,0,0
2014-11-07,13:00:00,0.6316,0.6322,0.63158,0.63168,0,0
2014-11-07,14:00:00,0.63171,0.63223,0.63171,0.63212,0,0
2014-11-07,15:00:00,0.63212,0.63332,0.6307,0.63226,0,0
2014-11-07,16:00:00,0.63225,0.63234,0.63091,0.63126,0,0
2014-11-07,17:00:00,0.63125,0.6318,0.63093,0.63123,0,0
2014-11-07,18:00:00,0.63122,0.63151,0.63084,0.63123,0,0
2014-11-07,19:00:00,0.63123,0.6313,0.63086,0.63106,0,0
2014-11-07,20:00:00,0.63107,0.63128,0.62996,0.63061,0,0
2014-11-07,21:00:00,0.63056,0.63091,0.63037,0.63037,0,0
2014-11-07,22:00:00,0.6304,0.63044,0.6295,0.62993,0,0
2014-11-07,23:00:00,0.63004,0.63004,0.63004,0.63004,0,0
2014-11-10,01:00:00,0.62968,0.62968,0.62941,0.62968,0,0
2014-11-10,02:00:00,0.62969,0.63008,0.62947,0.63003,0,0
2014-11-10,03:00:00,0.63003,0.63003,0.62929,0.62929,0,0
2014-11-10,04:00:00,0.6292,0.62935,0.62845,0.62913,0,0
2014-11-10,05:00:00,0.62912,0.62923,0.62876,0.62895,0,0
2014-11-10,06:00:00,0.62894,0.62897,0.62869,0.62888,0,0
2014-11-10,07:00:00,0.6289,0.62903,0.62856,0.62876,0,0
2014-11-10,08:00:00,0.62877,0.6289,0.62827,0.6289,0,0
2014-11-10,09:00:00,0.62883,0.6292,0.6285,0.6289,0,0
2014-11-10,10:00:00,0.62895,0.62966,0.62895,0.62957,0,0
2014-11-10,11:00:00,0.62956,0.6296,0.62853,0.62883,0,0
2014-11-10,12:00:00,0.62883,0.62931,0.6285,0.62863,0,0
2014-11-10,13:00:00,0.6286,0.62919,0.62859,0.62902,0,0
2014-11-10,14:00:00,0.62886,0.62924,0.6288,0.62922,0,0
2014-11-10,15:00:00,0.62917,0.62927,0.62877,0.62877,0,0
2014-11-10,16:00:00,0.62877,0.6301,0.62872,0.63005,0,0
2014-11-10,17:00:00,0.63005,0.6303,0.62975,0.62998,0,0
2014-11-10,18:00:00,0.63011,0.63064,0.62958,0.63064,0,0
2014-11-10,19:00:00,0.63059,0.63078,0.63032,0.63057,0,0
2014-11-10,20:00:00,0.63061,0.63099,0.63056,0.63064,0,0
2014-11-10,21:00:00,0.63055,0.63101,0.63055,0.63092,0,0
2014-11-10,22:00:00,0.63091,0.63112,0.63086,0.63098,0,0
2014-11-10,23:00:00,0.63095,0.63128,0.63095,0.63124,0,0
2014-11-10,23:59:00,0.63128,0.63133,0.63097,0.63111,0,0
2014-11-11,01:00:00,0.63111,0.63119,0.63082,0.63097,0,0
2014-11-11,02:00:00,0.63095,0.63134,0.63082,0.63094,0,0
2014-11-11,03:00:00,0.63093,0.63093,0.63068,0.63084,0,0
2014-11-11,04:00:00,0.63082,0.63083,0.63072,0.63083,0,0
2014-11-11,05:00:00,0.63084,0.63126,0.6308,0.6312,0,0
2014-11-11,06:00:00,0.6312,0.63142,0.63105,0.63138,0,0
2014-11-11,07:00:00,0.63137,0.63152,0.63121,0.63123,0,0
2014-11-11,08:00:00,0.63122,0.63132,0.63112,0.6312,0,0
2014-11-11,09:00:00,0.63103,0.6314,0.6307,0.63119,0,0
2014-11-11,10:00:00,0.63118,0.63151,0.63075,0.63113,0,0
2014-11-11,11:00:00,0.63114,0.63119,0.63061,0.63075,0,0
2014-11-11,12:00:00,0.63077,0.63115,0.63061,0.63109,0,0
2014-11-11,13:00:00,0.63109,0.63115,0.63002,0.63034,0,0
2014-11-11,14:00:00,0.63026,0.63084,0.63005,0.63078,0,0
2014-11-11,15:00:00,0.63068,0.63078,0.63013,0.63047,0,0
2014-11-11,16:00:00,0.63011,0.63048,0.62988,0.63037,0,0
2014-11-11,17:00:00,0.63035,0.63066,0.63006,0.63006,0,0
2014-11-11,18:00:00,0.63005,0.63013,0.62952,0.62958,0,0
2014-11-11,19:00:00,0.62956,0.62987,0.62923,0.62952,0,0
2014-11-11,20:00:00,0.62952,0.62964,0.62759,0.62804,0,0
2014-11-11,21:00:00,0.62801,0.62816,0.62725,0.62816,0,0
2014-11-11,22:00:00,0.62809,0.62833,0.62792,0.62832,0,0
2014-11-11,23:00:00,0.62832,0.62835,0.62817,0.62833,0,0
2014-11-11,23:59:00,0.62838,0.62849,0.62808,0.62824,0,0
2014-11-12,01:00:00,0.62826,0.62829,0.62794,0.62795,0,0
2014-11-12,02:00:00,0.62798,0.62874,0.62798,0.62864,0,0
2014-11-12,03:00:00,0.62864,0.62874,0.62842,0.62848,0,0
2014-11-12,04:00:00,0.62848,0.62857,0.628,0.6284,0,0
2014-11-12,05:00:00,0.6284,0.62868,0.62836,0.62854,0,0
2014-11-12,06:00:00,0.62854,0.62877,0.6285,0.62858,0,0
2014-11-12,07:00:00,0.62858,0.62861,0.62809,0.62812,0,0
2014-11-12,08:00:00,0.62812,0.6284,0.62768,0.6284,0,0
2014-11-12,09:00:00,0.62831,0.62846,0.62766,0.62771,0,0
2014-11-12,10:00:00,0.62783,0.62825,0.62741,0.62794,0,0
2014-11-12,11:00:00,0.62815,0.62909,0.62762,0.62778,0,0
2014-11-12,12:00:00,0.62775,0.63,0.62739,0.62958,0,0
2014-11-12,13:00:00,0.62977,0.63164,0.62973,0.63127,0,0
2014-11-12,14:00:00,0.63128,0.63244,0.63128,0.63226,0,0
2014-11-12,15:00:00,0.63226,0.63243,0.63136,0.63158,0,0
2014-11-12,16:00:00,0.63162,0.63286,0.63132,0.63281,0,0
2014-11-12,17:00:00,0.63278,0.63279,0.6316,0.63172,0,0
2014-11-12,18:00:00,0.63173,0.63261,0.63151,0.63236,0,0
2014-11-12,19:00:00,0.63236,0.63313,0.63231,0.63312,0,0
2014-11-12,20:00:00,0.63313,0.63354,0.63271,0.63348,0,0
2014-11-12,21:00:00,0.63348,0.63381,0.63342,0.63367,0,0
2014-11-12,22:00:00,0.63367,0.6337,0.63346,0.63353,0,0
2014-11-12,23:00:00,0.63356,0.63381,0.63345,0.63381,0,0
2014-11-12,23:59:00,0.63381,0.63457,0.63377,0.63426,0,0
2014-11-13,01:00:00,0.63425,0.63427,0.6341,0.63416,0,0
2014-11-13,02:00:00,0.63416,0.63419,0.63389,0.63407,0,0
2014-11-13,03:00:00,0.63407,0.63416,0.63385,0.6339,0,0
2014-11-13,04:00:00,0.63391,0.63447,0.63385,0.63401,0,0
2014-11-13,05:00:00,0.63401,0.6343,0.63389,0.63395,0,0
2014-11-13,06:00:00,0.63395,0.63423,0.63395,0.63399,0,0
2014-11-13,07:00:00,0.63398,0.63419,0.63398,0.63404,0,0
2014-11-13,08:00:00,0.63407,0.63407,0.63389,0.63398,0,0
2014-11-13,09:00:00,0.63399,0.6345,0.63379,0.63428,0,0
2014-11-13,10:00:00,0.63422,0.63429,0.63369,0.63404,0,0
2014-11-13,11:00:00,0.63412,0.63479,0.63389,0.63458,0,0
2014-11-13,12:00:00,0.63457,0.6347,0.63401,0.63436,0,0
2014-11-13,13:00:00,0.63436,0.63484,0.63412,0.63484,0,0
2014-11-13,14:00:00,0.63484,0.63536,0.6348,0.63521,0,0
2014-11-13,15:00:00,0.63524,0.63555,0.63481,0.63534,0,0
2014-11-13,16:00:00,0.63536,0.63555,0.63499,0.63503,0,0
2014-11-13,17:00:00,0.63503,0.63591,0.63492,0.63555,0,0
2014-11-13,18:00:00,0.63555,0.63647,0.63545,0.63633,0,0
2014-11-13,19:00:00,0.63633,0.63719,0.63633,0.63665,0,0
2014-11-13,20:00:00,0.63661,0.63695,0.63638,0.63666,0,0
2014-11-13,21:00:00,0.63668,0.63668,0.63609,0.63614,0,0
2014-11-13,22:00:00,0.63614,0.63669,0.63614,0.63652,0,0
2014-11-13,23:00:00,0.63659,0.63678,0.63647,0.63667,0,0
2014-11-13,23:59:00,0.63667,0.63697,0.63656,0.63678,0,0
2014-11-14,01:00:00,0.6368,0.63693,0.63665,0.63691,0,0
2014-11-14,02:00:00,0.63691,0.63793,0.63666,0.63752,0,0
2014-11-14,03:00:00,0.6375,0.6376,0.63702,0.63731,0,0
2014-11-14,04:00:00,0.63732,0.63801,0.6373,0.63794,0,0
2014-11-14,05:00:00,0.63793,0.638,0.63733,0.63779,0,0
2014-11-14,06:00:00,0.63779,0.63821,0.63747,0.63817,0,0
2014-11-14,07:00:00,0.6383,0.63881,0.63822,0.63863,0,0
2014-11-14,08:00:00,0.63857,0.63878,0.63826,0.63828,0,0
2014-11-14,09:00:00,0.63806,0.63836,0.63763,0.63781,0,0
2014-11-14,10:00:00,0.63782,0.63823,0.63735,0.63775,0,0
2014-11-14,11:00:00,0.63775,0.63812,0.63723,0.63792,0,0
2014-11-14,12:00:00,0.63796,0.63833,0.63783,0.63804,0,0
2014-11-14,13:00:00,0.63804,0.63915,0.63786,0.63877,0,0
2014-11-14,14:00:00,0.63875,0.63887,0.6383,0.63877,0,0
2014-11-14,15:00:00,0.63895,0.64036,0.6385,0.6398,0,0
2014-11-14,16:00:00,0.6398,0.64128,0.63977,0.641,0,0
2014-11-14,17:00:00,0.641,0.641,0.63886,0.6393,0,0
2014-11-14,18:00:00,0.63907,0.63946,0.63849,0.6387,0,0
2014-11-14,19:00:00,0.63876,0.63888,0.63752,0.63856,0,0
2014-11-14,20:00:00,0.63858,0.6386,0.63752,0.63759,0,0
2014-11-14,21:00:00,0.63762,0.63786,0.63716,0.63777,0,0
2014-11-14,22:00:00,0.63778,0.63818,0.63769,0.63813,0,0
2014-11-17,01:00:00,0.63833,0.63846,0.63816,0.63843,0,0
2014-11-17,02:00:00,0.63843,0.63843,0.63733,0.63796,0,0
2014-11-17,03:00:00,0.63796,0.63799,0.63721,0.63724,0,0
2014-11-17,04:00:00,0.63715,0.63741,0.63555,0.63595,0,0
2014-11-17,05:00:00,0.63596,0.63639,0.63555,0.63635,0,0
2014-11-17,06:00:00,0.63638,0.63641,0.6358,0.63594,0,0
2014-11-17,07:00:00,0.63593,0.6363,0.63591,0.63609,0,0
2014-11-17,08:00:00,0.63609,0.63657,0.63601,0.63657,0,0
2014-11-17,09:00:00,0.63658,0.6378,0.63658,0.63768,0,0
2014-11-17,10:00:00,0.63769,0.63871,0.63765,0.63846,0,0
2014-11-17,11:00:00,0.63843,0.64021,0.63843,0.63982,0,0
2014-11-17,12:00:00,0.63989,0.64008,0.63959,0.63962,0,0
2014-11-17,13:00:00,0.63962,0.63969,0.63907,0.63929,0,0
2014-11-17,14:00:00,0.63935,0.63959,0.63895,0.6393,0,0
2014-11-17,15:00:00,0.6393,0.63958,0.63899,0.63904,0,0
2014-11-17,16:00:00,0.63904,0.63979,0.63866,0.63961,0,0
2014-11-17,17:00:00,0.63978,0.6399,0.63913,0.63938,0,0
2014-11-17,18:00:00,0.63908,0.63915,0.6387,0.63915,0,0
2014-11-17,19:00:00,0.63919,0.63936,0.63893,0.63935,0,0
2014-11-17,20:00:00,0.63947,0.63947,0.63904,0.63935,0,0
2014-11-17,21:00:00,0.63935,0.63952,0.63911,0.63934,0,0
2014-11-17,22:00:00,0.63934,0.63942,0.63932,0.63938,0,0
2014-11-17,23:00:00,0.63939,0.63955,0.63926,0.63935,0,0
2014-11-17,23:59:00,0.63935,0.63963,0.63919,0.63963,0,0
2014-11-18,01:00:00,0.63962,0.63964,0.63948,0.63948,0,0
2014-11-18,02:00:00,0.63948,0.63952,0.63917,0.63924,0,0
2014-11-18,03:00:00,0.63923,0.63938,0.63898,0.63899,0,0
2014-11-18,04:00:00,0.63899,0.63905,0.63872,0.63876,0,0
2014-11-18,05:00:00,0.63877,0.63906,0.63874,0.639,0,0
2014-11-18,06:00:00,0.63898,0.639,0.63873,0.63892,0,0
2014-11-18,07:00:00,0.63886,0.63904,0.63882,0.63899,0,0
2014-11-18,08:00:00,0.63901,0.63904,0.63869,0.63893,0,0
2014-11-18,09:00:00,0.63889,0.63919,0.63836,0.63848,0,0
2014-11-18,10:00:00,0.63848,0.63914,0.6384,0.63869,0,0
2014-11-18,11:00:00,0.63873,0.63968,0.63824,0.63878,0,0
2014-11-18,12:00:00,0.63878,0.63945,0.63825,0.63868,0,0
2014-11-18,13:00:00,0.63868,0.63879,0.63823,0.63833,0,0
2014-11-18,14:00:00,0.63826,0.63921,0.63826,0.63921,0,0
2014-11-18,15:00:00,0.63918,0.63924,0.63819,0.63877,0,0
2014-11-18,16:00:00,0.63877,0.63909,0.63787,0.63909,0,0
2014-11-18,17:00:00,0.63909,0.63968,0.63897,0.63919,0,0
2014-11-18,18:00:00,0.63934,0.63954,0.63897,0.63912,0,0
2014-11-18,19:00:00,0.63912,0.63917,0.63869,0.63906,0,0
2014-11-18,20:00:00,0.63908,0.6397,0.63903,0.63962,0,0
2014-11-18,21:00:00,0.63964,0.6397,0.63942,0.63944,0,0
2014-11-18,22:00:00,0.63963,0.6398,0.63953,0.63976,0,0
2014-11-18,23:00:00,0.63976,0.63979,0.63953,0.63971,0,0
2014-11-18,23:59:00,0.63971,0.64021,0.63968,0.64015,0,0
2014-11-19,01:00:00,0.64015,0.64015,0.63971,0.63991,0,0
2014-11-19,02:00:00,0.63989,0.64058,0.63984,0.64055,0,0
2014-11-19,03:00:00,0.64052,0.64071,0.64038,0.64059,0,0
2014-11-19,04:00:00,0.64057,0.64059,0.6403,0.64048,0,0
2014-11-19,05:00:00,0.64048,0.64106,0.6404,0.64066,0,0
2014-11-19,06:00:00,0.64069,0.64089,0.64062,0.64083,0,0
2014-11-19,07:00:00,0.64078,0.64086,0.64032,0.64034,0,0
2014-11-19,08:00:00,0.64034,0.64048,0.64003,0.64007,0,0
2014-11-19,09:00:00,0.6401,0.64066,0.64003,0.64041,0,0
2014-11-19,10:00:00,0.64041,0.64069,0.64009,0.64068,0,0
2014-11-19,11:00:00,0.64084,0.6414,0.6386,0.63901,0,0
2014-11-19,12:00:00,0.639,0.6391,0.63722,0.63728,0,0
2014-11-19,13:00:00,0.63733,0.63794,0.63697,0.63762,0,0
2014-11-19,14:00:00,0.63762,0.63836,0.63762,0.63831,0,0
2014-11-19,15:00:00,0.63831,0.63841,0.6372,0.63729,0,0
2014-11-19,16:00:00,0.63729,0.63852,0.63727,0.63852,0,0
2014-11-19,17:00:00,0.6385,0.63912,0.63827,0.63852,0,0
2014-11-19,18:00:00,0.63836,0.63862,0.63801,0.63822,0,0
2014-11-19,19:00:00,0.63824,0.63835,0.6376,0.63763,0,0
2014-11-19,20:00:00,0.6376,0.63778,0.63734,0.63759,0,0
2014-11-19,21:00:00,0.63671,0.63828,0.63616,0.63789,0,0
2014-11-19,22:00:00,0.63792,0.63839,0.63784,0.63794,0,0
2014-11-19,23:00:00,0.63791,0.63799,0.63755,0.63768,0,0
2014-11-19,23:59:00,0.63768,0.63776,0.63752,0.63766,0,0
2014-11-20,01:00:00,0.63766,0.63817,0.63766,0.63811,0,0
2014-11-20,02:00:00,0.63813,0.63826,0.63766,0.6382,0,0
2014-11-20,03:00:00,0.63816,0.63833,0.63799,0.63824,0,0
2014-11-20,04:00:00,0.63825,0.63833,0.63804,0.63806,0,0
2014-11-20,05:00:00,0.63806,0.6381,0.63772,0.63805,0,0
2014-11-20,06:00:00,0.63806,0.63837,0.63786,0.63805,0,0
2014-11-20,07:00:00,0.63801,0.63816,0.63778,0.63814,0,0
2014-11-20,08:00:00,0.63814,0.63853,0.63802,0.63843,0,0
2014-11-20,09:00:00,0.63844,0.63961,0.63844,0.63906,0,0
2014-11-20,10:00:00,0.63901,0.63938,0.63819,0.63886,0,0
2014-11-20,11:00:00,0.63892,0.63923,0.63754,0.63804,0,0
2014-11-20,12:00:00,0.63803,0.63903,0.63803,0.63824,0,0
2014-11-20,13:00:00,0.63824,0.63841,0.63754,0.63754,0,0
2014-11-20,14:00:00,0.63749,0.63787,0.63678,0.637,0,0
2014-11-20,15:00:00,0.637,0.63785,0.63652,0.63702,0,0
2014-11-20,16:00:00,0.63702,0.63715,0.63557,0.63577,0,0
2014-11-20,17:00:00,0.63577,0.63685,0.63576,0.63685,0,0
2014-11-20,18:00:00,0.63685,0.63791,0.63646,0.63779,0,0
2014-11-20,19:00:00,0.63771,0.63771,0.63718,0.63748,0,0
2014-11-20,20:00:00,0.63749,0.63752,0.63643,0.63684,0,0
2014-11-20,21:00:00,0.63684,0.6373,0.63672,0.63698,0,0
2014-11-20,22:00:00,0.63698,0.63715,0.63681,0.63715,0,0
2014-11-20,23:00:00,0.63714,0.63734,0.637,0.63728,0,0
2014-11-20,23:59:00,0.63731,0.63745,0.63703,0.63723,0,0
2014-11-21,01:00:00,0.63723,0.63781,0.63723,0.63728,0,0
2014-11-21,02:00:00,0.63732,0.63739,0.637,0.63736,0,0
2014-11-21,03:00:00,0.63733,0.63733,0.63656,0.63656,0,0
2014-11-21,04:00:00,0.63654,0.63702,0.63638,0.63693,0,0
2014-11-21,05:00:00,0.63693,0.63719,0.63671,0.63671,0,0
2014-11-21,06:00:00,0.63676,0.63717,0.63663,0.63708,0,0
2014-11-21,07:00:00,0.63702,0.63755,0.63691,0.63744,0,0
2014-11-21,08:00:00,0.63743,0.63782,0.63734,0.63768,0,0
2014-11-21,09:00:00,0.63766,0.63795,0.63727,0.63731,0,0
2014-11-21,10:00:00,0.63731,0.63942,0.63716,0.63938,0,0
2014-11-21,11:00:00,0.63943,0.63958,0.63869,0.63944,0,0
2014-11-21,12:00:00,0.63944,0.63992,0.63777,0.63822,0,0
2014-11-21,13:00:00,0.63822,0.63867,0.63786,0.63846,0,0
2014-11-21,14:00:00,0.63846,0.63858,0.63791,0.63802,0,0
2014-11-21,15:00:00,0.63802,0.63853,0.63735,0.63828,0,0
2014-11-21,16:00:00,0.63828,0.63928,0.63745,0.6389,0,0
2014-11-21,17:00:00,0.63849,0.63849,0.63777,0.63794,0,0
2014-11-21,18:00:00,0.63793,0.63841,0.63778,0.63813,0,0
2014-11-21,19:00:00,0.63822,0.63933,0.63822,0.63903,0,0
2014-11-21,20:00:00,0.63903,0.63917,0.63886,0.63909,0,0
2014-11-21,21:00:00,0.63911,0.63945,0.63887,0.63917,0,0
2014-11-21,22:00:00,0.63919,0.63931,0.63857,0.63857,0,0
2014-11-21,23:00:00,0.63857,0.63875,0.63857,0.63871,0,0
2014-11-24,01:00:00,0.63909,0.6393,0.63894,0.63925,0,0
2014-11-24,02:00:00,0.63926,0.63926,0.63883,0.63897,0,0
2014-11-24,03:00:00,0.63897,0.63932,0.63863,0.63877,0,0
2014-11-24,04:00:00,0.63877,0.63899,0.63856,0.6387,0,0
2014-11-24,05:00:00,0.63871,0.63884,0.63856,0.63868,0,0
2014-11-24,06:00:00,0.63868,0.6388,0.63847,0.63848,0,0
2014-11-24,07:00:00,0.63847,0.63861,0.63827,0.6386,0,0
2014-11-24,08:00:00,0.63858,0.63858,0.63826,0.63834,0,0
2014-11-24,09:00:00,0.63834,0.63874,0.63811,0.63872,0,0
2014-11-24,10:00:00,0.63878,0.63968,0.63842,0.63939,0,0
2014-11-24,11:00:00,0.63942,0.63993,0.63912,0.63938,0,0
2014-11-24,12:00:00,0.63936,0.63954,0.63892,0.63894,0,0
2014-11-24,13:00:00,0.63894,0.63903,0.63737,0.63751,0,0
2014-11-24,14:00:00,0.63751,0.6377,0.63726,0.63768,0,0
2014-11-24,15:00:00,0.63769,0.63811,0.63758,0.63795,0,0
2014-11-24,16:00:00,0.63793,0.63815,0.63729,0.63757,0,0
2014-11-24,17:00:00,0.63761,0.63761,0.63685,0.63714,0,0
2014-11-24,18:00:00,0.63711,0.63722,0.63644,0.63703,0,0
2014-11-24,19:00:00,0.63704,0.63732,0.63693,0.63718,0,0
2014-11-24,20:00:00,0.63715,0.63717,0.63674,0.63713,0,0
2014-11-24,21:00:00,0.63713,0.6372,0.63689,0.63714,0,0
2014-11-24,22:00:00,0.63718,0.63718,0.63665,0.63681,0,0
2014-11-24,23:00:00,0.63682,0.63695,0.63666,0.63676,0,0
2014-11-24,23:59:00,0.63675,0.63689,0.63665,0.63687,0,0
2014-11-25,01:00:00,0.63685,0.6373,0.6367,0.6371,0,0
2014-11-25,02:00:00,0.63709,0.63753,0.63705,0.63722,0,0
2014-11-25,03:00:00,0.63719,0.63749,0.63707,0.6373,0,0
2014-11-25,04:00:00,0.63731,0.63787,0.6373,0.63783,0,0
2014-11-25,05:00:00,0.63782,0.63815,0.63767,0.63806,0,0
2014-11-25,06:00:00,0.63805,0.63815,0.63771,0.63782,0,0
2014-11-25,07:00:00,0.63782,0.6379,0.63748,0.63751,0,0
2014-11-25,08:00:00,0.63751,0.63768,0.63749,0.63768,0,0
2014-11-25,09:00:00,0.63768,0.63832,0.63748,0.63824,0,0
2014-11-25,10:00:00,0.63827,0.63908,0.63728,0.63747,0,0
2014-11-25,11:00:00,0.63746,0.63835,0.6374,0.63773,0,0
2014-11-25,12:00:00,0.63778,0.63837,0.63749,0.63799,0,0
2014-11-25,13:00:00,0.638,0.63854,0.63771,0.63817,0,0
2014-11-25,14:00:00,0.63827,0.63854,0.63792,0.63846,0,0
2014-11-25,15:00:00,0.63846,0.63897,0.63809,0.63839,0,0
2014-11-25,16:00:00,0.6384,0.63854,0.63659,0.6369,0,0
2014-11-25,17:00:00,0.63651,0.63714,0.63599,0.63599,0,0
2014-11-25,18:00:00,0.63597,0.6365,0.63557,0.63648,0,0
2014-11-25,19:00:00,0.63646,0.63699,0.63641,0.63676,0,0
2014-11-25,20:00:00,0.63676,0.63676,0.63628,0.63638,0,0
2014-11-25,21:00:00,0.63638,0.63687,0.63617,0.63668,0,0
2014-11-25,22:00:00,0.63668,0.63688,0.63648,0.63665,0,0
2014-11-25,23:00:00,0.63663,0.63689,0.63661,0.63668,0,0
2014-11-25,23:59:00,0.6367,0.63685,0.63659,0.63673,0,0
2014-11-26,01:00:00,0.6367,0.63682,0.63614,0.63619,0,0
2014-11-26,02:00:00,0.6362,0.63645,0.63616,0.6364,0,0
2014-11-26,03:00:00,0.63643,0.63661,0.63614,0.63655,0,0
2014-11-26,04:00:00,0.63655,0.63693,0.63654,0.63688,0,0
2014-11-26,05:00:00,0.63688,0.637,0.63668,0.63693,0,0
2014-11-26,06:00:00,0.63695,0.63728,0.63687,0.63715,0,0
2014-11-26,07:00:00,0.63714,0.63723,0.63686,0.63688,0,0
2014-11-26,08:00:00,0.63688,0.63689,0.6363,0.63658,0,0
2014-11-26,09:00:00,0.63658,0.63691,0.63622,0.63655,0,0
2014-11-26,10:00:00,0.63656,0.63685,0.63591,0.63683,0,0
2014-11-26,11:00:00,0.6367,0.63786,0.63646,0.63684,0,0
2014-11-26,12:00:00,0.63685,0.63733,0.6352,0.63585,0,0
2014-11-26,13:00:00,0.63584,0.63616,0.6352,0.63524,0,0
2014-11-26,14:00:00,0.63518,0.63534,0.63344,0.63381,0,0
2014-11-26,15:00:00,0.63387,0.63439,0.63276,0.63388,0,0
2014-11-26,16:00:00,0.63385,0.63416,0.63308,0.63342,0,0
2014-11-26,17:00:00,0.63345,0.634,0.63299,0.63325,0,0
2014-11-26,18:00:00,0.63325,0.63371,0.63325,0.63353,0,0
2014-11-26,19:00:00,0.63354,0.63377,0.63312,0.63362,0,0
2014-11-26,20:00:00,0.63366,0.63367,0.63276,0.63308,0,0
2014-11-26,21:00:00,0.63309,0.63325,0.63288,0.63305,0,0
2014-11-26,22:00:00,0.63308,0.6332,0.6329,0.63317,0,0
2014-11-26,23:00:00,0.63312,0.63345,0.6331,0.63331,0,0
2014-11-26,23:59:00,0.63329,0.63351,0.6331,0.6332,0,0
2014-11-27,01:00:00,0.63322,0.6336,0.63322,0.63347,0,0
2014-11-27,02:00:00,0.63347,0.63358,0.63296,0.63346,0,0
2014-11-27,03:00:00,0.6335,0.63383,0.63329,0.63383,0,0
2014-11-27,04:00:00,0.63383,0.63383,0.63319,0.63337,0,0
2014-11-27,05:00:00,0.63336,0.63353,0.63324,0.63334,0,0
2014-11-27,06:00:00,0.63334,0.63349,0.63313,0.63328,0,0
2014-11-27,07:00:00,0.63326,0.63383,0.63324,0.63365,0,0
2014-11-27,08:00:00,0.63357,0.63358,0.6331,0.6333,0,0
2014-11-27,09:00:00,0.6333,0.6333,0.63196,0.63256,0,0
2014-11-27,10:00:00,0.63256,0.63424,0.63256,0.63388,0,0
2014-11-27,11:00:00,0.63385,0.63508,0.63384,0.63475,0,0
2014-11-27,12:00:00,0.63476,0.63522,0.63414,0.63504,0,0
2014-11-27,13:00:00,0.63504,0.63511,0.63424,0.63457,0,0
2014-11-27,14:00:00,0.63458,0.63486,0.63414,0.63459,0,0
2014-11-27,15:00:00,0.63465,0.6354,0.63443,0.6351,0,0
2014-11-27,16:00:00,0.63508,0.63514,0.63455,0.63501,0,0
2014-11-27,17:00:00,0.63504,0.63616,0.63452,0.63604,0,0
2014-11-27,18:00:00,0.63612,0.63633,0.63579,0.63593,0,0
2014-11-27,19:00:00,0.63595,0.63621,0.63587,0.63607,0,0
2014-11-27,20:00:00,0.63606,0.63608,0.63541,0.63551,0,0
2014-11-27,21:00:00,0.63553,0.63583,0.63547,0.63559,0,0
2014-11-27,22:00:00,0.63553,0.6357,0.63531,0.63533,0,0
2014-11-27,23:00:00,0.63536,0.63565,0.63532,0.63559,0,0
2014-11-27,23:59:00,0.63558,0.63625,0.63541,0.63615,0,0
2014-11-28,01:00:00,0.63614,0.63618,0.63595,0.63596,0,0
2014-11-28,02:00:00,0.63597,0.63681,0.63593,0.63665,0,0
2014-11-28,03:00:00,0.63665,0.63665,0.636,0.63602,0,0
2014-11-28,04:00:00,0.63602,0.63633,0.63586,0.63623,0,0
2014-11-28,05:00:00,0.63626,0.63669,0.63609,0.63664,0,0
2014-11-28,06:00:00,0.63664,0.63676,0.63654,0.63669,0,0
2014-11-28,07:00:00,0.6367,0.63675,0.63652,0.63655,0,0
2014-11-28,08:00:00,0.63653,0.63668,0.63635,0.6364,0,0
2014-11-28,09:00:00,0.6364,0.63766,0.63615,0.63762,0,0
2014-11-28,10:00:00,0.63764,0.63782,0.63699,0.63713,0,0
2014-11-28,11:00:00,0.63712,0.63716,0.63643,0.6368,0,0
2014-11-28,12:00:00,0.63685,0.63771,0.63603,0.63746,0,0
2014-11-28,13:00:00,0.63745,0.63798,0.63685,0.63687,0,0
2014-11-28,14:00:00,0.63687,0.63734,0.63655,0.637,0,0
2014-11-28,15:00:00,0.63702,0.63735,0.63681,0.63735,0,0
2014-11-28,16:00:00,0.63736,0.63833,0.63711,0.63818,0,0
2014-11-28,17:00:00,0.6381,0.6397,0.63789,0.63855,0,0
2014-11-28,18:00:00,0.63853,0.63968,0.63849,0.63953,0,0
2014-11-28,19:00:00,0.63953,0.64035,0.63951,0.6403,0,0
2014-11-28,20:00:00,0.64013,0.6405,0.63976,0.63976,0,0
2014-11-28,21:00:00,0.63975,0.64014,0.63961,0.63993,0,0
2014-11-28,22:00:00,0.63991,0.63994,0.63951,0.63959,0,0
2014-11-28,23:00:00,0.63955,0.63956,0.63944,0.63952,0,0
2014-12-01,01:00:00,0.63973,0.64098,0.63962,0.6406,0,0
2014-12-01,02:00:00,0.64062,0.64164,0.64033,0.64094,0,0
2014-12-01,03:00:00,0.64095,0.64119,0.64045,0.64059,0,0
2014-12-01,04:00:00,0.64059,0.64111,0.64047,0.64061,0,0
2014-12-01,05:00:00,0.6406,0.64082,0.64053,0.64061,0,0
2014-12-01,06:00:00,0.64063,0.64064,0.64042,0.64045,0,0
2014-12-01,07:00:00,0.64044,0.64057,0.6403,0.64054,0,0
2014-12-01,08:00:00,0.64054,0.64067,0.63977,0.63977,0,0
2014-12-01,09:00:00,0.63976,0.64079,0.63941,0.64078,0,0
2014-12-01,10:00:00,0.64087,0.64092,0.63747,0.63881,0,0
2014-12-01,11:00:00,0.63874,0.63885,0.63751,0.6378,0,0
2014-12-01,12:00:00,0.63785,0.63785,0.63602,0.63635,0,0
2014-12-01,13:00:00,0.63636,0.63668,0.63573,0.63665,0,0
2014-12-01,14:00:00,0.6367,0.63719,0.63631,0.63653,0,0
2014-12-01,15:00:00,0.63655,0.63663,0.63515,0.63557,0,0
2014-12-01,16:00:00,0.63559,0.63559,0.63448,0.63482,0,0
2014-12-01,17:00:00,0.63501,0.63633,0.63449,0.63612,0,0
2014-12-01,18:00:00,0.63614,0.63644,0.63535,0.63535,0,0
2014-12-01,19:00:00,0.63532,0.63542,0.63465,0.63497,0,0
2014-12-01,20:00:00,0.63496,0.63529,0.63457,0.63496,0,0
2014-12-01,21:00:00,0.63501,0.63549,0.63499,0.63541,0,0
2014-12-01,22:00:00,0.6354,0.6356,0.63535,0.63544,0,0
2014-12-01,23:00:00,0.63545,0.63586,0.63543,0.63585,0,0
2014-12-01,23:59:00,0.63578,0.6358,0.63553,0.63564,0,0
2014-12-02,01:00:00,0.63567,0.63585,0.63551,0.63563,0,0
2014-12-02,02:00:00,0.63563,0.63579,0.63528,0.63568,0,0
2014-12-02,03:00:00,0.63565,0.6359,0.63544,0.63573,0,0
2014-12-02,04:00:00,0.63577,0.63593,0.63569,0.63586,0,0
2014-12-02,05:00:00,0.63586,0.63599,0.63564,0.63564,0,0
2014-12-02,06:00:00,0.63564,0.63597,0.63552,0.63597,0,0
2014-12-02,07:00:00,0.63597,0.63613,0.63592,0.63602,0,0
2014-12-02,08:00:00,0.63601,0.63617,0.63588,0.63593,0,0
2014-12-02,09:00:00,0.63591,0.63678,0.63589,0.63652,0,0
2014-12-02,10:00:00,0.63656,0.63723,0.63593,0.63597,0,0
2014-12-02,11:00:00,0.63598,0.63702,0.63578,0.63671,0,0
2014-12-02,12:00:00,0.63671,0.63694,0.63631,0.63694,0,0
2014-12-02,13:00:00,0.63693,0.63788,0.63689,0.63786,0,0
2014-12-02,14:00:00,0.63778,0.63878,0.63778,0.6387,0,0
2014-12-02,15:00:00,0.6387,0.6391,0.63833,0.63839,0,0
2014-12-02,16:00:00,0.63839,0.63953,0.63823,0.63942,0,0
2014-12-02,17:00:00,0.63945,0.63946,0.63844,0.63897,0,0
2014-12-02,18:00:00,0.63897,0.63977,0.63887,0.63905,0,0
2014-12-02,19:00:00,0.63905,0.63966,0.63888,0.63948,0,0
2014-12-02,20:00:00,0.63946,0.63957,0.63922,0.63951,0,0
2014-12-02,21:00:00,0.63951,0.63979,0.6395,0.63956,0,0
2014-12-02,22:00:00,0.63956,0.63967,0.63929,0.63944,0,0
2014-12-02,23:00:00,0.63953,0.63963,0.63936,0.63957,0,0
2014-12-02,23:59:00,0.63959,0.63964,0.63933,0.63958,0,0
2014-12-03,01:00:00,0.63955,0.63973,0.63907,0.63922,0,0
2014-12-03,02:00:00,0.6392,0.63959,0.63908,0.63933,0,0
2014-12-03,03:00:00,0.63932,0.63945,0.6391,0.63922,0,0
2014-12-03,04:00:00,0.63921,0.63942,0.63903,0.63923,0,0
2014-12-03,05:00:00,0.63919,0.63939,0.63915,0.63931,0,0
2014-12-03,06:00:00,0.63932,0.63943,0.63907,0.63928,0,0
2014-12-03,07:00:00,0.63928,0.63935,0.63908,0.63914,0,0
2014-12-03,08:00:00,0.63926,0.63941,0.63914,0.63924,0,0
2014-12-03,09:00:00,0.63924,0.64008,0.63876,0.6395,0,0
2014-12-03,10:00:00,0.6395,0.6403,0.63914,0.63919,0,0
2014-12-03,11:00:00,0.63923,0.63944,0.63832,0.63926,0,0
2014-12-03,12:00:00,0.63927,0.63941,0.63822,0.63826,0,0
2014-12-03,13:00:00,0.63826,0.63885,0.63826,0.63875,0,0
2014-12-03,14:00:00,0.63874,0.63876,0.63796,0.63807,0,0
2014-12-03,15:00:00,0.63804,0.63823,0.6371,0.63779,0,0
2014-12-03,16:00:00,0.63778,0.63831,0.63751,0.63759,0,0
2014-12-03,17:00:00,0.63769,0.63798,0.63648,0.63653,0,0
2014-12-03,18:00:00,0.6365,0.63707,0.63626,0.63706,0,0
2014-12-03,19:00:00,0.63705,0.63716,0.63655,0.63695,0,0
2014-12-03,20:00:00,0.63694,0.63776,0.6369,0.63755,0,0
2014-12-03,21:00:00,0.63756,0.63767,0.63739,0.63764,0,0
2014-12-03,22:00:00,0.63763,0.63789,0.63756,0.63764,0,0
2014-12-03,23:00:00,0.63763,0.63767,0.63755,0.6376,0,0
2014-12-03,23:59:00,0.63757,0.63779,0.63754,0.63772,0,0
2014-12-04,01:00:00,0.63773,0.63778,0.63722,0.63733,0,0
2014-12-04,02:00:00,0.63736,0.63753,0.63678,0.63708,0,0
2014-12-04,03:00:00,0.63708,0.63743,0.63703,0.63729,0,0
2014-12-04,04:00:00,0.63731,0.63769,0.63719,0.63749,0,0
2014-12-04,05:00:00,0.63749,0.63789,0.63747,0.63774,0,0
2014-12-04,06:00:00,0.63774,0.63802,0.63765,0.63765,0,0
2014-12-04,07:00:00,0.63765,0.63814,0.63765,0.63798,0,0
2014-12-04,08:00:00,0.63796,0.63815,0.63754,0.63781,0,0
2014-12-04,09:00:00,0.63781,0.6381,0.63693,0.63736,0,0
2014-12-04,10:00:00,0.63738,0.63801,0.63713,0.63782,0,0
2014-12-04,11:00:00,0.63779,0.63858,0.63762,0.638,0,0
2014-12-04,12:00:00,0.63803,0.63805,0.6371,0.63728,0,0
2014-12-04,13:00:00,0.63726,0.6383,0.63723,0.63798,0,0
2014-12-04,14:00:00,0.63794,0.63878,0.63782,0.63874,0,0
2014-12-04,15:00:00,0.63874,0.63926,0.63642,0.63703,0,0
2014-12-04,16:00:00,0.63695,0.63925,0.63661,0.63821,0,0
2014-12-04,17:00:00,0.63817,0.63928,0.63674,0.63709,0,0
2014-12-04,18:00:00,0.63699,0.63708,0.63597,0.63678,0,0
2014-12-04,19:00:00,0.63674,0.63811,0.63669,0.63805,0,0
2014-12-04,20:00:00,0.63805,0.6384,0.63764,0.63813,0,0
2014-12-04,21:00:00,0.63809,0.63832,0.63802,0.63811,0,0
2014-12-04,22:00:00,0.63814,0.63814,0.63779,0.63799,0,0
2014-12-04,23:00:00,0.63799,0.63816,0.63794,0.63811,0,0
2014-12-04,23:59:00,0.63811,0.63821,0.63802,0.6382,0,0
2014-12-05,01:00:00,0.63819,0.63819,0.63774,0.63787,0,0
2014-12-05,02:00:00,0.63787,0.63933,0.63773,0.63897,0,0
2014-12-05,03:00:00,0.63891,0.63899,0.63856,0.63892,0,0
2014-12-05,04:00:00,0.63893,0.639,0.63863,0.63868,0,0
2014-12-05,05:00:00,0.63868,0.63892,0.63863,0.63888,0,0
2014-12-05,06:00:00,0.63889,0.63964,0.63889,0.63963,0,0
2014-12-05,07:00:00,0.63961,0.64007,0.63939,0.64003,0,0
2014-12-05,08:00:00,0.64003,0.64009,0.63928,0.63951,0,0
2014-12-05,09:00:00,0.63951,0.64009,0.63844,0.63898,0,0
2014-12-05,10:00:00,0.63901,0.63947,0.6387,0.6387,0,0
2014-12-05,11:00:00,0.6387,0.63876,0.63804,0.63811,0,0
2014-12-05,12:00:00,0.6381,0.63821,0.63749,0.63777,0,0
2014-12-05,13:00:00,0.6378,0.63793,0.63722,0.63789,0,0
2014-12-05,14:00:00,0.63793,0.63793,0.63732,0.6376,0,0
2014-12-05,15:00:00,0.63761,0.64032,0.63733,0.63957,0,0
2014-12-05,16:00:00,0.63962,0.64224,0.63906,0.64178,0,0
2014-12-05,17:00:00,0.64187,0.64208,0.64109,0.64142,0,0
2014-12-05,18:00:00,0.64143,0.64173,0.6409,0.64116,0,0
2014-12-05,19:00:00,0.64117,0.64154,0.64108,0.64147,0,0
2014-12-05,20:00:00,0.64154,0.64173,0.64127,0.64153,0,0
2014-12-05,21:00:00,0.64149,0.64191,0.64145,0.64186,0,0
2014-12-05,22:00:00,0.64186,0.64236,0.64169,0.64227,0,0
2014-12-05,23:00:00,0.64227,0.64227,0.64218,0.64222,0,0
2014-12-08,01:00:00,0.64252,0.64264,0.64226,0.6425,0,0
2014-12-08,02:00:00,0.6425,0.64253,0.642,0.6421,0,0
2014-12-08,03:00:00,0.64213,0.6422,0.64195,0.64201,0,0
2014-12-08,04:00:00,0.64201,0.64247,0.64199,0.64246,0,0
2014-12-08,05:00:00,0.64245,0.64265,0.64236,0.64257,0,0
2014-12-08,06:00:00,0.64258,0.64293,0.64252,0.64279,0,0
2014-12-08,07:00:00,0.6428,0.64282,0.64254,0.64257,0,0
2014-12-08,08:00:00,0.64258,0.64281,0.64245,0.64272,0,0
2014-12-08,09:00:00,0.64268,0.64352,0.64262,0.64328,0,0
2014-12-08,10:00:00,0.64328,0.64341,0.64233,0.64248,0,0
2014-12-08,11:00:00,0.64249,0.64261,0.64152,0.64177,0,0
2014-12-08,12:00:00,0.64174,0.64215,0.64123,0.64159,0,0
2014-12-08,13:00:00,0.64156,0.64158,0.63972,0.64032,0,0
2014-12-08,14:00:00,0.64031,0.64075,0.64007,0.64037,0,0
2014-12-08,15:00:00,0.64037,0.64064,0.63966,0.63985,0,0
2014-12-08,16:00:00,0.63984,0.64041,0.63942,0.64024,0,0
2014-12-08,17:00:00,0.64026,0.64029,0.63941,0.64029,0,0
2014-12-08,18:00:00,0.6403,0.64034,0.63946,0.64009,0,0
2014-12-08,19:00:00,0.6401,0.64017,0.63921,0.63951,0,0
2014-12-08,20:00:00,0.63952,0.63954,0.63818,0.63818,0,0
2014-12-08,21:00:00,0.63811,0.63885,0.63787,0.63855,0,0
2014-12-08,22:00:00,0.63849,0.63922,0.63847,0.63922,0,0
2014-12-08,23:00:00,0.63923,0.6393,0.63887,0.63895,0,0
2014-12-08,23:59:00,0.63899,0.63911,0.63865,0.63884,0,0
2014-12-09,01:00:00,0.63884,0.63909,0.63864,0.63903,0,0
2014-12-09,02:00:00,0.63903,0.63958,0.63901,0.63948,0,0
2014-12-09,03:00:00,0.63948,0.63957,0.6393,0.63948,0,0
2014-12-09,04:00:00,0.63948,0.63959,0.63929,0.6394,0,0
2014-12-09,05:00:00,0.6394,0.64003,0.63939,0.63992,0,0
2014-12-09,06:00:00,0.63989,0.63995,0.63922,0.63944,0,0
2014-12-09,07:00:00,0.63946,0.63955,0.63921,0.63921,0,0
2014-12-09,08:00:00,0.63923,0.63933,0.63844,0.63877,0,0
2014-12-09,09:00:00,0.63881,0.63899,0.6375,0.63762,0,0
2014-12-09,10:00:00,0.63763,0.63815,0.63726,0.63792,0,0
2014-12-09,11:00:00,0.63792,0.63945,0.63779,0.6394,0,0
2014-12-09,12:00:00,0.63941,0.6397,0.63879,0.63946,0,0
2014-12-09,13:00:00,0.63943,0.63988,0.63906,0.63988,0,0
2014-12-09,14:00:00,0.63986,0.63986,0.63858,0.63879,0,0
2014-12-09,15:00:00,0.63882,0.63907,0.63797,0.63819,0,0
2014-12-09,16:00:00,0.63818,0.63872,0.63785,0.63872,0,0
2014-12-09,17:00:00,0.63871,0.63881,0.63689,0.63744,0,0
2014-12-09,18:00:00,0.63739,0.63752,0.63635,0.63727,0,0
2014-12-09,19:00:00,0.63725,0.63828,0.63723,0.6377,0,0
2014-12-09,20:00:00,0.63766,0.63811,0.63755,0.63794,0,0
2014-12-09,21:00:00,0.63794,0.6388,0.63793,0.63848,0,0
2014-12-09,22:00:00,0.63851,0.63902,0.63833,0.63836,0,0
2014-12-09,23:00:00,0.63836,0.63855,0.63823,0.63834,0,0
2014-12-09,23:59:00,0.63837,0.63841,0.63806,0.63812,0,0
2014-12-10,01:00:00,0.63813,0.63817,0.63758,0.63766,0,0
2014-12-10,02:00:00,0.63766,0.63822,0.63757,0.63819,0,0
2014-12-10,03:00:00,0.63821,0.63865,0.63813,0.63848,0,0
2014-12-10,04:00:00,0.63846,0.63854,0.63812,0.63827,0,0
2014-12-10,05:00:00,0.63826,0.63839,0.63802,0.63818,0,0
2014-12-10,06:00:00,0.63818,0.63822,0.63759,0.63788,0,0
2014-12-10,07:00:00,0.63787,0.63798,0.63738,0.6376,0,0
2014-12-10,08:00:00,0.6376,0.63776,0.63741,0.63751,0,0
2014-12-10,09:00:00,0.6375,0.63767,0.63684,0.6376,0,0
2014-12-10,10:00:00,0.63759,0.63862,0.63745,0.63752,0,0
2014-12-10,11:00:00,0.63755,0.63847,0.63713,0.63823,0,0
2014-12-10,12:00:00,0.63823,0.63915,0.63782,0.63897,0,0
2014-12-10,13:00:00,0.63893,0.63897,0.63717,0.63729,0,0
2014-12-10,14:00:00,0.63726,0.63804,0.6372,0.63758,0,0
2014-12-10,15:00:00,0.63757,0.6376,0.63677,0.6373,0,0
2014-12-10,16:00:00,0.63729,0.63774,0.63702,0.63749,0,0
2014-12-10,17:00:00,0.63749,0.63755,0.63626,0.63733,0,0
2014-12-10,18:00:00,0.6373,0.63772,0.6366,0.63749,0,0
2014-12-10,19:00:00,0.63748,0.63759,0.63671,0.63671,0,0
2014-12-10,20:00:00,0.63668,0.6369,0.63631,0.63652,0,0
2014-12-10,21:00:00,0.63652,0.6372,0.63646,0.63684,0,0
2014-12-10,22:00:00,0.63687,0.63726,0.63631,0.63653,0,0
2014-12-10,23:00:00,0.63655,0.63665,0.63638,0.6364,0,0
2014-12-10,23:59:00,0.63638,0.63656,0.63631,0.63635,0,0
2014-12-11,01:00:00,0.63638,0.63638,0.63495,0.63499,0,0
2014-12-11,02:00:00,0.63501,0.63547,0.63473,0.63478,0,0
2014-12-11,03:00:00,0.63479,0.63652,0.63479,0.63635,0,0
2014-12-11,04:00:00,0.63634,0.6364,0.63563,0.6364,0,0
2014-12-11,05:00:00,0.63644,0.63663,0.63616,0.6366,0,0
2014-12-11,06:00:00,0.63662,0.63662,0.63636,0.63659,0,0
2014-12-11,07:00:00,0.6366,0.63684,0.63654,0.63675,0,0
2014-12-11,08:00:00,0.63675,0.63675,0.63602,0.63621,0,0
2014-12-11,09:00:00,0.63621,0.63675,0.63612,0.63616,0,0
2014-12-11,10:00:00,0.63612,0.63809,0.63585,0.63805,0,0
2014-12-11,11:00:00,0.63805,0.63883,0.63754,0.63843,0,0
2014-12-11,12:00:00,0.63846,0.63896,0.63794,0.63858,0,0
2014-12-11,13:00:00,0.63862,0.6389,0.63761,0.63762,0,0
2014-12-11,14:00:00,0.63761,0.6379,0.63708,0.63776,0,0
2014-12-11,15:00:00,0.63773,0.63846,0.63727,0.63832,0,0
2014-12-11,16:00:00,0.63831,0.63834,0.63748,0.63774,0,0
2014-12-11,17:00:00,0.63775,0.63827,0.63704,0.63715,0,0
2014-12-11,18:00:00,0.63713,0.63726,0.63604,0.63659,0,0
2014-12-11,19:00:00,0.63659,0.6368,0.63619,0.63677,0,0
2014-12-11,20:00:00,0.63678,0.63702,0.63669,0.63696,0,0
2014-12-11,21:00:00,0.63696,0.63722,0.6367,0.63692,0,0
2014-12-11,22:00:00,0.63692,0.63697,0.63612,0.63625,0,0
2014-12-11,23:00:00,0.63625,0.63648,0.63559,0.63578,0,0
2014-12-11,23:59:00,0.63574,0.63587,0.63554,0.63584,0,0
2014-12-12,01:00:00,0.63587,0.63627,0.6357,0.63627,0,0
2014-12-12,02:00:00,0.63626,0.63642,0.63582,0.63623,0,0
2014-12-12,03:00:00,0.63623,0.6364,0.63576,0.6364,0,0
2014-12-12,04:00:00,0.6364,0.6364,0.63576,0.63618,0,0
2014-12-12,05:00:00,0.63619,0.63628,0.63599,0.63606,0,0
2014-12-12,06:00:00,0.63604,0.6362,0.63575,0.63607,0,0
2014-12-12,07:00:00,0.63611,0.63625,0.63596,0.63599,0,0
2014-12-12,08:00:00,0.63599,0.63633,0.63583,0.63601,0,0
2014-12-12,09:00:00,0.63599,0.63665,0.63574,0.63652,0,0
2014-12-12,10:00:00,0.63648,0.63722,0.63608,0.63693,0,0
2014-12-12,11:00:00,0.63688,0.63702,0.63579,0.63672,0,0
2014-12-12,12:00:00,0.63675,0.637,0.63626,0.6365,0,0
2014-12-12,13:00:00,0.63651,0.63678,0.63594,0.63625,0,0
2014-12-12,14:00:00,0.63626,0.63683,0.63592,0.6366,0,0
2014-12-12,15:00:00,0.63659,0.63693,0.63594,0.6361,0,0
2014-12-12,16:00:00,0.63612,0.63636,0.63514,0.636,0,0
2014-12-12,17:00:00,0.636,0.63708,0.63592,0.63708,0,0
2014-12-12,18:00:00,0.63704,0.63707,0.63562,0.63595,0,0
2014-12-12,19:00:00,0.63596,0.63663,0.63591,0.63644,0,0
2014-12-12,20:00:00,0.63643,0.63661,0.63613,0.63641,0,0
2014-12-12,21:00:00,0.6364,0.63695,0.63624,0.63672,0,0
2014-12-12,22:00:00,0.63672,0.63686,0.63617,0.63624,0,0
2014-12-12,23:00:00,0.63624,0.63627,0.63624,0.63626,0,0
2014-12-15,01:00:00,0.63587,0.6361,0.63552,0.63608,0,0
2014-12-15,02:00:00,0.63608,0.63627,0.63586,0.6362,0,0
2014-12-15,03:00:00,0.63623,0.63687,0.6361,0.63662,0,0
2014-12-15,04:00:00,0.6366,0.63677,0.63642,0.63673,0,0
2014-12-15,05:00:00,0.63673,0.63675,0.63644,0.63669,0,0
2014-12-15,06:00:00,0.63671,0.63674,0.63633,0.63647,0,0
2014-12-15,07:00:00,0.63649,0.63652,0.63622,0.63624,0,0
2014-12-15,08:00:00,0.63625,0.63629,0.63515,0.63532,0,0
2014-12-15,09:00:00,0.63531,0.63594,0.63513,0.63565,0,0
2014-12-15,10:00:00,0.63566,0.63647,0.63565,0.63605,0,0
2014-12-15,11:00:00,0.63606,0.63704,0.6357,0.63691,0,0
2014-12-15,12:00:00,0.6369,0.63861,0.63689,0.63851,0,0
2014-12-15,13:00:00,0.63853,0.63866,0.63816,0.63841,0,0
2014-12-15,14:00:00,0.63842,0.63862,0.638,0.6386,0,0
2014-12-15,15:00:00,0.6386,0.6392,0.63842,0.63842,0,0
2014-12-15,16:00:00,0.63839,0.63902,0.63825,0.639,0,0
2014-12-15,17:00:00,0.639,0.64071,0.63866,0.6406,0,0
2014-12-15,18:00:00,0.64054,0.64104,0.63861,0.63861,0,0
2014-12-15,19:00:00,0.63864,0.63934,0.63797,0.63929,0,0
2014-12-15,20:00:00,0.63937,0.63974,0.63921,0.63929,0,0
2014-12-15,21:00:00,0.63929,0.63996,0.63929,0.63929,0,0
2014-12-15,22:00:00,0.63925,0.63978,0.63888,0.63978,0,0
2014-12-15,23:00:00,0.6398,0.6398,0.6395,0.63957,0,0
2014-12-15,23:59:00,0.63956,0.63962,0.63925,0.63925,0,0
2014-12-16,01:00:00,0.63929,0.63937,0.63914,0.63937,0,0
2014-12-16,02:00:00,0.63937,0.63968,0.63921,0.63941,0,0
2014-12-16,03:00:00,0.63949,0.63982,0.63922,0.63925,0,0
2014-12-16,04:00:00,0.63925,0.63947,0.639,0.63905,0,0
2014-12-16,05:00:00,0.63906,0.63912,0.63874,0.63893,0,0
2014-12-16,06:00:00,0.63894,0.63904,0.63877,0.63901,0,0
2014-12-16,07:00:00,0.63908,0.63916,0.63866,0.63873,0,0
2014-12-16,08:00:00,0.63873,0.63874,0.63843,0.63857,0,0
2014-12-16,09:00:00,0.63857,0.6389,0.63817,0.63881,0,0
2014-12-16,10:00:00,0.63886,0.63957,0.63857,0.6387,0,0
2014-12-16,11:00:00,0.6388,0.64057,0.63621,0.63684,0,0
2014-12-16,12:00:00,0.63679,0.63759,0.63639,0.63671,0,0
2014-12-16,13:00:00,0.63669,0.63672,0.63525,0.63557,0,0
2014-12-16,14:00:00,0.63552,0.63561,0.63359,0.6346,0,0
2014-12-16,15:00:00,0.6346,0.63593,0.63426,0.63426,0,0
2014-12-16,16:00:00,0.63426,0.63536,0.63425,0.63482,0,0
2014-12-16,17:00:00,0.63479,0.63601,0.63436,0.63587,0,0
2014-12-16,18:00:00,0.63582,0.6364,0.6355,0.63562,0,0
2014-12-16,19:00:00,0.63567,0.63579,0.63463,0.63473,0,0
2014-12-16,20:00:00,0.63482,0.63523,0.63479,0.63523,0,0
2014-12-16,21:00:00,0.63523,0.63607,0.63504,0.6359,0,0
2014-12-16,22:00:00,0.63595,0.63604,0.63542,0.6355,0,0
2014-12-16,23:00:00,0.6355,0.63575,0.63487,0.63507,0,0
2014-12-16,23:59:00,0.635,0.63521,0.63483,0.63509,0,0
2014-12-17,01:00:00,0.63509,0.63545,0.63503,0.63528,0,0
2014-12-17,02:00:00,0.63531,0.63567,0.63527,0.63536,0,0
2014-12-17,03:00:00,0.63537,0.63571,0.63528,0.63566,0,0
2014-12-17,04:00:00,0.63568,0.63598,0.63553,0.63596,0,0
2014-12-17,05:00:00,0.63597,0.63623,0.63582,0.63594,0,0
2014-12-17,06:00:00,0.63591,0.63638,0.63576,0.63599,0,0
2014-12-17,07:00:00,0.63598,0.63623,0.63594,0.63596,0,0
2014-12-17,08:00:00,0.63596,0.63644,0.63594,0.63624,0,0
2014-12-17,09:00:00,0.63627,0.63672,0.63551,0.63661,0,0
2014-12-17,10:00:00,0.63661,0.63793,0.6358,0.63704,0,0
2014-12-17,11:00:00,0.63707,0.63739,0.63586,0.63641,0,0
2014-12-17,12:00:00,0.63632,0.63704,0.63608,0.6367,0,0
2014-12-17,13:00:00,0.63674,0.63693,0.63557,0.63585,0,0
2014-12-17,14:00:00,0.6358,0.63694,0.6358,0.6368,0,0
2014-12-17,15:00:00,0.6368,0.63732,0.63584,0.63629,0,0
2014-12-17,16:00:00,0.63618,0.63707,0.63585,0.63702,0,0
2014-12-17,17:00:00,0.63694,0.63933,0.6365,0.63933,0,0
2014-12-17,18:00:00,0.63932,0.63944,0.6383,0.639,0,0
2014-12-17,19:00:00,0.63895,0.63952,0.63843,0.63901,0,0
2014-12-17,20:00:00,0.63892,0.63971,0.63878,0.63924,0,0
2014-12-17,21:00:00,0.6391,0.64319,0.63706,0.64319,0,0
2014-12-17,22:00:00,0.64326,0.64333,0.64103,0.64231,0,0
2014-12-17,23:00:00,0.64225,0.64249,0.64165,0.64213,0,0
2014-12-17,23:59:00,0.64213,0.64255,0.64182,0.64236,0,0
2014-12-18,01:00:00,0.64236,0.64238,0.64174,0.64224,0,0
2014-12-18,02:00:00,0.64224,0.64265,0.64165,0.64199,0,0
2014-12-18,03:00:00,0.64201,0.64212,0.64164,0.64197,0,0
2014-12-18,04:00:00,0.64198,0.64214,0.64145,0.64161,0,0
2014-12-18,05:00:00,0.64161,0.64169,0.64134,0.64166,0,0
2014-12-18,06:00:00,0.64165,0.64167,0.6414,0.64147,0,0
2014-12-18,07:00:00,0.64147,0.64172,0.64146,0.64154,0,0
2014-12-18,08:00:00,0.64153,0.6421,0.64151,0.64194,0,0
2014-12-18,09:00:00,0.64193,0.64317,0.64191,0.64238,0,0
2014-12-18,10:00:00,0.64239,0.64239,0.64114,0.64133,0,0
2014-12-18,11:00:00,0.64133,0.6416,0.63855,0.64018,0,0
2014-12-18,12:00:00,0.64026,0.64026,0.63883,0.63928,0,0
2014-12-18,13:00:00,0.63935,0.63937,0.6384,0.63886,0,0
2014-12-18,14:00:00,0.63891,0.63964,0.63859,0.63964,0,0
2014-12-18,15:00:00,0.63969,0.64093,0.63949,0.64071,0,0
2014-12-18,16:00:00,0.64064,0.64073,0.63901,0.63906,0,0
2014-12-18,17:00:00,0.639,0.63951,0.63822,0.63951,0,0
2014-12-18,18:00:00,0.63965,0.63981,0.63795,0.63859,0,0
2014-12-18,19:00:00,0.63862,0.6393,0.63846,0.6386,0,0
2014-12-18,20:00:00,0.63861,0.63892,0.63831,0.63859,0,0
2014-12-18,21:00:00,0.6386,0.63872,0.6382,0.63824,0,0
2014-12-18,22:00:00,0.63824,0.63848,0.63805,0.63812,0,0
2014-12-18,23:00:00,0.63812,0.63839,0.63812,0.6382,0,0
2014-12-18,23:59:00,0.63817,0.63841,0.63817,0.63828,0,0
2014-12-19,01:00:00,0.63827,0.63851,0.63809,0.63831,0,0
2014-12-19,02:00:00,0.63835,0.63893,0.63826,0.63889,0,0
2014-12-19,03:00:00,0.63889,0.63899,0.63843,0.63868,0,0
2014-12-19,04:00:00,0.63868,0.63873,0.63839,0.63849,0,0
2014-12-19,05:00:00,0.63848,0.63889,0.63847,0.63881,0,0
2014-12-19,06:00:00,0.63881,0.63894,0.63866,0.63889,0,0
2014-12-19,07:00:00,0.63888,0.63902,0.63875,0.63895,0,0
2014-12-19,08:00:00,0.63895,0.63897,0.63872,0.63876,0,0
2014-12-19,09:00:00,0.63877,0.63878,0.63819,0.63859,0,0
2014-12-19,10:00:00,0.63855,0.63901,0.63774,0.63867,0,0
2014-12-19,11:00:00,0.63864,0.63914,0.63788,0.63892,0,0
2014-12-19,12:00:00,0.63891,0.6394,0.63829,0.63916,0,0
2014-12-19,13:00:00,0.63912,0.64036,0.63895,0.64022,0,0
2014-12-19,14:00:00,0.64021,0.64039,0.6389,0.63915,0,0
2014-12-19,15:00:00,0.63916,0.63941,0.63806,0.63899,0,0
2014-12-19,16:00:00,0.63895,0.63916,0.6383,0.63916,0,0
2014-12-19,17:00:00,0.63916,0.63981,0.63908,0.63963,0,0
2014-12-19,18:00:00,0.63959,0.64087,0.63937,0.64083,0,0
2014-12-19,19:00:00,0.64084,0.64087,0.6402,0.64025,0,0
2014-12-19,20:00:00,0.64025,0.64058,0.64008,0.64018,0,0
2014-12-19,21:00:00,0.64016,0.64027,0.63965,0.63967,0,0
2014-12-19,22:00:00,0.63967,0.63985,0.63927,0.6398,0,0
2014-12-19,23:00:00,0.63981,0.64006,0.63981,0.64001,0,0
2014-12-22,01:00:00,0.64001,0.64011,0.63996,0.64001,0,0
2014-12-22,02:00:00,0.63996,0.63998,0.63984,0.63989,0,0
2014-12-22,03:00:00,0.63982,0.63993,0.63969,0.63992,0,0
2014-12-22,04:00:00,0.63989,0.64023,0.63986,0.63993,0,0
2014-12-22,05:00:00,0.63993,0.63993,0.63951,0.63951,0,0
2014-12-22,06:00:00,0.63951,0.63951,0.6392,0.63927,0,0
2014-12-22,07:00:00,0.63926,0.63946,0.63916,0.63932,0,0
2014-12-22,08:00:00,0.63924,0.63944,0.63903,0.63941,0,0
2014-12-22,09:00:00,0.63942,0.63975,0.63837,0.63863,0,0
2014-12-22,10:00:00,0.6387,0.63993,0.63868,0.63959,0,0
2014-12-22,11:00:00,0.63959,0.64056,0.63932,0.64022,0,0
2014-12-22,12:00:00,0.64022,0.64058,0.63993,0.63993,0,0
2014-12-22,13:00:00,0.64016,0.64106,0.64,0.64059,0,0
2014-12-22,14:00:00,0.64054,0.64055,0.63966,0.64009,0,0
2014-12-22,15:00:00,0.64016,0.6409,0.64007,0.64024,0,0
2014-12-22,16:00:00,0.64024,0.64066,0.64018,0.64032,0,0
2014-12-22,17:00:00,0.64027,0.64095,0.63984,0.64005,0,0
2014-12-22,18:00:00,0.63994,0.64049,0.63992,0.64034,0,0
2014-12-22,19:00:00,0.64034,0.64087,0.64018,0.64086,0,0
2014-12-22,20:00:00,0.64085,0.64092,0.64057,0.64066,0,0
2014-12-22,21:00:00,0.64066,0.64124,0.64055,0.6412,0,0
2014-12-22,22:00:00,0.64149,0.64214,0.64106,0.6419,0,0
2014-12-22,23:00:00,0.64189,0.64198,0.6414,0.64145,0,0
2014-12-22,23:59:00,0.64147,0.64177,0.64132,0.64173,0,0
2014-12-23,01:00:00,0.64174,0.64215,0.64174,0.64194,0,0
2014-12-23,02:00:00,0.64193,0.64197,0.64166,0.64179,0,0
2014-12-23,03:00:00,0.64182,0.64182,0.64157,0.64164,0,0
2014-12-23,04:00:00,0.6416,0.6416,0.64137,0.64145,0,0
2014-12-23,05:00:00,0.64141,0.6415,0.64121,0.64135,0,0
2014-12-23,06:00:00,0.64135,0.64162,0.64135,0.64139,0,0
2014-12-23,07:00:00,0.64138,0.64184,0.64137,0.64176,0,0
2014-12-23,08:00:00,0.64163,0.64176,0.64134,0.64154,0,0
2014-12-23,09:00:00,0.64156,0.64177,0.64104,0.64177,0,0
2014-12-23,10:00:00,0.64182,0.64193,0.64118,0.64151,0,0
2014-12-23,11:00:00,0.6415,0.64308,0.64069,0.64201,0,0
2014-12-23,12:00:00,0.64201,0.64254,0.64201,0.6423,0,0
2014-12-23,13:00:00,0.64231,0.64362,0.64229,0.6428,0,0
2014-12-23,14:00:00,0.6428,0.64427,0.64252,0.64409,0,0
2014-12-23,15:00:00,0.64414,0.64515,0.64382,0.64514,0,0
2014-12-23,16:00:00,0.64514,0.64567,0.64447,0.64552,0,0
2014-12-23,17:00:00,0.64528,0.64566,0.64424,0.64424,0,0
2014-12-23,18:00:00,0.64428,0.64558,0.64428,0.64455,0,0
2014-12-23,19:00:00,0.64454,0.64476,0.64421,0.64461,0,0
2014-12-23,20:00:00,0.64458,0.64539,0.6444,0.64479,0,0
2014-12-23,21:00:00,0.64479,0.64508,0.6443,0.64441,0,0
2014-12-23,22:00:00,0.64438,0.64499,0.64437,0.64495,0,0
2014-12-23,23:00:00,0.64499,0.6452,0.64433,0.64442,0,0
2014-12-23,23:59:00,0.64442,0.64482,0.64436,0.64455,0,0
2014-12-24,01:00:00,0.64463,0.64463,0.64418,0.64438,0,0
2014-12-24,02:00:00,0.64438,0.64439,0.64409,0.64414,0,0
2014-12-24,03:00:00,0.64414,0.64451,0.64409,0.6445,0,0
2014-12-24,04:00:00,0.64445,0.64497,0.64445,0.64492,0,0
2014-12-24,05:00:00,0.64495,0.64496,0.64453,0.64462,0,0
2014-12-24,06:00:00,0.64462,0.64471,0.64441,0.64458,0,0
2014-12-24,07:00:00,0.64458,0.64468,0.64411,0.64414,0,0
2014-12-24,08:00:00,0.64416,0.64437,0.64409,0.64432,0,0
2014-12-24,09:00:00,0.64428,0.64432,0.64324,0.64353,0,0
2014-12-24,10:00:00,0.64326,0.6436,0.64305,0.64319,0,0
2014-12-24,11:00:00,0.64317,0.64392,0.64302,0.64329,0,0
2014-12-24,12:00:00,0.64329,0.64357,0.64293,0.64308,0,0
2014-12-24,13:00:00,0.64317,0.64361,0.64286,0.64334,0,0
2014-12-24,14:00:00,0.64333,0.64396,0.64314,0.64396,0,0
2014-12-24,15:00:00,0.64394,0.64401,0.64322,0.64383,0,0
2014-12-24,16:00:00,0.64376,0.64404,0.64305,0.64334,0,0
2014-12-24,17:00:00,0.64347,0.64363,0.64317,0.64317,0,0
2014-12-24,18:00:00,0.64317,0.6432,0.64289,0.64318,0,0
2014-12-24,19:00:00,0.64318,0.64367,0.6429,0.64317,0,0
2014-12-24,20:00:00,0.64311,0.64357,0.64296,0.64354,0,0
2014-12-24,21:00:00,0.64364,0.64365,0.64288,0.64297,0,0
2014-12-24,22:00:00,0.64298,0.64302,0.64249,0.643,0,0
2014-12-24,23:00:00,0.643,0.643,0.64265,0.64288,0,0
2014-12-24,23:59:00,0.6431,0.6431,0.64258,0.64272,0,0
2014-12-26,01:00:00,0.64237,0.643,0.64236,0.64286,0,0
2014-12-26,02:00:00,0.64287,0.64289,0.64245,0.64246,0,0
2014-12-26,03:00:00,0.64261,0.64267,0.64252,0.6426,0,0
2014-12-26,04:00:00,0.64262,0.64277,0.64253,0.64273,0,0
2014-12-26,05:00:00,0.64274,0.64289,0.64274,0.64287,0,0
2014-12-26,06:00:00,0.64282,0.64287,0.64274,0.64283,0,0
2014-12-26,07:00:00,0.64284,0.64305,0.6428,0.64303,0,0
2014-12-26,08:00:00,0.64302,0.64302,0.64272,0.64273,0,0
2014-12-26,09:00:00,0.64275,0.64286,0.64267,0.64268,0,0
2014-12-26,10:00:00,0.64267,0.64297,0.64267,0.64292,0,0
2014-12-26,11:00:00,0.64295,0.643,0.64278,0.64289,0,0
2014-12-26,12:00:00,0.6429,0.6432,0.64288,0.64312,0,0
2014-12-26,13:00:00,0.64292,0.64292,0.64255,0.64268,0,0
2014-12-26,14:00:00,0.64264,0.6433,0.64255,0.64306,0,0
2014-12-26,15:00:00,0.64304,0.64362,0.64271,0.64276,0,0
2014-12-26,16:00:00,0.64276,0.64309,0.64245,0.64296,0,0
2014-12-26,17:00:00,0.64302,0.64321,0.64257,0.64275,0,0
2014-12-26,18:00:00,0.64275,0.64303,0.64259,0.64302,0,0
2014-12-26,19:00:00,0.64303,0.64314,0.64288,0.64307,0,0
2014-12-26,20:00:00,0.64296,0.64306,0.64266,0.64287,0,0
2014-12-26,21:00:00,0.64287,0.64298,0.64274,0.6428,0,0
2014-12-26,22:00:00,0.64281,0.643,0.64275,0.64295,0,0
2014-12-26,23:00:00,0.64295,0.64295,0.64295,0.64295,0,0
2014-12-29,01:00:00,0.64301,0.64316,0.64277,0.64306,0,0
2014-12-29,02:00:00,0.64305,0.64306,0.64264,0.64267,0,0
2014-12-29,03:00:00,0.64265,0.64265,0.6422,0.64222,0,0
2014-12-29,04:00:00,0.64223,0.64245,0.64214,0.64243,0,0
2014-12-29,05:00:00,0.64245,0.64245,0.64221,0.64241,0,0
2014-12-29,06:00:00,0.64241,0.64243,0.64184,0.64184,0,0
2014-12-29,07:00:00,0.64182,0.64198,0.64163,0.64195,0,0
2014-12-29,08:00:00,0.64195,0.64221,0.64193,0.64204,0,0
2014-12-29,09:00:00,0.64205,0.64266,0.64184,0.64241,0,0
2014-12-29,10:00:00,0.64241,0.64264,0.64227,0.64229,0,0
2014-12-29,11:00:00,0.6423,0.64248,0.64168,0.6423,0,0
2014-12-29,12:00:00,0.64249,0.6433,0.64205,0.64288,0,0
2014-12-29,13:00:00,0.64296,0.6437,0.64294,0.6433,0,0
2014-12-29,14:00:00,0.64329,0.64347,0.64264,0.64264,0,0
2014-12-29,15:00:00,0.64266,0.64326,0.64259,0.64326,0,0
2014-12-29,16:00:00,0.64327,0.64369,0.64286,0.64369,0,0
2014-12-29,17:00:00,0.64366,0.64425,0.64355,0.64398,0,0
2014-12-29,18:00:00,0.64398,0.64454,0.64367,0.64423,0,0
2014-12-29,19:00:00,0.64424,0.64465,0.64424,0.64433,0,0
2014-12-29,20:00:00,0.64432,0.64489,0.64403,0.64412,0,0
2014-12-29,21:00:00,0.64412,0.64445,0.64412,0.64433,0,0
2014-12-29,22:00:00,0.64433,0.64474,0.64431,0.64464,0,0
2014-12-29,23:00:00,0.64464,0.64481,0.64439,0.64451,0,0
2014-12-29,23:59:00,0.6445,0.6448,0.64426,0.64477,0,0
2014-12-30,01:00:00,0.64464,0.64476,0.6444,0.64462,0,0
2014-12-30,02:00:00,0.6446,0.64472,0.64441,0.64453,0,0
2014-12-30,03:00:00,0.64451,0.64457,0.64438,0.64449,0,0
2014-12-30,04:00:00,0.6445,0.64491,0.64448,0.64452,0,0
2014-12-30,05:00:00,0.64451,0.6448,0.64436,0.6444,0,0
2014-12-30,06:00:00,0.6444,0.64452,0.64435,0.64443,0,0
2014-12-30,07:00:00,0.64444,0.64471,0.64444,0.64469,0,0
2014-12-30,08:00:00,0.64465,0.64508,0.64445,0.64489,0,0
2014-12-30,09:00:00,0.645,0.64514,0.64392,0.64413,0,0
2014-12-30,10:00:00,0.64408,0.64408,0.64321,0.64357,0,0
2014-12-30,11:00:00,0.64353,0.64401,0.64352,0.64375,0,0
2014-12-30,12:00:00,0.64375,0.64449,0.64375,0.64413,0,0
2014-12-30,13:00:00,0.64414,0.64415,0.64362,0.64374,0,0
2014-12-30,14:00:00,0.64373,0.64385,0.64327,0.64384,0,0
2014-12-30,15:00:00,0.6438,0.64399,0.64341,0.64343,0,0
2014-12-30,16:00:00,0.64339,0.64347,0.64265,0.64279,0,0
2014-12-30,17:00:00,0.64281,0.64333,0.64222,0.64271,0,0
2014-12-30,18:00:00,0.64271,0.64271,0.64217,0.64222,0,0
2014-12-30,19:00:00,0.64226,0.6428,0.64224,0.6428,0,0
2014-12-30,20:00:00,0.6428,0.64305,0.64249,0.64254,0,0
2014-12-30,21:00:00,0.64254,0.64287,0.64229,0.64283,0,0
2014-12-30,22:00:00,0.64284,0.643,0.64275,0.64288,0,0
2014-12-30,23:00:00,0.64288,0.64288,0.64242,0.64262,0,0
2014-12-30,23:59:00,0.64262,0.6431,0.64252,0.64273,0,0
2014-12-31,01:00:00,0.6428,0.64281,0.64234,0.64243,0,0
2014-12-31,02:00:00,0.64268,0.64268,0.6422,0.64247,0,0
2014-12-31,03:00:00,0.64246,0.64253,0.64206,0.64209,0,0
2014-12-31,04:00:00,0.6421,0.64243,0.64209,0.64239,0,0
2014-12-31,05:00:00,0.6425,0.64266,0.64237,0.64253,0,0
2014-12-31,06:00:00,0.64259,0.64269,0.64226,0.64265,0,0
2014-12-31,07:00:00,0.64264,0.64284,0.64257,0.64264,0,0
2014-12-31,08:00:00,0.64267,0.64283,0.64235,0.64281,0,0
2014-12-31,09:00:00,0.64304,0.64315,0.64267,0.64271,0,0
2014-12-31,10:00:00,0.64265,0.64287,0.64195,0.64227,0,0
2014-12-31,11:00:00,0.64223,0.64248,0.6418,0.64188,0,0
2014-12-31,12:00:00,0.64188,0.64213,0.64179,0.64179,0,0
2014-12-31,13:00:00,0.64145,0.64169,0.64046,0.64067,0,0
2014-12-31,14:00:00,0.64067,0.64153,0.6404,0.64149,0,0
2014-12-31,15:00:00,0.64158,0.64205,0.64151,0.64163,0,0
2014-12-31,16:00:00,0.64167,0.64281,0.6414,0.64276,0,0
2014-12-31,17:00:00,0.64264,0.64276,0.64127,0.64153,0,0
2014-12-31,18:00:00,0.64152,0.64203,0.64131,0.64203,0,0
2014-12-31,19:00:00,0.64203,0.64208,0.64131,0.64187,0,0
2014-12-31,20:00:00,0.64186,0.64222,0.64157,0.64199,0,0
2014-12-31,21:00:00,0.64199,0.64231,0.64181,0.64184,0,0
2014-12-31,22:00:00,0.64165,0.64192,0.6416,0.64164,0,0
2014-12-31,23:00:00,0.6416,0.64226,0.6416,0.64189,0,0
2014-12-31,23:59:00,0.64183,0.64189,0.64148,0.64152,0,0
2015-01-02,01:00:00,0.64187,0.64234,0.6417,0.64189,0,0
2015-01-02,02:00:00,0.6419,0.6426,0.64178,0.64253,0,0
2015-01-02,03:00:00,0.64252,0.64348,0.64236,0.643,0,0
2015-01-02,04:00:00,0.64295,0.64338,0.64287,0.64333,0,0
2015-01-02,05:00:00,0.64333,0.64346,0.64285,0.64293,0,0
2015-01-02,06:00:00,0.64295,0.64345,0.6428,0.64331,0,0
2015-01-02,07:00:00,0.64331,0.6435,0.6432,0.64322,0,0
2015-01-02,08:00:00,0.64322,0.64345,0.64312,0.64331,0,0
2015-01-02,09:00:00,0.64331,0.6437,0.64324,0.64361,0,0
2015-01-02,10:00:00,0.64361,0.64449,0.64321,0.64382,0,0
2015-01-02,11:00:00,0.64382,0.64615,0.64369,0.64603,0,0
2015-01-02,12:00:00,0.64604,0.64767,0.64599,0.64758,0,0
2015-01-02,13:00:00,0.64747,0.64821,0.64714,0.64766,0,0
2015-01-02,14:00:00,0.64777,0.64883,0.64762,0.64826,0,0
2015-01-02,15:00:00,0.64825,0.64883,0.64771,0.64865,0,0
2015-01-02,16:00:00,0.64865,0.64979,0.64859,0.64951,0,0
2015-01-02,17:00:00,0.64935,0.64992,0.64898,0.6497,0,0
2015-01-02,18:00:00,0.6497,0.6512,0.6497,0.65102,0,0
2015-01-02,19:00:00,0.65102,0.65136,0.65091,0.6512,0,0
2015-01-02,20:00:00,0.65115,0.65139,0.65114,0.6513,0,0
2015-01-02,21:00:00,0.65136,0.65226,0.65127,0.65202,0,0
2015-01-02,22:00:00,0.65212,0.65241,0.65192,0.65209,0,0
2015-01-02,23:00:00,0.65209,0.6522,0.65209,0.6522,0,0
2015-01-05,01:00:00,0.65438,0.65521,0.65369,0.65437,0,0
2015-01-05,02:00:00,0.65437,0.65437,0.65285,0.65326,0,0
2015-01-05,03:00:00,0.65325,0.65369,0.65284,0.65352,0,0
2015-01-05,04:00:00,0.65351,0.65396,0.65346,0.65396,0,0
2015-01-05,05:00:00,0.65401,0.65427,0.65387,0.65403,0,0
2015-01-05,06:00:00,0.65421,0.6543,0.65401,0.65409,0,0
2015-01-05,07:00:00,0.65409,0.65459,0.654,0.65417,0,0
2015-01-05,08:00:00,0.65437,0.65475,0.65419,0.6544,0,0
2015-01-05,09:00:00,0.65436,0.65446,0.65368,0.65394,0,0
2015-01-05,10:00:00,0.654,0.654,0.65278,0.65345,0,0
2015-01-05,11:00:00,0.65345,0.6542,0.65307,0.65336,0,0
2015-01-05,12:00:00,0.65338,0.65501,0.65333,0.65501,0,0
2015-01-05,13:00:00,0.65501,0.65573,0.65483,0.65551,0,0
2015-01-05,14:00:00,0.65564,0.65761,0.6556,0.65735,0,0
2015-01-05,15:00:00,0.65756,0.65766,0.65632,0.65755,0,0
2015-01-05,16:00:00,0.65757,0.65779,0.65647,0.65661,0,0
2015-01-05,17:00:00,0.65661,0.65704,0.65597,0.65614,0,0
2015-01-05,18:00:00,0.65616,0.65662,0.65604,0.65646,0,0
2015-01-05,19:00:00,0.65646,0.6568,0.65614,0.65672,0,0
2015-01-05,20:00:00,0.65679,0.65699,0.65579,0.65579,0,0
2015-01-05,21:00:00,0.65579,0.65596,0.6553,0.65562,0,0
2015-01-05,22:00:00,0.65562,0.65571,0.65489,0.65564,0,0
2015-01-05,23:00:00,0.65561,0.65584,0.65533,0.6558,0,0
2015-01-05,23:59:00,0.6558,0.65592,0.65553,0.65566,0,0
2015-01-06,01:00:00,0.65566,0.65575,0.65524,0.65548,0,0
2015-01-06,02:00:00,0.65548,0.65556,0.65513,0.65513,0,0
2015-01-06,03:00:00,0.65513,0.65548,0.6551,0.65528,0,0
2015-01-06,04:00:00,0.65529,0.65532,0.65472,0.65517,0,0
2015-01-06,05:00:00,0.65517,0.65549,0.65508,0.65536,0,0
2015-01-06,06:00:00,0.65533,0.65545,0.65529,0.65537,0,0
2015-01-06,07:00:00,0.65537,0.65544,0.65524,0.65526,0,0
2015-01-06,08:00:00,0.65519,0.65551,0.65487,0.65531,0,0
2015-01-06,09:00:00,0.65531,0.65664,0.65531,0.65658,0,0
2015-01-06,10:00:00,0.65661,0.65726,0.65584,0.65604,0,0
2015-01-06,11:00:00,0.65604,0.65831,0.656,0.6577,0,0
2015-01-06,12:00:00,0.65788,0.65892,0.6578,0.65854,0,0
2015-01-06,13:00:00,0.65847,0.6586,0.65764,0.65823,0,0
2015-01-06,14:00:00,0.65823,0.65854,0.65797,0.6582,0,0
2015-01-06,15:00:00,0.6582,0.6593,0.65816,0.65885,0,0
2015-01-06,16:00:00,0.65882,0.65997,0.65877,0.65919,0,0
2015-01-06,17:00:00,0.65919,0.65948,0.65803,0.65916,0,0
2015-01-06,18:00:00,0.65922,0.65936,0.65861,0.65902,0,0
2015-01-06,19:00:00,0.65902,0.65921,0.65847,0.65907,0,0
2015-01-06,20:00:00,0.65909,0.6591,0.65841,0.65841,0,0
2015-01-06,21:00:00,0.65843,0.65947,0.65833,0.65928,0,0
2015-01-06,22:00:00,0.65943,0.66015,0.65942,0.66001,0,0
2015-01-06,23:00:00,0.66003,0.66046,0.6598,0.66004,0,0
2015-01-06,23:59:00,0.66003,0.66162,0.66003,0.66055,0,0
2015-01-07,01:00:00,0.66044,0.66082,0.66033,0.66074,0,0
2015-01-07,02:00:00,0.66074,0.66109,0.66061,0.66101,0,0
2015-01-07,03:00:00,0.66094,0.66098,0.6603,0.66035,0,0
2015-01-07,04:00:00,0.66036,0.66079,0.66036,0.66056,0,0
2015-01-07,05:00:00,0.66057,0.66072,0.66026,0.66034,0,0
2015-01-07,06:00:00,0.6604,0.6606,0.66026,0.6606,0,0
2015-01-07,07:00:00,0.66061,0.6607,0.66043,0.66058,0,0
2015-01-07,08:00:00,0.66058,0.66124,0.66047,0.66089,0,0
2015-01-07,09:00:00,0.66086,0.66103,0.6601,0.66048,0,0
2015-01-07,10:00:00,0.66048,0.66133,0.65989,0.6611,0,0
2015-01-07,11:00:00,0.66114,0.66157,0.66041,0.6614,0,0
2015-01-07,12:00:00,0.66142,0.66202,0.66035,0.66102,0,0
2015-01-07,13:00:00,0.66091,0.66152,0.66056,0.66131,0,0
2015-01-07,14:00:00,0.66131,0.66132,0.66072,0.66102,0,0
2015-01-07,15:00:00,0.66107,0.66216,0.66103,0.66201,0,0
2015-01-07,16:00:00,0.66201,0.66324,0.66201,0.6629,0,0
2015-01-07,17:00:00,0.66306,0.66404,0.66236,0.66402,0,0
2015-01-07,18:00:00,0.66389,0.66412,0.66323,0.66346,0,0
2015-01-07,19:00:00,0.66346,0.66368,0.66278,0.66279,0,0
2015-01-07,20:00:00,0.66279,0.66289,0.66216,0.66242,0,0
2015-01-07,21:00:00,0.66231,0.66312,0.66112,0.6613,0,0
2015-01-07,22:00:00,0.66147,0.66212,0.66133,0.66191,0,0
2015-01-07,23:00:00,0.6619,0.6621,0.66167,0.66189,0,0
2015-01-07,23:59:00,0.66189,0.66216,0.66172,0.66199,0,0
2015-01-08,01:00:00,0.66203,0.66212,0.66196,0.66204,0,0
2015-01-08,02:00:00,0.66202,0.66208,0.6615,0.66202,0,0
2015-01-08,03:00:00,0.66205,0.66248,0.66187,0.66242,0,0
2015-01-08,04:00:00,0.66242,0.66293,0.66233,0.66269,0,0
2015-01-08,05:00:00,0.66269,0.66295,0.66238,0.66255,0,0
2015-01-08,06:00:00,0.66255,0.66293,0.66248,0.6629,0,0
2015-01-08,07:00:00,0.66291,0.66308,0.66273,0.66279,0,0
2015-01-08,08:00:00,0.66281,0.66303,0.66252,0.66275,0,0
2015-01-08,09:00:00,0.66303,0.66392,0.66287,0.66347,0,0
2015-01-08,10:00:00,0.66345,0.66505,0.66345,0.66497,0,0
2015-01-08,11:00:00,0.66493,0.66503,0.66408,0.66436,0,0
2015-01-08,12:00:00,0.66413,0.66445,0.66363,0.66416,0,0
2015-01-08,13:00:00,0.66431,0.66438,0.6635,0.66388,0,0
2015-01-08,14:00:00,0.66391,0.66472,0.66334,0.66341,0,0
2015-01-08,15:00:00,0.6634,0.66403,0.66309,0.66317,0,0
2015-01-08,16:00:00,0.66331,0.66407,0.66263,0.66276,0,0
2015-01-08,17:00:00,0.66273,0.66324,0.66249,0.66313,0,0
2015-01-08,18:00:00,0.66309,0.66314,0.66152,0.66157,0,0
2015-01-08,19:00:00,0.66166,0.66198,0.66154,0.66159,0,0
2015-01-08,20:00:00,0.66159,0.66247,0.66153,0.66209,0,0
2015-01-08,21:00:00,0.66212,0.66315,0.66198,0.66315,0,0
2015-01-08,22:00:00,0.66296,0.66313,0.66282,0.66298,0,0
2015-01-08,23:00:00,0.66298,0.66316,0.66266,0.66282,0,0
2015-01-08,23:59:00,0.66282,0.66324,0.66282,0.66319,0,0
2015-01-09,01:00:00,0.66319,0.66329,0.6627,0.66289,0,0
2015-01-09,02:00:00,0.66296,0.663,0.66251,0.66251,0,0
2015-01-09,03:00:00,0.66251,0.6627,0.66211,0.66265,0,0
2015-01-09,04:00:00,0.66267,0.66275,0.66228,0.66254,0,0
2015-01-09,05:00:00,0.66255,0.66272,0.66244,0.66257,0,0
2015-01-09,06:00:00,0.66257,0.66267,0.66244,0.66264,0,0
2015-01-09,07:00:00,0.66263,0.66264,0.66222,0.66237,0,0
2015-01-09,08:00:00,0.66237,0.66274,0.66237,0.66254,0,0
2015-01-09,09:00:00,0.66265,0.66269,0.6623,0.66243,0,0
2015-01-09,10:00:00,0.66245,0.66245,0.66148,0.66163,0,0
2015-01-09,11:00:00,0.66163,0.6619,0.66014,0.66091,0,0
2015-01-09,12:00:00,0.66091,0.66118,0.65994,0.66005,0,0
2015-01-09,13:00:00,0.66005,0.66042,0.65961,0.6601,0,0
2015-01-09,14:00:00,0.66011,0.66094,0.66011,0.66093,0,0
2015-01-09,15:00:00,0.66088,0.66237,0.65919,0.66138,0,0
2015-01-09,16:00:00,0.66139,0.66217,0.66079,0.66152,0,0
2015-01-09,17:00:00,0.66152,0.66153,0.65926,0.66019,0,0
2015-01-09,18:00:00,0.66024,0.6619,0.65939,0.66008,0,0
2015-01-09,19:00:00,0.66009,0.66052,0.65965,0.66042,0,0
2015-01-09,20:00:00,0.66042,0.66042,0.65941,0.65963,0,0
2015-01-09,21:00:00,0.65969,0.65987,0.6594,0.65942,0,0
2015-01-09,22:00:00,0.65942,0.65969,0.65937,0.65945,0,0
2015-01-09,23:00:00,0.65946,0.65946,0.65946,0.65946,0,0
