Date,Time,Open,High,Low,Close,Volume,OpenInt
2014-10-13,01:00:00,107.478,107.52,107.257,107.298,0,0
2014-10-13,02:00:00,107.298,107.389,107.291,107.336,0,0
2014-10-13,03:00:00,107.336,107.385,107.177,107.243,0,0
2014-10-13,04:00:00,107.243,107.244,107.072,107.158,0,0
2014-10-13,05:00:00,107.156,107.171,107.059,107.127,0,0
2014-10-13,06:00:00,107.126,107.221,107.101,107.149,0,0
2014-10-13,07:00:00,107.149,107.208,107.103,107.18,0,0
2014-10-13,08:00:00,107.18,107.254,107.141,107.218,0,0
2014-10-13,09:00:00,107.218,107.389,107.17,107.357,0,0
2014-10-13,10:00:00,107.363,107.471,107.308,107.321,0,0
2014-10-13,11:00:00,107.322,107.571,107.259,107.513,0,0
2014-10-13,12:00:00,107.513,107.537,107.328,107.359,0,0
2014-10-13,13:00:00,107.358,107.401,107.277,107.365,0,0
2014-10-13,14:00:00,107.365,107.368,107.209,107.241,0,0
2014-10-13,15:00:00,107.241,107.322,107.172,107.28,0,0
2014-10-13,16:00:00,107.28,107.394,107.195,107.297,0,0
2014-10-13,17:00:00,107.297,107.359,107.178,107.344,0,0
2014-10-13,18:00:00,107.337,107.434,107.308,107.372,0,0
2014-10-13,19:00:00,107.369,107.497,107.346,107.459,0,0
2014-10-13,20:00:00,107.455,107.467,107.311,107.34,0,0
2014-10-13,21:00:00,107.34,107.376,107.303,107.317,0,0
2014-10-13,22:00:00,107.315,107.327,107.072,107.089,0,0
2014-10-13,23:00:00,107.088,107.095,106.774,106.822,0,0
2014-10-13,23:59:00,106.822,106.982,106.753,106.979,0,0
2014-10-14,01:00:00,106.977,107.047,106.925,106.993,0,0
2014-10-14,02:00:00,106.994,107.093,106.934,107.056,0,0
2014-10-14,03:00:00,107.055,107.184,107.051,107.077,0,0
2014-10-14,04:00:00,107.077,107.241,107.061,107.207,0,0
2014-10-14,05:00:00,107.207,107.299,107.196,107.235,0,0
2014-10-14,06:00:00,107.236,107.253,107.119,107.217,0,0
2014-10-14,07:00:00,107.217,107.272,107.112,107.155,0,0
2014-10-14,08:00:00,107.155,107.197,107.03,107.197,0,0
2014-10-14,09:00:00,107.197,107.197,107.063,107.144,0,0
2014-10-14,10:00:00,107.144,107.305,107.112,107.233,0,0
2014-10-14,11:00:00,107.243,107.295,106.918,106.958,0,0
2014-10-14,12:00:00,106.958,106.962,106.803,106.826,0,0
2014-10-14,13:00:00,106.828,106.999,106.799,106.872,0,0
2014-10-14,14:00:00,106.866,106.888,106.669,106.873,0,0
2014-10-14,15:00:00,106.872,107.122,106.861,106.959,0,0
2014-10-14,16:00:00,106.96,107.175,106.936,106.983,0,0
2014-10-14,17:00:00,106.983,107.086,106.889,107.054,0,0
2014-10-14,18:00:00,107.055,107.188,106.981,107.152,0,0
2014-10-14,19:00:00,107.152,107.179,107.04,107.052,0,0
2014-10-14,20:00:00,107.055,107.098,107.018,107.058,0,0
2014-10-14,21:00:00,107.059,107.103,106.918,106.933,0,0
2014-10-14,22:00:00,106.933,107.059,106.843,107.012,0,0
2014-10-14,23:00:00,107.008,107.06,106.98,107.046,0,0
2014-10-14,23:59:00,107.045,107.168,107.041,107.13,0,0
2014-10-15,01:00:00,107.128,107.317,107.119,107.245,0,0
2014-10-15,02:00:00,107.245,107.4,107.224,107.314,0,0
2014-10-15,03:00:00,107.314,107.319,107.218,107.244,0,0
2014-10-15,04:00:00,107.24,107.243,107.07,107.09,0,0
2014-10-15,05:00:00,107.092,107.18,107.042,107.075,0,0
2014-10-15,06:00:00,107.075,107.261,107.063,107.196,0,0
2014-10-15,07:00:00,107.194,107.326,107.193,107.259,0,0
2014-10-15,08:00:00,107.259,107.346,107.194,107.298,0,0
2014-10-15,09:00:00,107.298,107.491,107.245,107.464,0,0
2014-10-15,10:00:00,107.466,107.466,107.229,107.23,0,0
2014-10-15,11:00:00,107.23,107.298,107.09,107.162,0,0
2014-10-15,12:00:00,107.161,107.34,107.103,107.327,0,0
2014-10-15,13:00:00,107.327,107.337,107.2,107.218,0,0
2014-10-15,14:00:00,107.218,107.222,106.888,106.932,0,0
2014-10-15,15:00:00,106.93,107.023,106.2,106.282,0,0
2014-10-15,16:00:00,106.282,106.38,105.198,106.243,0,0
2014-10-15,17:00:00,106.239,106.397,105.936,106.214,0,0
2014-10-15,18:00:00,106.214,106.308,105.948,106.071,0,0
2014-10-15,19:00:00,106.07,106.09,105.594,105.82,0,0
2014-10-15,20:00:00,105.82,105.992,105.679,105.844,0,0
2014-10-15,21:00:00,105.844,106.081,105.765,106.002,0,0
2014-10-15,22:00:00,106.004,106.261,105.975,106.089,0,0
2014-10-15,23:00:00,106.089,106.098,105.833,105.903,0,0
2014-10-15,23:59:00,105.903,106.085,105.863,106.052,0,0
2014-10-16,01:00:00,106.052,106.052,105.823,105.991,0,0
2014-10-16,02:00:00,105.991,106.055,105.955,106.004,0,0
2014-10-16,03:00:00,106.004,106.08,105.75,106.049,0,0
2014-10-16,04:00:00,106.05,106.063,105.844,106.002,0,0
2014-10-16,05:00:00,106.003,106.169,105.929,106.01,0,0
2014-10-16,06:00:00,106.008,106.108,105.975,106.081,0,0
2014-10-16,07:00:00,106.081,106.212,106.078,106.125,0,0
2014-10-16,08:00:00,106.123,106.177,106.075,106.126,0,0
2014-10-16,09:00:00,106.126,106.326,106.092,106.229,0,0
2014-10-16,10:00:00,106.229,106.29,105.884,105.912,0,0
2014-10-16,11:00:00,105.91,106.047,105.788,105.935,0,0
2014-10-16,12:00:00,105.935,105.95,105.535,105.792,0,0
2014-10-16,13:00:00,105.791,105.8,105.526,105.672,0,0
2014-10-16,14:00:00,105.672,105.804,105.503,105.8,0,0
2014-10-16,15:00:00,105.799,105.909,105.625,105.677,0,0
2014-10-16,16:00:00,105.675,106.08,105.644,106.039,0,0
2014-10-16,17:00:00,106.038,106.246,105.86,106.088,0,0
2014-10-16,18:00:00,106.088,106.205,105.958,105.979,0,0
2014-10-16,19:00:00,105.98,106.113,105.919,106.079,0,0
2014-10-16,20:00:00,106.076,106.304,106.076,106.155,0,0
2014-10-16,21:00:00,106.158,106.234,106.086,106.157,0,0
2014-10-16,22:00:00,106.157,106.457,106.126,106.364,0,0
2014-10-16,23:00:00,106.365,106.383,106.278,106.323,0,0
2014-10-16,23:59:00,106.323,106.331,106.268,106.277,0,0
2014-10-17,01:00:00,106.28,106.384,106.28,106.356,0,0
2014-10-17,02:00:00,106.357,106.489,106.357,106.439,0,0
2014-10-17,03:00:00,106.434,106.441,106.222,106.319,0,0
2014-10-17,04:00:00,106.325,106.411,106.245,106.34,0,0
2014-10-17,05:00:00,106.34,106.359,106.234,106.327,0,0
2014-10-17,06:00:00,106.313,106.325,106.132,106.157,0,0
2014-10-17,07:00:00,106.157,106.315,106.149,106.24,0,0
2014-10-17,08:00:00,106.244,106.261,106.147,106.209,0,0
2014-10-17,09:00:00,106.209,106.323,106.14,106.271,0,0
2014-10-17,10:00:00,106.271,106.437,106.158,106.414,0,0
2014-10-17,11:00:00,106.414,106.592,106.414,106.508,0,0
2014-10-17,12:00:00,106.503,106.556,106.419,106.503,0,0
2014-10-17,13:00:00,106.503,106.616,106.477,106.478,0,0
2014-10-17,14:00:00,106.478,106.61,106.358,106.386,0,0
2014-10-17,15:00:00,106.386,106.619,106.348,106.461,0,0
2014-10-17,16:00:00,106.461,106.71,106.453,106.665,0,0
2014-10-17,17:00:00,106.663,106.779,106.619,106.651,0,0
2014-10-17,18:00:00,106.651,106.77,106.631,106.718,0,0
2014-10-17,19:00:00,106.716,106.734,106.621,106.657,0,0
2014-10-17,20:00:00,106.657,106.704,106.621,106.666,0,0
2014-10-17,21:00:00,106.671,106.7,106.578,106.681,0,0
2014-10-17,22:00:00,106.682,106.936,106.643,106.909,0,0
2014-10-17,23:00:00,106.906,106.909,106.906,106.909,0,0
2014-10-20,01:00:00,107.06,107.194,106.994,107.155,0,0
2014-10-20,02:00:00,107.155,107.232,107.14,107.158,0,0
2014-10-20,03:00:00,107.158,107.159,107.046,107.131,0,0
2014-10-20,04:00:00,107.131,107.253,107.113,107.192,0,0
2014-10-20,05:00:00,107.194,107.218,107.111,107.195,0,0
2014-10-20,06:00:00,107.195,107.387,107.19,107.368,0,0
2014-10-20,07:00:00,107.367,107.38,107.323,107.354,0,0
2014-10-20,08:00:00,107.354,107.361,107.227,107.248,0,0
2014-10-20,09:00:00,107.247,107.31,107.207,107.265,0,0
2014-10-20,10:00:00,107.267,107.268,106.997,107.064,0,0
2014-10-20,11:00:00,107.063,107.134,106.946,107.022,0,0
2014-10-20,12:00:00,107.02,107.175,107.014,107.144,0,0
2014-10-20,13:00:00,107.146,107.162,106.961,106.982,0,0
2014-10-20,14:00:00,106.977,106.977,106.811,106.843,0,0
2014-10-20,15:00:00,106.848,107.006,106.826,106.945,0,0
2014-10-20,16:00:00,106.944,106.96,106.79,106.9,0,0
2014-10-20,17:00:00,106.9,106.98,106.782,106.884,0,0
2014-10-20,18:00:00,106.884,106.93,106.833,106.872,0,0
2014-10-20,19:00:00,106.873,106.894,106.794,106.802,0,0
2014-10-20,20:00:00,106.803,106.881,106.781,106.854,0,0
2014-10-20,21:00:00,106.854,106.927,106.802,106.843,0,0
2014-10-20,22:00:00,106.843,106.874,106.794,106.855,0,0
2014-10-20,23:00:00,106.854,106.943,106.842,106.938,0,0
2014-10-20,23:59:00,106.941,106.981,106.924,106.96,0,0
2014-10-21,01:00:00,106.961,106.961,106.907,106.939,0,0
2014-10-21,02:00:00,106.939,107.002,106.889,106.897,0,0
2014-10-21,03:00:00,106.897,106.91,106.703,106.808,0,0
2014-10-21,04:00:00,106.809,106.819,106.712,106.807,0,0
2014-10-21,05:00:00,106.807,106.871,106.744,106.758,0,0
2014-10-21,06:00:00,106.758,106.782,106.523,106.576,0,0
2014-10-21,07:00:00,106.578,106.611,106.298,106.34,0,0
2014-10-21,08:00:00,106.34,106.437,106.249,106.388,0,0
2014-10-21,09:00:00,106.388,106.438,106.25,106.384,0,0
2014-10-21,10:00:00,106.384,106.583,106.328,106.557,0,0
2014-10-21,11:00:00,106.562,106.681,106.543,106.678,0,0
2014-10-21,12:00:00,106.679,106.838,106.55,106.809,0,0
2014-10-21,13:00:00,106.808,106.915,106.803,106.882,0,0
2014-10-21,14:00:00,106.88,106.902,106.749,106.783,0,0
2014-10-21,15:00:00,106.771,106.795,106.581,106.69,0,0
2014-10-21,16:00:00,106.69,106.76,106.662,106.715,0,0
2014-10-21,17:00:00,106.715,106.808,106.675,106.695,0,0
2014-10-21,18:00:00,106.699,106.75,106.665,106.698,0,0
2014-10-21,19:00:00,106.691,106.716,106.616,106.639,0,0
2014-10-21,20:00:00,106.641,106.705,106.621,106.703,0,0
2014-10-21,21:00:00,106.701,106.868,106.701,106.838,0,0
2014-10-21,22:00:00,106.84,106.922,106.828,106.893,0,0
2014-10-21,23:00:00,106.894,107.014,106.859,106.992,0,0
2014-10-21,23:59:00,106.993,107.106,106.982,107.076,0,0
2014-10-22,01:00:00,107.076,107.094,107.01,107.015,0,0
2014-10-22,02:00:00,107.014,107.055,106.968,107.009,0,0
2014-10-22,03:00:00,107.009,107.066,106.949,107.01,0,0
2014-10-22,04:00:00,107.009,107.032,106.854,106.903,0,0
2014-10-22,05:00:00,106.903,106.93,106.852,106.888,0,0
2014-10-22,06:00:00,106.888,106.899,106.82,106.899,0,0
2014-10-22,07:00:00,106.906,106.975,106.878,106.962,0,0
2014-10-22,08:00:00,106.962,107.05,106.904,106.904,0,0
2014-10-22,09:00:00,106.91,106.953,106.819,106.882,0,0
2014-10-22,10:00:00,106.874,106.97,106.808,106.956,0,0
2014-10-22,11:00:00,106.955,106.982,106.787,106.853,0,0
2014-10-22,12:00:00,106.853,106.969,106.852,106.903,0,0
2014-10-22,13:00:00,106.903,107.011,106.903,106.991,0,0
2014-10-22,14:00:00,106.989,106.994,106.874,106.956,0,0
2014-10-22,15:00:00,106.956,107.301,106.894,107.27,0,0
2014-10-22,16:00:00,107.268,107.339,107.147,107.244,0,0
2014-10-22,17:00:00,107.245,107.267,107.152,107.217,0,0
2014-10-22,18:00:00,107.216,107.369,107.181,107.32,0,0
2014-10-22,19:00:00,107.323,107.353,107.202,107.266,0,0
2014-10-22,20:00:00,107.266,107.279,107.136,107.145,0,0
2014-10-22,21:00:00,107.145,107.211,107.141,107.196,0,0
2014-10-22,22:00:00,107.194,107.219,107.093,107.116,0,0
2014-10-22,23:00:00,107.116,107.158,107.106,107.136,0,0
2014-10-22,23:59:00,107.136,107.235,107.108,107.202,0,0
2014-10-23,01:00:00,107.194,107.228,107.159,107.169,0,0
2014-10-23,02:00:00,107.169,107.186,107.141,107.15,0,0
2014-10-23,03:00:00,107.15,107.229,107.102,107.182,0,0
2014-10-23,04:00:00,107.181,107.262,107.135,107.247,0,0
2014-10-23,05:00:00,107.247,107.316,107.212,107.306,0,0
2014-10-23,06:00:00,107.306,107.354,107.174,107.326,0,0
2014-10-23,07:00:00,107.326,107.351,107.218,107.251,0,0
2014-10-23,08:00:00,107.249,107.262,107.192,107.242,0,0
2014-10-23,09:00:00,107.242,107.325,107.209,107.295,0,0
2014-10-23,10:00:00,107.301,107.306,107.128,107.247,0,0
2014-10-23,11:00:00,107.247,107.631,107.244,107.525,0,0
2014-10-23,12:00:00,107.525,107.572,107.48,107.535,0,0
2014-10-23,13:00:00,107.535,107.557,107.426,107.453,0,0
2014-10-23,14:00:00,107.453,107.649,107.451,107.616,0,0
2014-10-23,15:00:00,107.615,107.873,107.615,107.863,0,0
2014-10-23,16:00:00,107.862,108.012,107.858,107.927,0,0
2014-10-23,17:00:00,107.928,108.172,107.928,108.137,0,0
2014-10-23,18:00:00,108.137,108.184,108.065,108.161,0,0
2014-10-23,19:00:00,108.16,108.279,108.137,108.219,0,0
2014-10-23,20:00:00,108.219,108.289,108.213,108.231,0,0
2014-10-23,21:00:00,108.23,108.349,108.182,108.198,0,0
2014-10-23,22:00:00,108.194,108.201,108.044,108.151,0,0
2014-10-23,23:00:00,108.153,108.299,108.143,108.26,0,0
2014-10-23,23:59:00,108.262,108.306,108.198,108.299,0,0
2014-10-24,01:00:00,108.289,108.289,108.182,108.185,0,0
2014-10-24,02:00:00,108.184,108.201,108.109,108.162,0,0
2014-10-24,03:00:00,108.163,108.184,107.875,108.005,0,0
2014-10-24,04:00:00,108.003,108.036,107.858,108.034,0,0
2014-10-24,05:00:00,108.032,108.083,107.941,108.001,0,0
2014-10-24,06:00:00,108.001,108.06,107.949,107.984,0,0
2014-10-24,07:00:00,107.984,108.024,107.963,107.974,0,0
2014-10-24,08:00:00,107.97,108.055,107.95,107.961,0,0
2014-10-24,09:00:00,107.961,108.113,107.912,108.095,0,0
2014-10-24,10:00:00,108.093,108.266,108.084,108.243,0,0
2014-10-24,11:00:00,108.243,108.243,108.07,108.162,0,0
2014-10-24,12:00:00,108.162,108.178,108.099,108.175,0,0
2014-10-24,13:00:00,108.172,108.205,108.117,108.148,0,0
2014-10-24,14:00:00,108.148,108.171,107.936,107.953,0,0
2014-10-24,15:00:00,107.954,108.078,107.896,108.025,0,0
2014-10-24,16:00:00,108.031,108.088,107.925,107.941,0,0
2014-10-24,17:00:00,107.941,108.172,107.782,108.166,0,0
2014-10-24,18:00:00,108.166,108.173,108.054,108.059,0,0
2014-10-24,19:00:00,108.06,108.102,108.01,108.069,0,0
2014-10-24,20:00:00,108.066,108.066,107.979,108.033,0,0
2014-10-24,21:00:00,108.034,108.106,107.998,108.077,0,0
2014-10-24,22:00:00,108.076,108.121,108.029,108.115,0,0
2014-10-24,23:00:00,108.112,108.113,108.112,108.113,0,0
2014-10-27,01:00:00,108.177,108.213,108.137,108.178,0,0
2014-10-27,02:00:00,108.178,108.178,107.948,107.977,0,0
2014-10-27,03:00:00,107.977,108.03,107.924,107.978,0,0
2014-10-27,04:00:00,107.978,108,107.857,107.906,0,0
2014-10-27,05:00:00,107.906,107.994,107.893,107.994,0,0
2014-10-27,06:00:00,107.998,108.021,107.937,107.968,0,0
2014-10-27,07:00:00,107.968,107.99,107.893,107.917,0,0
2014-10-27,08:00:00,107.926,107.979,107.883,107.963,0,0
2014-10-27,09:00:00,107.964,108.082,107.962,108.019,0,0
2014-10-27,10:00:00,108.02,108.03,107.808,107.858,0,0
2014-10-27,11:00:00,107.858,107.888,107.744,107.834,0,0
2014-10-27,12:00:00,107.834,107.879,107.72,107.841,0,0
2014-10-27,13:00:00,107.841,107.952,107.823,107.894,0,0
2014-10-27,14:00:00,107.894,107.894,107.779,107.843,0,0
2014-10-27,15:00:00,107.843,107.89,107.793,107.828,0,0
2014-10-27,16:00:00,107.828,107.83,107.653,107.786,0,0
2014-10-27,17:00:00,107.786,107.856,107.682,107.708,0,0
2014-10-27,18:00:00,107.71,107.752,107.603,107.65,0,0
2014-10-27,19:00:00,107.651,107.734,107.651,107.719,0,0
2014-10-27,20:00:00,107.721,107.721,107.651,107.678,0,0
2014-10-27,21:00:00,107.68,107.78,107.677,107.773,0,0
2014-10-27,22:00:00,107.771,107.812,107.751,107.81,0,0
2014-10-27,23:00:00,107.808,107.863,107.78,107.845,0,0
2014-10-27,23:59:00,107.843,107.857,107.806,107.826,0,0
2014-10-28,01:00:00,107.842,107.898,107.817,107.84,0,0
2014-10-28,02:00:00,107.84,107.973,107.84,107.966,0,0
2014-10-28,03:00:00,107.965,107.982,107.842,107.867,0,0
2014-10-28,04:00:00,107.867,107.879,107.792,107.806,0,0
2014-10-28,05:00:00,107.806,107.838,107.76,107.806,0,0
2014-10-28,06:00:00,107.805,107.87,107.792,107.852,0,0
2014-10-28,07:00:00,107.852,107.889,107.845,107.853,0,0
2014-10-28,08:00:00,107.853,107.858,107.784,107.817,0,0
2014-10-28,09:00:00,107.818,107.868,107.804,107.829,0,0
2014-10-28,10:00:00,107.829,107.946,107.816,107.941,0,0
2014-10-28,11:00:00,107.943,108.057,107.94,108.055,0,0
2014-10-28,12:00:00,108.063,108.1,108.024,108.062,0,0
2014-10-28,13:00:00,108.062,108.169,108.05,108.154,0,0
2014-10-28,14:00:00,108.148,108.164,107.713,107.825,0,0
2014-10-28,15:00:00,107.825,107.954,107.69,107.934,0,0
2014-10-28,16:00:00,107.938,108.131,107.938,107.955,0,0
2014-10-28,17:00:00,107.955,108.017,107.943,108.001,0,0
2014-10-28,18:00:00,107.999,108.094,107.971,108.076,0,0
2014-10-28,19:00:00,108.076,108.09,108.016,108.05,0,0
2014-10-28,20:00:00,108.05,108.084,108.002,108.08,0,0
2014-10-28,21:00:00,108.078,108.165,108.073,108.141,0,0
2014-10-28,22:00:00,108.14,108.182,108.127,108.147,0,0
2014-10-28,23:00:00,108.137,108.182,108.129,108.131,0,0
2014-10-28,23:59:00,108.129,108.132,108.084,108.102,0,0
2014-10-29,01:00:00,108.102,108.15,108.093,108.122,0,0
2014-10-29,02:00:00,108.122,108.201,108.074,108.171,0,0
2014-10-29,03:00:00,108.171,108.229,108.138,108.166,0,0
2014-10-29,04:00:00,108.159,108.202,108.132,108.137,0,0
2014-10-29,05:00:00,108.137,108.168,108.113,108.158,0,0
2014-10-29,06:00:00,108.159,108.161,108.109,108.129,0,0
2014-10-29,07:00:00,108.128,108.14,108.11,108.112,0,0
2014-10-29,08:00:00,108.112,108.154,107.982,108.019,0,0
2014-10-29,09:00:00,108.019,108.089,108.003,108.067,0,0
2014-10-29,10:00:00,108.067,108.085,107.937,108.004,0,0
2014-10-29,11:00:00,108.005,108.09,107.999,108.069,0,0
2014-10-29,12:00:00,108.067,108.142,108.037,108.082,0,0
2014-10-29,13:00:00,108.086,108.141,108.049,108.136,0,0
2014-10-29,14:00:00,108.136,108.162,108.089,108.127,0,0
2014-10-29,15:00:00,108.128,108.165,108.1,108.13,0,0
2014-10-29,16:00:00,108.132,108.138,108.008,108.071,0,0
2014-10-29,17:00:00,108.071,108.107,108.041,108.102,0,0
2014-10-29,18:00:00,108.108,108.149,108.078,108.138,0,0
2014-10-29,19:00:00,108.138,108.189,108.041,108.095,0,0
2014-10-29,20:00:00,108.106,108.94,108.106,108.779,0,0
2014-10-29,21:00:00,108.78,108.889,108.707,108.863,0,0
2014-10-29,22:00:00,108.868,108.957,108.852,108.886,0,0
2014-10-29,23:00:00,108.883,108.915,108.835,108.835,0,0
2014-10-29,23:59:00,108.825,108.833,108.768,108.798,0,0
2014-10-30,01:00:00,108.796,108.86,108.745,108.834,0,0
2014-10-30,02:00:00,108.833,109.031,108.833,108.973,0,0
2014-10-30,03:00:00,108.973,109.102,108.953,109.081,0,0
2014-10-30,04:00:00,109.083,109.113,108.952,108.983,0,0
2014-10-30,05:00:00,108.983,109.062,108.972,109.046,0,0
2014-10-30,06:00:00,109.046,109.067,108.993,109.055,0,0
2014-10-30,07:00:00,109.055,109.15,109.051,109.095,0,0
2014-10-30,08:00:00,109.093,109.152,109.08,109.133,0,0
2014-10-30,09:00:00,109.132,109.178,109.086,109.174,0,0
2014-10-30,10:00:00,109.174,109.304,109.131,109.145,0,0
2014-10-30,11:00:00,109.145,109.171,108.952,109.048,0,0
2014-10-30,12:00:00,109.048,109.066,108.98,109.026,0,0
2014-10-30,13:00:00,109.023,109.049,108.944,109.018,0,0
2014-10-30,14:00:00,109.016,109.345,108.906,108.918,0,0
2014-10-30,15:00:00,108.919,109.081,108.847,108.953,0,0
2014-10-30,16:00:00,108.958,108.963,108.793,108.945,0,0
2014-10-30,17:00:00,108.946,109.02,108.925,108.949,0,0
2014-10-30,18:00:00,108.949,108.993,108.859,108.949,0,0
2014-10-30,19:00:00,108.949,109.434,108.949,109.412,0,0
2014-10-30,20:00:00,109.413,109.461,109.307,109.333,0,0
2014-10-30,21:00:00,109.332,109.337,109.159,109.278,0,0
2014-10-30,22:00:00,109.278,109.279,109.18,109.205,0,0
2014-10-30,23:00:00,109.208,109.266,109.177,109.257,0,0
2014-10-30,23:59:00,109.257,109.391,109.257,109.344,0,0
2014-10-31,01:00:00,109.344,109.384,109.172,109.226,0,0
2014-10-31,02:00:00,109.223,109.344,109.192,109.292,0,0
2014-10-31,03:00:00,109.299,109.353,109.248,109.333,0,0
2014-10-31,04:00:00,109.333,109.425,109.321,109.358,0,0
2014-10-31,05:00:00,109.358,109.408,109.305,109.398,0,0
2014-10-31,06:00:00,109.398,110.298,109.33,110.187,0,0
2014-10-31,07:00:00,110.193,111.002,110.193,110.88,0,0
2014-10-31,08:00:00,110.881,111.217,110.736,111.132,0,0
2014-10-31,09:00:00,111.13,111.524,111.116,111.214,0,0
2014-10-31,10:00:00,111.229,111.537,111.016,111.499,0,0
2014-10-31,11:00:00,111.495,111.665,111.478,111.609,0,0
2014-10-31,12:00:00,111.609,111.879,111.583,111.739,0,0
2014-10-31,13:00:00,111.741,111.806,111.455,111.588,0,0
2014-10-31,14:00:00,111.592,111.936,111.581,111.917,0,0
2014-10-31,15:00:00,111.925,112.147,111.88,111.952,0,0
2014-10-31,16:00:00,111.948,112.472,111.943,112.278,0,0
2014-10-31,17:00:00,112.279,112.387,112.084,112.084,0,0
2014-10-31,18:00:00,112.091,112.179,111.889,112.013,0,0
2014-10-31,19:00:00,112.014,112.157,111.895,112.132,0,0
2014-10-31,20:00:00,112.132,112.309,112.111,112.304,0,0
2014-10-31,21:00:00,112.3,112.32,112.121,112.308,0,0
2014-10-31,22:00:00,112.31,112.354,112.213,112.292,0,0
2014-10-31,23:00:00,112.292,112.292,112.292,112.292,0,0
2014-11-03,01:00:00,112.949,112.967,112.79,112.83,0,0
2014-11-03,02:00:00,112.83,112.906,112.643,112.807,0,0
2014-11-03,03:00:00,112.807,112.807,112.695,112.703,0,0
2014-11-03,04:00:00,112.703,112.75,112.665,112.705,0,0
2014-11-03,05:00:00,112.703,112.782,112.688,112.734,0,0
2014-11-03,06:00:00,112.733,112.767,112.679,112.729,0,0
2014-11-03,07:00:00,112.727,112.753,112.693,112.703,0,0
2014-11-03,08:00:00,112.703,112.719,112.594,112.633,0,0
2014-11-03,09:00:00,112.631,112.833,112.568,112.762,0,0
2014-11-03,10:00:00,112.767,112.874,112.682,112.84,0,0
2014-11-03,11:00:00,112.838,112.884,112.732,112.879,0,0
2014-11-03,12:00:00,112.878,113.403,112.875,113.278,0,0
2014-11-03,13:00:00,113.279,113.724,113.238,113.616,0,0
2014-11-03,14:00:00,113.619,113.713,113.474,113.675,0,0
2014-11-03,15:00:00,113.677,113.873,113.645,113.791,0,0
2014-11-03,16:00:00,113.791,113.901,113.744,113.79,0,0
2014-11-03,17:00:00,113.79,114.209,113.671,114.182,0,0
2014-11-03,18:00:00,114.182,114.184,113.766,113.921,0,0
2014-11-03,19:00:00,113.922,114.02,113.875,113.94,0,0
2014-11-03,20:00:00,113.94,113.982,113.811,113.813,0,0
2014-11-03,21:00:00,113.813,113.843,113.647,113.772,0,0
2014-11-03,22:00:00,113.767,113.803,113.715,113.779,0,0
2014-11-03,23:00:00,113.774,114.06,113.767,114.038,0,0
2014-11-03,23:59:00,114.032,114.04,113.732,113.765,0,0
2014-11-04,01:00:00,113.768,113.823,113.627,113.703,0,0
2014-11-04,02:00:00,113.703,113.778,113.513,113.643,0,0
2014-11-04,03:00:00,113.644,113.654,113.392,113.592,0,0
2014-11-04,04:00:00,113.591,113.701,113.569,113.696,0,0
2014-11-04,05:00:00,113.702,113.702,113.54,113.568,0,0
2014-11-04,06:00:00,113.569,113.605,113.448,113.5,0,0
2014-11-04,07:00:00,113.502,113.542,113.35,113.376,0,0
2014-11-04,08:00:00,113.376,113.536,113.273,113.517,0,0
2014-11-04,09:00:00,113.521,113.672,113.451,113.573,0,0
2014-11-04,10:00:00,113.573,113.735,113.573,113.592,0,0
2014-11-04,11:00:00,113.593,113.687,113.256,113.364,0,0
2014-11-04,12:00:00,113.364,113.454,113.177,113.312,0,0
2014-11-04,13:00:00,113.312,113.417,113.282,113.392,0,0
2014-11-04,14:00:00,113.392,113.506,113.348,113.386,0,0
2014-11-04,15:00:00,113.386,113.498,113.322,113.417,0,0
2014-11-04,16:00:00,113.42,113.725,113.401,113.667,0,0
2014-11-04,17:00:00,113.667,113.73,113.272,113.287,0,0
2014-11-04,18:00:00,113.286,113.5,113.222,113.439,0,0
2014-11-04,19:00:00,113.436,113.612,113.43,113.517,0,0
2014-11-04,20:00:00,113.517,113.543,113.431,113.528,0,0
2014-11-04,21:00:00,113.53,113.575,113.486,113.573,0,0
2014-11-04,22:00:00,113.572,113.671,113.549,113.67,0,0
2014-11-04,23:00:00,113.67,113.67,113.566,113.593,0,0
2014-11-04,23:59:00,113.591,113.602,113.409,113.434,0,0
2014-11-05,01:00:00,113.436,113.558,113.419,113.516,0,0
2014-11-05,02:00:00,113.516,113.792,113.492,113.631,0,0
2014-11-05,03:00:00,113.628,113.628,113.47,113.58,0,0
2014-11-05,04:00:00,113.578,113.737,113.541,113.634,0,0
2014-11-05,05:00:00,113.634,113.713,113.607,113.705,0,0
2014-11-05,06:00:00,113.703,114.117,113.693,114.017,0,0
2014-11-05,07:00:00,114.016,114.382,113.921,114.304,0,0
2014-11-05,08:00:00,114.295,114.348,114.13,114.189,0,0
2014-11-05,09:00:00,114.188,114.54,114.173,114.412,0,0
2014-11-05,10:00:00,114.412,114.541,114.338,114.446,0,0
2014-11-05,11:00:00,114.446,114.587,114.366,114.531,0,0
2014-11-05,12:00:00,114.529,114.545,114.422,114.465,0,0
2014-11-05,13:00:00,114.464,114.589,114.428,114.589,0,0
2014-11-05,14:00:00,114.587,114.773,114.568,114.762,0,0
2014-11-05,15:00:00,114.762,114.836,114.488,114.696,0,0
2014-11-05,16:00:00,114.7,114.817,114.653,114.807,0,0
2014-11-05,17:00:00,114.798,114.798,114.384,114.496,0,0
2014-11-05,18:00:00,114.501,114.659,114.482,114.624,0,0
2014-11-05,19:00:00,114.624,114.637,114.541,114.635,0,0
2014-11-05,20:00:00,114.635,114.725,114.627,114.715,0,0
2014-11-05,21:00:00,114.715,114.715,114.63,114.703,0,0
2014-11-05,22:00:00,114.703,114.759,114.684,114.755,0,0
2014-11-05,23:00:00,114.755,114.755,114.635,114.635,0,0
2014-11-05,23:59:00,114.633,114.741,114.598,114.718,0,0
2014-11-06,01:00:00,114.717,114.736,114.633,114.655,0,0
2014-11-06,02:00:00,114.654,114.732,114.576,114.607,0,0
2014-11-06,03:00:00,114.607,114.976,114.58,114.944,0,0
2014-11-06,04:00:00,114.946,115.116,114.684,115.095,0,0
2014-11-06,05:00:00,115.096,115.504,115.083,115.231,0,0
2014-11-06,06:00:00,115.231,115.237,114.33,114.385,0,0
2014-11-06,07:00:00,114.385,114.562,114.059,114.285,0,0
2014-11-06,08:00:00,114.278,114.586,114.225,114.384,0,0
2014-11-06,09:00:00,114.385,114.487,114.3,114.458,0,0
2014-11-06,10:00:00,114.455,114.683,114.453,114.6,0,0
2014-11-06,11:00:00,114.604,114.628,114.454,114.551,0,0
2014-11-06,12:00:00,114.555,114.66,114.482,114.598,0,0
2014-11-06,13:00:00,114.597,114.672,114.558,114.639,0,0
2014-11-06,14:00:00,114.639,114.665,114.555,114.582,0,0
2014-11-06,15:00:00,114.588,115.039,114.483,114.852,0,0
2014-11-06,16:00:00,114.85,114.964,114.521,114.533,0,0
2014-11-06,17:00:00,114.525,114.718,114.407,114.712,0,0
2014-11-06,18:00:00,114.714,114.947,114.692,114.873,0,0
2014-11-06,19:00:00,114.874,114.931,114.81,114.891,0,0
2014-11-06,20:00:00,114.891,114.998,114.847,114.911,0,0
2014-11-06,21:00:00,114.911,114.963,114.898,114.938,0,0
2014-11-06,22:00:00,114.939,115.181,114.898,115.163,0,0
2014-11-06,23:00:00,115.163,115.212,115.135,115.201,0,0
2014-11-06,23:59:00,115.204,115.278,115.197,115.214,0,0
2014-11-07,01:00:00,115.215,115.378,115.109,115.181,0,0
2014-11-07,02:00:00,115.179,115.243,115.066,115.138,0,0
2014-11-07,03:00:00,115.138,115.348,115.108,115.225,0,0
2014-11-07,04:00:00,115.223,115.258,115.143,115.242,0,0
2014-11-07,05:00:00,115.242,115.289,115.169,115.288,0,0
2014-11-07,06:00:00,115.288,115.452,115.225,115.44,0,0
2014-11-07,07:00:00,115.44,115.459,115.269,115.335,0,0
2014-11-07,08:00:00,115.351,115.457,115.26,115.37,0,0
2014-11-07,09:00:00,115.372,115.382,115.162,115.262,0,0
2014-11-07,10:00:00,115.263,115.27,115.129,115.19,0,0
2014-11-07,11:00:00,115.191,115.251,115.169,115.223,0,0
2014-11-07,12:00:00,115.223,115.236,115.123,115.143,0,0
2014-11-07,13:00:00,115.143,115.211,115.131,115.21,0,0
2014-11-07,14:00:00,115.21,115.333,115.176,115.315,0,0
2014-11-07,15:00:00,115.309,115.529,114.587,115.221,0,0
2014-11-07,16:00:00,115.221,115.235,114.498,114.633,0,0
2014-11-07,17:00:00,114.64,114.994,114.464,114.962,0,0
2014-11-07,18:00:00,114.962,114.97,114.695,114.73,0,0
2014-11-07,19:00:00,114.73,114.746,114.59,114.677,0,0
2014-11-07,20:00:00,114.675,114.701,114.251,114.366,0,0
2014-11-07,21:00:00,114.366,114.575,114.34,114.531,0,0
2014-11-07,22:00:00,114.533,114.606,114.363,114.606,0,0
2014-11-07,23:00:00,114.608,114.609,114.608,114.609,0,0
2014-11-10,01:00:00,114.489,114.554,114.423,114.529,0,0
2014-11-10,02:00:00,114.515,114.527,114.239,114.319,0,0
2014-11-10,03:00:00,114.318,114.476,114.318,114.364,0,0
2014-11-10,04:00:00,114.22,114.26,114.036,114.259,0,0
2014-11-10,05:00:00,114.259,114.264,114.128,114.226,0,0
2014-11-10,06:00:00,114.222,114.261,114.133,114.15,0,0
2014-11-10,07:00:00,114.15,114.196,113.966,114.127,0,0
2014-11-10,08:00:00,114.138,114.192,114.031,114.179,0,0
2014-11-10,09:00:00,114.156,114.258,113.864,113.986,0,0
2014-11-10,10:00:00,113.998,114.141,113.972,114.048,0,0
2014-11-10,11:00:00,114.045,114.127,113.937,114.011,0,0
2014-11-10,12:00:00,114.042,114.131,113.986,114.022,0,0
2014-11-10,13:00:00,114.022,114.251,114.005,114.203,0,0
2014-11-10,14:00:00,114.201,114.239,114.091,114.176,0,0
2014-11-10,15:00:00,114.169,114.387,114.154,114.294,0,0
2014-11-10,16:00:00,114.293,114.683,114.291,114.661,0,0
2014-11-10,17:00:00,114.662,114.792,114.626,114.64,0,0
2014-11-10,18:00:00,114.64,114.809,114.618,114.79,0,0
2014-11-10,19:00:00,114.778,114.81,114.699,114.725,0,0
2014-11-10,20:00:00,114.736,114.82,114.725,114.741,0,0
2014-11-10,21:00:00,114.739,114.902,114.731,114.898,0,0
2014-11-10,22:00:00,114.899,114.902,114.824,114.836,0,0
2014-11-10,23:00:00,114.836,114.887,114.728,114.852,0,0
2014-11-10,23:59:00,114.849,114.849,114.794,114.832,0,0
2014-11-11,01:00:00,114.825,114.842,114.711,114.793,0,0
2014-11-11,02:00:00,114.776,114.994,114.741,114.755,0,0
2014-11-11,03:00:00,114.746,114.784,114.638,114.726,0,0
2014-11-11,04:00:00,114.726,114.796,114.712,114.741,0,0
2014-11-11,05:00:00,114.739,114.979,114.724,114.976,0,0
2014-11-11,06:00:00,114.976,115.302,114.937,115.267,0,0
2014-11-11,07:00:00,115.261,115.345,115.148,115.16,0,0
2014-11-11,08:00:00,115.159,115.447,115.133,115.424,0,0
2014-11-11,09:00:00,115.39,115.854,115.335,115.788,0,0
2014-11-11,10:00:00,115.788,115.999,115.716,115.791,0,0
2014-11-11,11:00:00,115.793,116.098,115.732,115.958,0,0
2014-11-11,12:00:00,115.922,116.054,115.882,115.98,0,0
2014-11-11,13:00:00,115.98,115.991,115.732,115.938,0,0
2014-11-11,14:00:00,115.912,115.935,115.832,115.878,0,0
2014-11-11,15:00:00,115.879,115.89,115.565,115.753,0,0
2014-11-11,16:00:00,115.734,115.783,115.583,115.683,0,0
2014-11-11,17:00:00,115.697,115.876,115.691,115.806,0,0
2014-11-11,18:00:00,115.805,115.824,115.469,115.576,0,0
2014-11-11,19:00:00,115.575,115.839,115.496,115.709,0,0
2014-11-11,20:00:00,115.703,115.732,115.467,115.495,0,0
2014-11-11,21:00:00,115.496,115.496,115.056,115.388,0,0
2014-11-11,22:00:00,115.379,115.478,115.298,115.475,0,0
2014-11-11,23:00:00,115.469,115.836,115.416,115.763,0,0
2014-11-11,23:59:00,115.761,115.994,115.716,115.839,0,0
2014-11-12,01:00:00,115.821,115.88,115.692,115.729,0,0
2014-11-12,02:00:00,115.738,115.874,115.597,115.804,0,0
2014-11-12,03:00:00,115.778,115.832,115.581,115.68,0,0
2014-11-12,04:00:00,115.68,115.749,115.241,115.468,0,0
2014-11-12,05:00:00,115.455,115.746,115.415,115.746,0,0
2014-11-12,06:00:00,115.739,115.87,115.554,115.605,0,0
2014-11-12,07:00:00,115.606,115.698,115.244,115.317,0,0
2014-11-12,08:00:00,115.317,115.45,115.107,115.433,0,0
2014-11-12,09:00:00,115.43,115.464,115.188,115.205,0,0
2014-11-12,10:00:00,115.251,115.422,115.21,115.242,0,0
2014-11-12,11:00:00,115.266,115.439,115.227,115.27,0,0
2014-11-12,12:00:00,115.27,115.347,115.207,115.241,0,0
2014-11-12,13:00:00,115.26,115.294,115.074,115.26,0,0
2014-11-12,14:00:00,115.266,115.374,115.183,115.263,0,0
2014-11-12,15:00:00,115.214,115.229,114.88,115.18,0,0
2014-11-12,16:00:00,115.178,115.295,115.115,115.213,0,0
2014-11-12,17:00:00,115.214,115.228,115,115.146,0,0
2014-11-12,18:00:00,115.139,115.43,115.095,115.42,0,0
2014-11-12,19:00:00,115.398,115.537,115.363,115.441,0,0
2014-11-12,20:00:00,115.44,115.69,115.38,115.666,0,0
2014-11-12,21:00:00,115.666,115.733,115.501,115.545,0,0
2014-11-12,22:00:00,115.549,115.62,115.505,115.615,0,0
2014-11-12,23:00:00,115.592,115.604,115.433,115.444,0,0
2014-11-12,23:59:00,115.506,115.574,115.459,115.57,0,0
2014-11-13,01:00:00,115.574,115.636,115.485,115.588,0,0
2014-11-13,02:00:00,115.588,115.646,115.425,115.539,0,0
2014-11-13,03:00:00,115.539,115.653,115.479,115.566,0,0
2014-11-13,04:00:00,115.566,115.639,115.502,115.566,0,0
2014-11-13,05:00:00,115.569,115.867,115.551,115.707,0,0
2014-11-13,06:00:00,115.707,115.777,115.653,115.679,0,0
2014-11-13,07:00:00,115.673,115.774,115.669,115.732,0,0
2014-11-13,08:00:00,115.732,115.846,115.694,115.787,0,0
2014-11-13,09:00:00,115.787,115.868,115.743,115.778,0,0
2014-11-13,10:00:00,115.778,115.783,115.502,115.53,0,0
2014-11-13,11:00:00,115.489,115.596,115.405,115.524,0,0
2014-11-13,12:00:00,115.524,115.567,115.428,115.52,0,0
2014-11-13,13:00:00,115.522,115.669,115.507,115.659,0,0
2014-11-13,14:00:00,115.664,115.677,115.505,115.561,0,0
2014-11-13,15:00:00,115.557,115.573,115.374,115.499,0,0
2014-11-13,16:00:00,115.499,115.65,115.386,115.646,0,0
2014-11-13,17:00:00,115.641,115.805,115.579,115.784,0,0
2014-11-13,18:00:00,115.784,115.787,115.53,115.616,0,0
2014-11-13,19:00:00,115.629,115.803,115.619,115.75,0,0
2014-11-13,20:00:00,115.748,115.815,115.551,115.691,0,0
2014-11-13,21:00:00,115.689,115.742,115.598,115.678,0,0
2014-11-13,22:00:00,115.705,115.787,115.678,115.77,0,0
2014-11-13,23:00:00,115.771,115.856,115.732,115.764,0,0
2014-11-13,23:59:00,115.765,115.817,115.737,115.759,0,0
2014-11-14,01:00:00,115.758,115.867,115.737,115.825,0,0
2014-11-14,02:00:00,115.824,116.192,115.757,116.139,0,0
2014-11-14,03:00:00,116.139,116.139,115.724,115.836,0,0
2014-11-14,04:00:00,115.836,116.043,115.829,116.038,0,0
2014-11-14,05:00:00,116.038,116.143,115.971,116.034,0,0
2014-11-14,06:00:00,116.04,116.069,115.87,116.04,0,0
2014-11-14,07:00:00,116.064,116.282,116.014,116.262,0,0
2014-11-14,08:00:00,116.264,116.289,116.154,116.164,0,0
2014-11-14,09:00:00,116.125,116.379,116.125,116.303,0,0
2014-11-14,10:00:00,116.272,116.349,116.187,116.287,0,0
2014-11-14,11:00:00,116.287,116.394,116.281,116.341,0,0
2014-11-14,12:00:00,116.341,116.381,116.313,116.344,0,0
2014-11-14,13:00:00,116.344,116.487,116.343,116.446,0,0
2014-11-14,14:00:00,116.446,116.46,116.339,116.454,0,0
2014-11-14,15:00:00,116.457,116.82,116.438,116.692,0,0
2014-11-14,16:00:00,116.693,116.783,116.554,116.619,0,0
2014-11-14,17:00:00,116.464,116.56,116.261,116.524,0,0
2014-11-14,18:00:00,116.463,116.651,116.45,116.489,0,0
2014-11-14,19:00:00,116.525,116.529,116.107,116.289,0,0
2014-11-14,20:00:00,116.331,116.333,116.202,116.221,0,0
2014-11-14,21:00:00,116.213,116.259,116.08,116.239,0,0
2014-11-14,22:00:00,116.236,116.338,116.23,116.274,0,0
2014-11-14,23:00:00,116.278,116.278,116.278,116.278,0,0
2014-11-17,01:00:00,116.592,117.047,116.54,116.877,0,0
2014-11-17,02:00:00,116.875,116.875,116.232,116.411,0,0
2014-11-17,03:00:00,116.411,116.411,115.934,116.086,0,0
2014-11-17,04:00:00,116.034,116.074,115.454,115.779,0,0
2014-11-17,05:00:00,115.775,115.92,115.661,115.892,0,0
2014-11-17,06:00:00,115.901,115.901,115.73,115.794,0,0
2014-11-17,07:00:00,115.793,115.801,115.482,115.604,0,0
2014-11-17,08:00:00,115.631,115.754,115.56,115.655,0,0
2014-11-17,09:00:00,115.644,115.988,115.64,115.949,0,0
2014-11-17,10:00:00,115.947,116.172,115.938,116.077,0,0
2014-11-17,11:00:00,116.077,116.146,115.823,116.035,0,0
2014-11-17,12:00:00,116.077,116.325,116.061,116.247,0,0
2014-11-17,13:00:00,116.262,116.36,116.16,116.318,0,0
2014-11-17,14:00:00,116.318,116.341,116.192,116.25,0,0
2014-11-17,15:00:00,116.26,116.313,116.085,116.246,0,0
2014-11-17,16:00:00,116.243,116.528,116.205,116.475,0,0
2014-11-17,17:00:00,116.488,116.543,116.397,116.461,0,0
2014-11-17,18:00:00,116.446,116.454,116.288,116.446,0,0
2014-11-17,19:00:00,116.446,116.518,116.41,116.487,0,0
2014-11-17,20:00:00,116.49,116.518,116.417,116.464,0,0
2014-11-17,21:00:00,116.471,116.489,116.451,116.466,0,0
2014-11-17,22:00:00,116.473,116.524,116.401,116.437,0,0
2014-11-17,23:00:00,116.448,116.647,116.448,116.643,0,0
2014-11-17,23:59:00,116.58,116.698,116.576,116.652,0,0
2014-11-18,01:00:00,116.647,116.779,116.624,116.629,0,0
2014-11-18,02:00:00,116.624,116.747,116.507,116.56,0,0
2014-11-18,03:00:00,116.566,116.668,116.483,116.57,0,0
2014-11-18,04:00:00,116.57,116.57,116.429,116.5,0,0
2014-11-18,05:00:00,116.503,116.644,116.492,116.616,0,0
2014-11-18,06:00:00,116.61,116.649,116.53,116.576,0,0
2014-11-18,07:00:00,116.582,116.636,116.559,116.596,0,0
2014-11-18,08:00:00,116.596,116.707,116.593,116.669,0,0
2014-11-18,09:00:00,116.669,116.691,116.575,116.689,0,0
2014-11-18,10:00:00,116.689,116.757,116.61,116.664,0,0
2014-11-18,11:00:00,116.664,116.98,116.664,116.91,0,0
2014-11-18,12:00:00,116.977,117.036,116.386,116.721,0,0
2014-11-18,13:00:00,116.721,116.748,116.605,116.676,0,0
2014-11-18,14:00:00,116.672,116.71,116.605,116.636,0,0
2014-11-18,15:00:00,116.636,116.647,116.336,116.457,0,0
2014-11-18,16:00:00,116.455,116.69,116.447,116.589,0,0
2014-11-18,17:00:00,116.593,116.682,116.593,116.67,0,0
2014-11-18,18:00:00,116.627,116.786,116.6,116.763,0,0
2014-11-18,19:00:00,116.762,116.8,116.673,116.786,0,0
2014-11-18,20:00:00,116.788,116.838,116.755,116.786,0,0
2014-11-18,21:00:00,116.786,116.9,116.736,116.861,0,0
2014-11-18,22:00:00,116.882,116.994,116.863,116.919,0,0
2014-11-18,23:00:00,116.92,116.928,116.793,116.845,0,0
2014-11-18,23:59:00,116.857,116.965,116.83,116.911,0,0
2014-11-19,01:00:00,116.911,116.918,116.836,116.874,0,0
2014-11-19,02:00:00,116.875,117.209,116.811,116.977,0,0
2014-11-19,03:00:00,116.979,117.161,116.911,117.117,0,0
2014-11-19,04:00:00,117.117,117.16,117.078,117.122,0,0
2014-11-19,05:00:00,117.133,117.3,117.108,117.214,0,0
2014-11-19,06:00:00,117.214,117.396,117.214,117.352,0,0
2014-11-19,07:00:00,117.334,117.363,117.255,117.285,0,0
2014-11-19,08:00:00,117.285,117.378,117.222,117.249,0,0
2014-11-19,09:00:00,117.286,117.435,117.25,117.363,0,0
2014-11-19,10:00:00,117.363,117.4,117.282,117.396,0,0
2014-11-19,11:00:00,117.428,117.573,117.388,117.524,0,0
2014-11-19,12:00:00,117.524,117.644,117.513,117.527,0,0
2014-11-19,13:00:00,117.527,117.636,117.479,117.619,0,0
2014-11-19,14:00:00,117.619,117.639,117.576,117.618,0,0
2014-11-19,15:00:00,117.616,117.673,117.495,117.56,0,0
2014-11-19,16:00:00,117.564,117.708,117.553,117.664,0,0
2014-11-19,17:00:00,117.663,117.773,117.648,117.698,0,0
2014-11-19,18:00:00,117.692,117.738,117.619,117.699,0,0
2014-11-19,19:00:00,117.699,117.763,117.657,117.742,0,0
2014-11-19,20:00:00,117.742,117.772,117.691,117.691,0,0
2014-11-19,21:00:00,117.691,118.006,117.401,117.876,0,0
2014-11-19,22:00:00,117.876,118.041,117.874,117.987,0,0
2014-11-19,23:00:00,117.985,118.019,117.927,117.956,0,0
2014-11-19,23:59:00,117.898,118.188,117.878,118.17,0,0
2014-11-20,01:00:00,118.148,118.266,118.118,118.127,0,0
2014-11-20,02:00:00,118.125,118.189,117.986,118.153,0,0
2014-11-20,03:00:00,118.152,118.236,118.117,118.139,0,0
2014-11-20,04:00:00,118.154,118.191,118.074,118.148,0,0
2014-11-20,05:00:00,118.15,118.363,118.135,118.352,0,0
2014-11-20,06:00:00,118.351,118.524,118.33,118.472,0,0
2014-11-20,07:00:00,118.476,118.697,118.471,118.646,0,0
2014-11-20,08:00:00,118.624,118.674,118.485,118.612,0,0
2014-11-20,09:00:00,118.613,118.968,118.538,118.579,0,0
2014-11-20,10:00:00,118.58,118.642,118.297,118.608,0,0
2014-11-20,11:00:00,118.604,118.709,118.379,118.466,0,0
2014-11-20,12:00:00,118.468,118.497,118.26,118.263,0,0
2014-11-20,13:00:00,118.243,118.271,117.96,118.141,0,0
2014-11-20,14:00:00,118.14,118.28,118.059,118.173,0,0
2014-11-20,15:00:00,118.174,118.404,117.843,118.039,0,0
2014-11-20,16:00:00,117.983,118.051,117.742,118.022,0,0
2014-11-20,17:00:00,118.002,118.304,117.897,118.139,0,0
2014-11-20,18:00:00,118.12,118.224,118.006,118.16,0,0
2014-11-20,19:00:00,118.151,118.151,118.06,118.088,0,0
2014-11-20,20:00:00,118.088,118.125,117.818,117.912,0,0
2014-11-20,21:00:00,117.912,118.068,117.9,117.949,0,0
2014-11-20,22:00:00,117.926,118.036,117.926,118.012,0,0
2014-11-20,23:00:00,118.003,118.233,118.001,118.202,0,0
2014-11-20,23:59:00,118.2,118.269,118.124,118.245,0,0
2014-11-21,01:00:00,118.25,118.361,118.239,118.244,0,0
2014-11-21,02:00:00,118.242,118.259,117.958,118.119,0,0
2014-11-21,03:00:00,118.119,118.12,117.444,117.541,0,0
2014-11-21,04:00:00,117.554,117.72,117.352,117.678,0,0
2014-11-21,05:00:00,117.678,117.868,117.585,117.637,0,0
2014-11-21,06:00:00,117.638,117.836,117.506,117.799,0,0
2014-11-21,07:00:00,117.806,117.95,117.721,117.87,0,0
2014-11-21,08:00:00,117.868,117.981,117.714,117.798,0,0
2014-11-21,09:00:00,117.8,117.861,117.557,117.57,0,0
2014-11-21,10:00:00,117.538,117.981,117.538,117.974,0,0
2014-11-21,11:00:00,117.967,118.044,117.594,117.776,0,0
2014-11-21,12:00:00,117.747,117.954,117.645,117.926,0,0
2014-11-21,13:00:00,117.937,118.085,117.764,118.02,0,0
2014-11-21,14:00:00,117.997,118.04,117.774,117.981,0,0
2014-11-21,15:00:00,117.968,118.043,117.82,117.973,0,0
2014-11-21,16:00:00,117.89,117.975,117.719,117.797,0,0
2014-11-21,17:00:00,117.81,117.935,117.37,117.557,0,0
2014-11-21,18:00:00,117.555,117.73,117.379,117.72,0,0
2014-11-21,19:00:00,117.72,117.784,117.691,117.759,0,0
2014-11-21,20:00:00,117.757,117.938,117.742,117.796,0,0
2014-11-21,21:00:00,117.795,117.825,117.687,117.759,0,0
2014-11-21,22:00:00,117.758,117.771,117.692,117.703,0,0
2014-11-21,23:00:00,117.703,117.706,117.701,117.705,0,0
2014-11-24,01:00:00,117.851,117.925,117.717,117.766,0,0
2014-11-24,02:00:00,117.766,117.771,117.562,117.648,0,0
2014-11-24,03:00:00,117.65,117.745,117.62,117.682,0,0
2014-11-24,04:00:00,117.692,117.787,117.675,117.769,0,0
2014-11-24,05:00:00,117.763,117.861,117.704,117.852,0,0
2014-11-24,06:00:00,117.852,117.923,117.802,117.885,0,0
2014-11-24,07:00:00,117.885,117.955,117.843,117.951,0,0
2014-11-24,08:00:00,117.951,117.983,117.787,117.811,0,0
2014-11-24,09:00:00,117.813,117.922,117.812,117.896,0,0
2014-11-24,10:00:00,117.895,118.277,117.823,118.21,0,0
2014-11-24,11:00:00,118.23,118.359,118.122,118.178,0,0
2014-11-24,12:00:00,118.194,118.265,118.194,118.23,0,0
2014-11-24,13:00:00,118.227,118.264,118.165,118.245,0,0
2014-11-24,14:00:00,118.245,118.293,118.191,118.271,0,0
2014-11-24,15:00:00,118.271,118.334,118.176,118.276,0,0
2014-11-24,16:00:00,118.273,118.46,118.235,118.384,0,0
2014-11-24,17:00:00,118.394,118.455,118.321,118.367,0,0
2014-11-24,18:00:00,118.376,118.408,118.23,118.376,0,0
2014-11-24,19:00:00,118.376,118.426,118.355,118.388,0,0
2014-11-24,20:00:00,118.388,118.402,118.285,118.301,0,0
2014-11-24,21:00:00,118.302,118.356,118.231,118.272,0,0
2014-11-24,22:00:00,118.278,118.278,118.203,118.236,0,0
2014-11-24,23:00:00,118.241,118.262,118.222,118.255,0,0
2014-11-24,23:59:00,118.254,118.346,118.245,118.298,0,0
2014-11-25,01:00:00,118.263,118.558,118.261,118.438,0,0
2014-11-25,02:00:00,118.438,118.438,118.05,118.112,0,0
2014-11-25,03:00:00,118.096,118.122,117.773,118.086,0,0
2014-11-25,04:00:00,118.093,118.15,117.963,117.997,0,0
2014-11-25,05:00:00,118.004,118.008,117.818,117.838,0,0
2014-11-25,06:00:00,117.841,118.037,117.825,117.939,0,0
2014-11-25,07:00:00,117.941,117.941,117.813,117.834,0,0
2014-11-25,08:00:00,117.84,117.956,117.826,117.856,0,0
2014-11-25,09:00:00,117.857,118.042,117.675,117.931,0,0
2014-11-25,10:00:00,117.924,118.049,117.884,118.004,0,0
2014-11-25,11:00:00,118.004,118.175,118.004,118.123,0,0
2014-11-25,12:00:00,118.13,118.183,118.088,118.159,0,0
2014-11-25,13:00:00,118.16,118.16,117.99,118.014,0,0
2014-11-25,14:00:00,118.015,118.104,117.904,118.034,0,0
2014-11-25,15:00:00,118.033,118.266,117.979,118.152,0,0
2014-11-25,16:00:00,118.151,118.171,117.826,117.967,0,0
2014-11-25,17:00:00,117.83,118.06,117.796,117.842,0,0
2014-11-25,18:00:00,117.837,117.972,117.8,117.972,0,0
2014-11-25,19:00:00,117.98,118.01,117.924,117.925,0,0
2014-11-25,20:00:00,117.911,117.925,117.755,117.756,0,0
2014-11-25,21:00:00,117.75,117.937,117.706,117.901,0,0
2014-11-25,22:00:00,117.902,117.952,117.891,117.937,0,0
2014-11-25,23:00:00,117.935,117.979,117.932,117.955,0,0
2014-11-25,23:59:00,117.955,117.97,117.855,117.885,0,0
2014-11-26,01:00:00,117.897,117.91,117.776,117.787,0,0
2014-11-26,02:00:00,117.788,117.854,117.727,117.81,0,0
2014-11-26,03:00:00,117.806,117.813,117.644,117.744,0,0
2014-11-26,04:00:00,117.744,117.858,117.718,117.79,0,0
2014-11-26,05:00:00,117.788,117.849,117.742,117.836,0,0
2014-11-26,06:00:00,117.836,117.839,117.784,117.807,0,0
2014-11-26,07:00:00,117.8,117.846,117.738,117.76,0,0
2014-11-26,08:00:00,117.76,117.784,117.656,117.745,0,0
2014-11-26,09:00:00,117.746,117.758,117.572,117.726,0,0
2014-11-26,10:00:00,117.725,117.884,117.657,117.83,0,0
2014-11-26,11:00:00,117.825,117.876,117.725,117.789,0,0
2014-11-26,12:00:00,117.789,117.827,117.694,117.742,0,0
2014-11-26,13:00:00,117.739,117.798,117.693,117.744,0,0
2014-11-26,14:00:00,117.732,117.768,117.653,117.677,0,0
2014-11-26,15:00:00,117.686,117.801,117.586,117.707,0,0
2014-11-26,16:00:00,117.706,117.742,117.542,117.611,0,0
2014-11-26,17:00:00,117.621,117.621,117.423,117.522,0,0
2014-11-26,18:00:00,117.524,117.619,117.507,117.579,0,0
2014-11-26,19:00:00,117.58,117.67,117.568,117.647,0,0
2014-11-26,20:00:00,117.651,117.818,117.622,117.773,0,0
2014-11-26,21:00:00,117.771,117.788,117.685,117.691,0,0
2014-11-26,22:00:00,117.697,117.737,117.688,117.698,0,0
2014-11-26,23:00:00,117.71,117.736,117.668,117.729,0,0
2014-11-26,23:59:00,117.716,117.741,117.54,117.56,0,0
2014-11-27,01:00:00,117.582,117.659,117.575,117.602,0,0
2014-11-27,02:00:00,117.603,117.668,117.479,117.506,0,0
2014-11-27,03:00:00,117.507,117.575,117.491,117.535,0,0
2014-11-27,04:00:00,117.536,117.592,117.486,117.529,0,0
2014-11-27,05:00:00,117.515,117.541,117.3,117.338,0,0
2014-11-27,06:00:00,117.356,117.433,117.253,117.288,0,0
2014-11-27,07:00:00,117.288,117.379,117.288,117.304,0,0
2014-11-27,08:00:00,117.304,117.418,117.245,117.406,0,0
2014-11-27,09:00:00,117.406,117.407,117.221,117.323,0,0
2014-11-27,10:00:00,117.323,117.472,117.313,117.453,0,0
2014-11-27,11:00:00,117.447,117.543,117.399,117.445,0,0
2014-11-27,12:00:00,117.448,117.525,117.447,117.492,0,0
2014-11-27,13:00:00,117.492,117.516,117.441,117.465,0,0
2014-11-27,14:00:00,117.46,117.483,117.407,117.483,0,0
2014-11-27,15:00:00,117.484,117.563,117.482,117.507,0,0
2014-11-27,16:00:00,117.507,117.652,117.505,117.649,0,0
2014-11-27,17:00:00,117.658,117.813,117.61,117.796,0,0
2014-11-27,18:00:00,117.808,117.864,117.694,117.694,0,0
2014-11-27,19:00:00,117.701,117.806,117.687,117.746,0,0
2014-11-27,20:00:00,117.74,117.775,117.686,117.741,0,0
2014-11-27,21:00:00,117.741,117.809,117.735,117.783,0,0
2014-11-27,22:00:00,117.783,117.787,117.68,117.7,0,0
2014-11-27,23:00:00,117.699,117.755,117.683,117.687,0,0
2014-11-27,23:59:00,117.715,117.974,117.703,117.863,0,0
2014-11-28,01:00:00,117.864,117.942,117.816,117.87,0,0
2014-11-28,02:00:00,117.859,118.223,117.839,118.216,0,0
2014-11-28,03:00:00,118.217,118.254,118.116,118.137,0,0
2014-11-28,04:00:00,118.141,118.204,118.116,118.202,0,0
2014-11-28,05:00:00,118.213,118.304,118.173,118.291,0,0
2014-11-28,06:00:00,118.282,118.315,118.258,118.268,0,0
2014-11-28,07:00:00,118.268,118.277,118.183,118.194,0,0
2014-11-28,08:00:00,118.193,118.213,118.058,118.104,0,0
2014-11-28,09:00:00,118.102,118.232,118.063,118.212,0,0
2014-11-28,10:00:00,118.215,118.238,118.113,118.126,0,0
2014-11-28,11:00:00,118.126,118.192,118.07,118.119,0,0
2014-11-28,12:00:00,118.123,118.187,118.085,118.185,0,0
2014-11-28,13:00:00,118.187,118.258,118.153,118.217,0,0
2014-11-28,14:00:00,118.218,118.287,118.173,118.247,0,0
2014-11-28,15:00:00,118.247,118.421,118.226,118.418,0,0
2014-11-28,16:00:00,118.415,118.468,118.358,118.466,0,0
2014-11-28,17:00:00,118.461,118.672,118.408,118.671,0,0
2014-11-28,18:00:00,118.666,118.727,118.635,118.692,0,0
2014-11-28,19:00:00,118.687,118.743,118.646,118.699,0,0
2014-11-28,20:00:00,118.693,118.709,118.587,118.654,0,0
2014-11-28,21:00:00,118.655,118.753,118.636,118.736,0,0
2014-11-28,22:00:00,118.735,118.753,118.644,118.644,0,0
2014-11-28,23:00:00,118.644,118.663,118.644,118.663,0,0
2014-12-01,01:00:00,118.815,118.903,118.738,118.837,0,0
2014-12-01,02:00:00,118.831,118.932,118.784,118.895,0,0
2014-12-01,03:00:00,118.895,119.007,118.813,118.835,0,0
2014-12-01,04:00:00,118.837,118.942,118.772,118.869,0,0
2014-12-01,05:00:00,118.871,118.926,118.831,118.922,0,0
2014-12-01,06:00:00,118.916,118.921,118.832,118.86,0,0
2014-12-01,07:00:00,118.863,118.887,118.805,118.866,0,0
2014-12-01,08:00:00,118.873,118.927,118.832,118.842,0,0
2014-12-01,09:00:00,118.843,118.886,118.536,118.718,0,0
2014-12-01,10:00:00,118.718,119.114,118.194,118.41,0,0
2014-12-01,11:00:00,118.421,118.436,118.068,118.288,0,0
2014-12-01,12:00:00,118.3,118.467,118.241,118.454,0,0
2014-12-01,13:00:00,118.457,118.508,118.385,118.446,0,0
2014-12-01,14:00:00,118.451,118.498,118.326,118.351,0,0
2014-12-01,15:00:00,118.35,118.414,118.2,118.271,0,0
2014-12-01,16:00:00,118.269,118.274,117.865,117.881,0,0
2014-12-01,17:00:00,117.91,118.311,117.851,118.303,0,0
2014-12-01,18:00:00,118.293,118.359,118.122,118.125,0,0
2014-12-01,19:00:00,118.131,118.228,118.017,118.219,0,0
2014-12-01,20:00:00,118.218,118.285,118.131,118.274,0,0
2014-12-01,21:00:00,118.275,118.296,118.215,118.256,0,0
2014-12-01,22:00:00,118.258,118.353,118.258,118.304,0,0
2014-12-01,23:00:00,118.313,118.391,118.286,118.38,0,0
2014-12-01,23:59:00,118.375,118.375,118.247,118.255,0,0
2014-12-02,01:00:00,118.271,118.335,118.236,118.299,0,0
2014-12-02,02:00:00,118.3,118.366,118.205,118.331,0,0
2014-12-02,03:00:00,118.338,118.448,118.299,118.382,0,0
2014-12-02,04:00:00,118.383,118.47,118.357,118.427,0,0
2014-12-02,05:00:00,118.427,118.479,118.383,118.398,0,0
2014-12-02,06:00:00,118.397,118.454,118.325,118.437,0,0
2014-12-02,07:00:00,118.442,118.495,118.424,118.425,0,0
2014-12-02,08:00:00,118.427,118.576,118.364,118.562,0,0
2014-12-02,09:00:00,118.554,118.811,118.554,118.805,0,0
2014-12-02,10:00:00,118.799,118.91,118.739,118.766,0,0
2014-12-02,11:00:00,118.767,118.93,118.754,118.914,0,0
2014-12-02,12:00:00,118.915,118.98,118.812,118.82,0,0
2014-12-02,13:00:00,118.824,118.97,118.82,118.954,0,0
2014-12-02,14:00:00,118.95,119.194,118.862,119.155,0,0
2014-12-02,15:00:00,119.153,119.258,119.093,119.099,0,0
2014-12-02,16:00:00,119.089,119.266,119.029,119.23,0,0
2014-12-02,17:00:00,119.228,119.266,119.069,119.106,0,0
2014-12-02,18:00:00,119.108,119.176,119.075,119.098,0,0
2014-12-02,19:00:00,119.085,119.229,119.063,119.205,0,0
2014-12-02,20:00:00,119.206,119.242,119.135,119.226,0,0
2014-12-02,21:00:00,119.225,119.232,119.183,119.223,0,0
2014-12-02,22:00:00,119.222,119.261,119.173,119.216,0,0
2014-12-02,23:00:00,119.211,119.243,119.181,119.194,0,0
2014-12-02,23:59:00,119.194,119.244,119.192,119.203,0,0
2014-12-03,01:00:00,119.202,119.233,119.143,119.176,0,0
2014-12-03,02:00:00,119.173,119.318,119.125,119.262,0,0
2014-12-03,03:00:00,119.262,119.416,119.257,119.314,0,0
2014-12-03,04:00:00,119.313,119.383,119.299,119.371,0,0
2014-12-03,05:00:00,119.363,119.377,119.304,119.332,0,0
2014-12-03,06:00:00,119.332,119.353,119.142,119.204,0,0
2014-12-03,07:00:00,119.206,119.227,119.115,119.15,0,0
2014-12-03,08:00:00,119.18,119.325,119.15,119.255,0,0
2014-12-03,09:00:00,119.258,119.321,119.171,119.204,0,0
2014-12-03,10:00:00,119.21,119.354,119.194,119.239,0,0
2014-12-03,11:00:00,119.246,119.417,119.238,119.408,0,0
2014-12-03,12:00:00,119.398,119.457,119.334,119.35,0,0
2014-12-03,13:00:00,119.342,119.45,119.339,119.427,0,0
2014-12-03,14:00:00,119.429,119.436,119.367,119.368,0,0
2014-12-03,15:00:00,119.369,119.404,119.224,119.351,0,0
2014-12-03,16:00:00,119.347,119.711,119.289,119.684,0,0
2014-12-03,17:00:00,119.695,119.75,119.615,119.634,0,0
2014-12-03,18:00:00,119.616,119.801,119.582,119.801,0,0
2014-12-03,19:00:00,119.802,119.823,119.731,119.801,0,0
2014-12-03,20:00:00,119.801,119.826,119.758,119.825,0,0
2014-12-03,21:00:00,119.824,119.844,119.751,119.805,0,0
2014-12-03,22:00:00,119.804,119.84,119.754,119.784,0,0
2014-12-03,23:00:00,119.786,119.823,119.756,119.775,0,0
2014-12-03,23:59:00,119.771,119.824,119.739,119.812,0,0
2014-12-04,01:00:00,119.813,119.861,119.78,119.846,0,0
2014-12-04,02:00:00,119.842,119.882,119.729,119.828,0,0
2014-12-04,03:00:00,119.826,119.837,119.738,119.8,0,0
2014-12-04,04:00:00,119.8,119.913,119.792,119.889,0,0
2014-12-04,05:00:00,119.892,119.92,119.873,119.896,0,0
2014-12-04,06:00:00,119.897,119.929,119.878,119.878,0,0
2014-12-04,07:00:00,119.877,119.909,119.828,119.903,0,0
2014-12-04,08:00:00,119.884,119.903,119.837,119.893,0,0
2014-12-04,09:00:00,119.894,119.951,119.831,119.879,0,0
2014-12-04,10:00:00,119.879,119.922,119.809,119.881,0,0
2014-12-04,11:00:00,119.88,119.958,119.855,119.906,0,0
2014-12-04,12:00:00,119.906,119.939,119.88,119.913,0,0
2014-12-04,13:00:00,119.912,119.934,119.895,119.913,0,0
2014-12-04,14:00:00,119.912,119.943,119.887,119.908,0,0
2014-12-04,15:00:00,119.903,119.925,119.648,119.715,0,0
2014-12-04,16:00:00,119.708,120.142,119.658,119.758,0,0
2014-12-04,17:00:00,119.761,120.227,119.689,119.695,0,0
2014-12-04,18:00:00,119.702,119.728,119.323,119.645,0,0
2014-12-04,19:00:00,119.653,119.812,119.629,119.786,0,0
2014-12-04,20:00:00,119.786,119.885,119.729,119.841,0,0
2014-12-04,21:00:00,119.83,119.844,119.77,119.772,0,0
2014-12-04,22:00:00,119.764,119.767,119.653,119.767,0,0
2014-12-04,23:00:00,119.766,119.778,119.717,119.767,0,0
2014-12-04,23:59:00,119.766,119.821,119.757,119.808,0,0
2014-12-05,01:00:00,119.807,119.837,119.764,119.788,0,0
2014-12-05,02:00:00,119.784,119.833,119.687,119.819,0,0
2014-12-05,03:00:00,119.821,119.914,119.799,119.914,0,0
2014-12-05,04:00:00,119.915,119.926,119.854,119.859,0,0
2014-12-05,05:00:00,119.86,119.903,119.857,119.903,0,0
2014-12-05,06:00:00,119.903,120.08,119.901,120.047,0,0
2014-12-05,07:00:00,120.049,120.058,119.97,119.984,0,0
2014-12-05,08:00:00,119.988,120.088,119.988,120.084,0,0
2014-12-05,09:00:00,120.085,120.16,120.039,120.146,0,0
2014-12-05,10:00:00,120.149,120.302,120.094,120.234,0,0
2014-12-05,11:00:00,120.239,120.359,120.239,120.324,0,0
2014-12-05,12:00:00,120.323,120.426,120.323,120.372,0,0
2014-12-05,13:00:00,120.372,120.667,120.357,120.637,0,0
2014-12-05,14:00:00,120.636,120.665,120.508,120.516,0,0
2014-12-05,15:00:00,120.519,121.36,120.151,121.154,0,0
2014-12-05,16:00:00,121.164,121.657,120.969,121.643,0,0
2014-12-05,17:00:00,121.641,121.665,121.389,121.389,0,0
2014-12-05,18:00:00,121.389,121.496,121.266,121.365,0,0
2014-12-05,19:00:00,121.366,121.514,121.354,121.511,0,0
2014-12-05,20:00:00,121.512,121.546,121.427,121.439,0,0
2014-12-05,21:00:00,121.439,121.473,121.307,121.386,0,0
2014-12-05,22:00:00,121.386,121.44,121.348,121.429,0,0
2014-12-05,23:00:00,121.411,121.411,121.383,121.398,0,0
2014-12-08,01:00:00,121.789,121.796,121.542,121.596,0,0
2014-12-08,02:00:00,121.593,121.675,121.438,121.497,0,0
2014-12-08,03:00:00,121.502,121.545,121.326,121.513,0,0
2014-12-08,04:00:00,121.512,121.593,121.469,121.59,0,0
2014-12-08,05:00:00,121.592,121.592,121.52,121.542,0,0
2014-12-08,06:00:00,121.534,121.546,121.471,121.526,0,0
2014-12-08,07:00:00,121.516,121.533,121.48,121.486,0,0
2014-12-08,08:00:00,121.495,121.496,121.237,121.335,0,0
2014-12-08,09:00:00,121.331,121.457,121.29,121.338,0,0
2014-12-08,10:00:00,121.338,121.338,121.153,121.231,0,0
2014-12-08,11:00:00,121.236,121.251,121.008,121.113,0,0
2014-12-08,12:00:00,121.112,121.236,121.094,121.188,0,0
2014-12-08,13:00:00,121.188,121.188,120.978,121.064,0,0
2014-12-08,14:00:00,121.063,121.121,120.908,121.091,0,0
2014-12-08,15:00:00,121.089,121.104,120.749,120.796,0,0
2014-12-08,16:00:00,120.79,121.062,120.654,120.944,0,0
2014-12-08,17:00:00,120.944,120.977,120.732,120.887,0,0
2014-12-08,18:00:00,120.903,120.926,120.753,120.876,0,0
2014-12-08,19:00:00,120.878,120.893,120.707,120.727,0,0
2014-12-08,20:00:00,120.724,120.756,120.416,120.435,0,0
2014-12-08,21:00:00,120.423,120.572,120.187,120.473,0,0
2014-12-08,22:00:00,120.468,120.664,120.431,120.643,0,0
2014-12-08,23:00:00,120.635,120.787,120.635,120.669,0,0
2014-12-08,23:59:00,120.67,120.705,120.486,120.521,0,0
2014-12-09,01:00:00,120.526,120.716,120.499,120.623,0,0
2014-12-09,02:00:00,120.624,120.984,120.622,120.933,0,0
2014-12-09,03:00:00,120.938,120.939,120.691,120.742,0,0
2014-12-09,04:00:00,120.754,120.808,120.678,120.713,0,0
2014-12-09,05:00:00,120.717,120.886,120.257,120.332,0,0
2014-12-09,06:00:00,120.311,120.379,120.046,120.161,0,0
2014-12-09,07:00:00,120.16,120.261,120.046,120.072,0,0
2014-12-09,08:00:00,120.082,120.135,119.751,119.897,0,0
2014-12-09,09:00:00,119.906,120.091,119.606,119.665,0,0
2014-12-09,10:00:00,119.653,119.854,119.524,119.727,0,0
2014-12-09,11:00:00,119.726,120.007,119.638,119.995,0,0
2014-12-09,12:00:00,119.995,120.088,119.825,119.911,0,0
2014-12-09,13:00:00,119.911,120.097,119.873,120.051,0,0
2014-12-09,14:00:00,120.049,120.049,119.636,119.66,0,0
2014-12-09,15:00:00,119.666,119.727,119.423,119.556,0,0
2014-12-09,16:00:00,119.552,119.577,119.036,119.165,0,0
2014-12-09,17:00:00,119.165,119.256,117.93,118.933,0,0
2014-12-09,18:00:00,118.969,119.177,118.752,118.858,0,0
2014-12-09,19:00:00,118.852,119.358,118.826,119.27,0,0
2014-12-09,20:00:00,119.282,119.399,119.199,119.325,0,0
2014-12-09,21:00:00,119.325,119.51,119.308,119.456,0,0
2014-12-09,22:00:00,119.455,119.771,119.455,119.602,0,0
2014-12-09,23:00:00,119.584,119.694,119.535,119.679,0,0
2014-12-09,23:59:00,119.677,119.677,119.455,119.527,0,0
2014-12-10,01:00:00,119.528,119.666,119.165,119.34,0,0
2014-12-10,02:00:00,119.334,119.55,119.265,119.465,0,0
2014-12-10,03:00:00,119.465,119.89,119.429,119.81,0,0
2014-12-10,04:00:00,119.807,119.893,119.336,119.463,0,0
2014-12-10,05:00:00,119.454,119.551,119.185,119.247,0,0
2014-12-10,06:00:00,119.248,119.34,118.676,118.842,0,0
2014-12-10,07:00:00,118.842,119.179,118.671,119.08,0,0
2014-12-10,08:00:00,119.064,119.261,118.906,119.105,0,0
2014-12-10,09:00:00,119.107,119.26,118.838,119.066,0,0
2014-12-10,10:00:00,119.064,119.433,119.056,119.113,0,0
2014-12-10,11:00:00,119.12,119.253,119.026,119.114,0,0
2014-12-10,12:00:00,119.113,119.364,119.111,119.328,0,0
2014-12-10,13:00:00,119.317,119.334,119.167,119.329,0,0
2014-12-10,14:00:00,119.321,119.388,118.948,119.031,0,0
2014-12-10,15:00:00,119.039,119.093,118.791,118.967,0,0
2014-12-10,16:00:00,118.962,119.11,118.743,118.772,0,0
2014-12-10,17:00:00,118.778,118.816,118.271,118.769,0,0
2014-12-10,18:00:00,118.765,118.771,118.418,118.487,0,0
2014-12-10,19:00:00,118.477,118.628,118.281,118.47,0,0
2014-12-10,20:00:00,118.475,118.534,118.114,118.124,0,0
2014-12-10,21:00:00,118.12,118.349,117.973,118.102,0,0
2014-12-10,22:00:00,118.089,118.416,117.699,117.979,0,0
2014-12-10,23:00:00,117.993,118.047,117.763,117.799,0,0
2014-12-10,23:59:00,117.801,117.968,117.798,117.924,0,0
2014-12-11,01:00:00,117.924,117.933,117.581,117.581,0,0
2014-12-11,02:00:00,117.59,117.738,117.432,117.597,0,0
2014-12-11,03:00:00,117.588,118.314,117.572,118.232,0,0
2014-12-11,04:00:00,118.233,118.234,117.917,118.083,0,0
2014-12-11,05:00:00,118.082,118.082,117.842,118.07,0,0
2014-12-11,06:00:00,118.068,118.18,117.938,118.168,0,0
2014-12-11,07:00:00,118.176,118.295,118.11,118.203,0,0
2014-12-11,08:00:00,118.203,118.358,117.998,118.065,0,0
2014-12-11,09:00:00,118.064,118.176,117.893,117.913,0,0
2014-12-11,10:00:00,117.912,118.308,117.912,118.249,0,0
2014-12-11,11:00:00,118.251,118.867,118.113,118.71,0,0
2014-12-11,12:00:00,118.705,118.799,118.444,118.684,0,0
2014-12-11,13:00:00,118.682,118.729,118.355,118.369,0,0
2014-12-11,14:00:00,118.373,118.543,118.237,118.53,0,0
2014-12-11,15:00:00,118.529,118.787,118.337,118.777,0,0
2014-12-11,16:00:00,118.78,119.226,118.722,119.103,0,0
2014-12-11,17:00:00,119.112,119.419,119.112,119.417,0,0
2014-12-11,18:00:00,119.407,119.463,119.246,119.384,0,0
2014-12-11,19:00:00,119.385,119.41,119.284,119.346,0,0
2014-12-11,20:00:00,119.332,119.537,119.264,119.505,0,0
2014-12-11,21:00:00,119.504,119.522,119.052,119.052,0,0
2014-12-11,22:00:00,119.046,119.332,119.032,119.055,0,0
2014-12-11,23:00:00,119.055,119.061,118.594,118.629,0,0
2014-12-11,23:59:00,118.629,118.93,118.629,118.829,0,0
2014-12-12,01:00:00,118.829,119.091,118.826,118.986,0,0
2014-12-12,02:00:00,118.981,119.062,118.769,118.91,0,0
2014-12-12,03:00:00,118.9,119.182,118.854,119.056,0,0
2014-12-12,04:00:00,119.067,119.069,118.813,118.874,0,0
2014-12-12,05:00:00,118.884,118.943,118.816,118.886,0,0
2014-12-12,06:00:00,118.886,118.886,118.49,118.629,0,0
2014-12-12,07:00:00,118.643,118.87,118.591,118.864,0,0
2014-12-12,08:00:00,118.851,118.983,118.683,118.87,0,0
2014-12-12,09:00:00,118.864,118.936,118.736,118.753,0,0
2014-12-12,10:00:00,118.753,118.812,118.494,118.515,0,0
2014-12-12,11:00:00,118.504,118.536,118.035,118.348,0,0
2014-12-12,12:00:00,118.343,118.478,118.207,118.309,0,0
2014-12-12,13:00:00,118.31,118.36,118.144,118.264,0,0
2014-12-12,14:00:00,118.263,118.564,118.246,118.355,0,0
2014-12-12,15:00:00,118.343,118.507,118.265,118.414,0,0
2014-12-12,16:00:00,118.421,119.015,118.413,118.942,0,0
2014-12-12,17:00:00,118.948,119.064,118.497,118.503,0,0
2014-12-12,18:00:00,118.525,118.573,118.188,118.212,0,0
2014-12-12,19:00:00,118.215,118.506,118.212,118.381,0,0
2014-12-12,20:00:00,118.387,118.688,118.35,118.686,0,0
2014-12-12,21:00:00,118.683,118.76,118.599,118.756,0,0
2014-12-12,22:00:00,118.742,118.749,118.559,118.635,0,0
2014-12-12,23:00:00,118.633,118.646,118.633,118.636,0,0
2014-12-15,01:00:00,118.222,118.445,117.766,118.152,0,0
2014-12-15,02:00:00,118.14,118.612,117.933,118.515,0,0
2014-12-15,03:00:00,118.517,119.035,118.426,118.837,0,0
2014-12-15,04:00:00,118.82,118.838,118.516,118.723,0,0
2014-12-15,05:00:00,118.726,118.751,118.467,118.663,0,0
2014-12-15,06:00:00,118.661,118.736,118.613,118.669,0,0
2014-12-15,07:00:00,118.667,118.698,118.495,118.556,0,0
2014-12-15,08:00:00,118.544,118.668,118.123,118.234,0,0
2014-12-15,09:00:00,118.235,118.422,118.12,118.216,0,0
2014-12-15,10:00:00,118.213,118.551,118.213,118.515,0,0
2014-12-15,11:00:00,118.526,118.628,118.443,118.591,0,0
2014-12-15,12:00:00,118.592,118.668,118.526,118.627,0,0
2014-12-15,13:00:00,118.625,118.816,118.546,118.751,0,0
2014-12-15,14:00:00,118.751,118.957,118.707,118.906,0,0
2014-12-15,15:00:00,118.904,118.944,118.461,118.609,0,0
2014-12-15,16:00:00,118.607,118.807,118.56,118.639,0,0
2014-12-15,17:00:00,118.633,118.647,118.115,118.388,0,0
2014-12-15,18:00:00,118.37,118.395,117.598,117.734,0,0
2014-12-15,19:00:00,117.747,118.16,117.728,118.091,0,0
2014-12-15,20:00:00,118.096,118.133,117.713,117.788,0,0
2014-12-15,21:00:00,117.769,117.855,117.546,117.685,0,0
2014-12-15,22:00:00,117.669,117.719,117.557,117.717,0,0
2014-12-15,23:00:00,117.704,117.908,117.658,117.799,0,0
2014-12-15,23:59:00,117.8,117.992,117.791,117.811,0,0
2014-12-16,01:00:00,117.812,117.907,117.673,117.76,0,0
2014-12-16,02:00:00,117.745,117.937,117.643,117.767,0,0
2014-12-16,03:00:00,117.802,117.945,117.674,117.689,0,0
2014-12-16,04:00:00,117.651,117.81,117.618,117.658,0,0
2014-12-16,05:00:00,117.65,117.674,117.303,117.336,0,0
2014-12-16,06:00:00,117.341,117.457,117.279,117.445,0,0
2014-12-16,07:00:00,117.447,117.476,117.117,117.164,0,0
2014-12-16,08:00:00,117.164,117.423,117.133,117.381,0,0
2014-12-16,09:00:00,117.371,117.41,117.214,117.313,0,0
2014-12-16,10:00:00,117.318,117.375,116.536,116.671,0,0
2014-12-16,11:00:00,116.677,116.692,116.212,116.505,0,0
2014-12-16,12:00:00,116.505,116.816,116.424,116.792,0,0
2014-12-16,13:00:00,116.788,116.788,115.686,115.753,0,0
2014-12-16,14:00:00,115.741,116.286,115.548,115.836,0,0
2014-12-16,15:00:00,115.897,116.552,115.875,116.046,0,0
2014-12-16,16:00:00,116.057,116.562,115.993,116.477,0,0
2014-12-16,17:00:00,116.469,117.192,116.369,117.175,0,0
2014-12-16,18:00:00,117.185,117.734,117.048,117.265,0,0
2014-12-16,19:00:00,117.276,117.363,117.157,117.269,0,0
2014-12-16,20:00:00,117.278,117.453,117.022,117.252,0,0
2014-12-16,21:00:00,117.268,117.33,117.149,117.207,0,0
2014-12-16,22:00:00,117.199,117.291,116.566,116.59,0,0
2014-12-16,23:00:00,116.605,116.699,116.246,116.386,0,0
2014-12-16,23:59:00,116.388,116.572,116.284,116.491,0,0
2014-12-17,01:00:00,116.488,116.771,116.471,116.622,0,0
2014-12-17,02:00:00,116.611,117.061,116.515,116.899,0,0
2014-12-17,03:00:00,116.898,116.956,116.647,116.692,0,0
2014-12-17,04:00:00,116.688,116.814,116.427,116.776,0,0
2014-12-17,05:00:00,116.773,117.034,116.682,116.959,0,0
2014-12-17,06:00:00,116.948,117.097,116.848,116.869,0,0
2014-12-17,07:00:00,116.875,117.082,116.812,117.052,0,0
2014-12-17,08:00:00,117.051,117.274,116.944,117.217,0,0
2014-12-17,09:00:00,117.232,117.415,116.905,117.38,0,0
2014-12-17,10:00:00,117.386,117.484,117.175,117.215,0,0
2014-12-17,11:00:00,117.217,117.262,116.992,117.045,0,0
2014-12-17,12:00:00,117.045,117.286,117.044,117.175,0,0
2014-12-17,13:00:00,117.175,117.205,116.938,117.139,0,0
2014-12-17,14:00:00,117.145,117.259,117.072,117.183,0,0
2014-12-17,15:00:00,117.182,117.218,116.966,116.981,0,0
2014-12-17,16:00:00,116.996,117.213,116.801,117.12,0,0
2014-12-17,17:00:00,117.114,117.444,117.01,117.401,0,0
2014-12-17,18:00:00,117.393,117.703,117.308,117.645,0,0
2014-12-17,19:00:00,117.641,117.793,117.49,117.606,0,0
2014-12-17,20:00:00,117.606,117.659,117.343,117.63,0,0
2014-12-17,21:00:00,117.615,118.614,117.045,118.591,0,0
2014-12-17,22:00:00,118.623,118.88,118.26,118.659,0,0
2014-12-17,23:00:00,118.668,118.772,118.524,118.617,0,0
2014-12-17,23:59:00,118.625,118.861,118.603,118.855,0,0
2014-12-18,01:00:00,118.857,118.986,118.719,118.753,0,0
2014-12-18,02:00:00,118.753,118.876,118.573,118.658,0,0
2014-12-18,03:00:00,118.671,118.724,118.537,118.701,0,0
2014-12-18,04:00:00,118.695,118.778,118.432,118.554,0,0
2014-12-18,05:00:00,118.556,118.574,118.379,118.56,0,0
2014-12-18,06:00:00,118.559,118.568,118.402,118.456,0,0
2014-12-18,07:00:00,118.472,118.496,118.332,118.457,0,0
2014-12-18,08:00:00,118.46,118.727,118.455,118.667,0,0
2014-12-18,09:00:00,118.666,118.95,118.606,118.669,0,0
2014-12-18,10:00:00,118.671,118.71,118.243,118.352,0,0
2014-12-18,11:00:00,118.317,118.775,118.317,118.638,0,0
2014-12-18,12:00:00,118.637,118.637,118.438,118.596,0,0
2014-12-18,13:00:00,118.6,118.643,118.473,118.544,0,0
2014-12-18,14:00:00,118.552,118.804,118.548,118.798,0,0
2014-12-18,15:00:00,118.799,119.228,118.716,119.219,0,0
2014-12-18,16:00:00,119.217,119.287,119.068,119.137,0,0
2014-12-18,17:00:00,119.12,119.203,118.824,118.828,0,0
2014-12-18,18:00:00,118.818,118.854,118.563,118.822,0,0
2014-12-18,19:00:00,118.802,119.036,118.796,119.009,0,0
2014-12-18,20:00:00,119.007,119.009,118.843,118.884,0,0
2014-12-18,21:00:00,118.882,118.882,118.654,118.813,0,0
2014-12-18,22:00:00,118.817,118.855,118.688,118.765,0,0
2014-12-18,23:00:00,118.776,118.854,118.734,118.814,0,0
2014-12-18,23:59:00,118.817,118.986,118.812,118.924,0,0
2014-12-19,01:00:00,118.949,119.051,118.869,118.931,0,0
2014-12-19,02:00:00,118.93,119.051,118.822,119.051,0,0
2014-12-19,03:00:00,119.051,119.073,118.805,118.873,0,0
2014-12-19,04:00:00,118.873,119.005,118.858,118.977,0,0
2014-12-19,05:00:00,118.982,119.34,118.912,119.287,0,0
2014-12-19,06:00:00,119.292,119.315,119.179,119.187,0,0
2014-12-19,07:00:00,119.171,119.372,119.17,119.344,0,0
2014-12-19,08:00:00,119.344,119.445,119.111,119.254,0,0
2014-12-19,09:00:00,119.252,119.358,119.079,119.156,0,0
2014-12-19,10:00:00,119.156,119.457,119.117,119.332,0,0
2014-12-19,11:00:00,119.341,119.473,119.285,119.359,0,0
2014-12-19,12:00:00,119.372,119.444,119.313,119.417,0,0
2014-12-19,13:00:00,119.415,119.485,119.302,119.33,0,0
2014-12-19,14:00:00,119.323,119.368,119.231,119.266,0,0
2014-12-19,15:00:00,119.266,119.276,118.83,119.067,0,0
2014-12-19,16:00:00,119.063,119.26,119.022,119.257,0,0
2014-12-19,17:00:00,119.26,119.435,119.246,119.415,0,0
2014-12-19,18:00:00,119.42,119.603,119.354,119.556,0,0
2014-12-19,19:00:00,119.557,119.576,119.443,119.467,0,0
2014-12-19,20:00:00,119.487,119.548,119.45,119.546,0,0
2014-12-19,21:00:00,119.547,119.568,119.465,119.501,0,0
2014-12-19,22:00:00,119.502,119.576,119.431,119.511,0,0
2014-12-19,23:00:00,119.519,119.519,119.512,119.518,0,0
2014-12-22,01:00:00,119.54,119.575,119.46,119.51,0,0
2014-12-22,02:00:00,119.51,119.545,119.33,119.5,0,0
2014-12-22,03:00:00,119.51,119.53,119.354,119.433,0,0
2014-12-22,04:00:00,119.42,119.527,119.31,119.33,0,0
2014-12-22,05:00:00,119.35,119.475,119.35,119.45,0,0
2014-12-22,06:00:00,119.44,119.54,119.329,119.43,0,0
2014-12-22,07:00:00,119.421,119.569,119.406,119.505,0,0
2014-12-22,08:00:00,119.506,119.532,119.472,119.517,0,0
2014-12-22,09:00:00,119.517,119.605,119.479,119.59,0,0
2014-12-22,10:00:00,119.59,119.877,119.59,119.779,0,0
2014-12-22,11:00:00,119.775,119.861,119.768,119.821,0,0
2014-12-22,12:00:00,119.81,119.848,119.795,119.815,0,0
2014-12-22,13:00:00,119.813,119.822,119.724,119.725,0,0
2014-12-22,14:00:00,119.722,119.89,119.712,119.882,0,0
2014-12-22,15:00:00,119.882,119.962,119.862,119.923,0,0
2014-12-22,16:00:00,119.923,119.944,119.861,119.899,0,0
2014-12-22,17:00:00,119.901,119.995,119.846,119.931,0,0
2014-12-22,18:00:00,119.895,119.923,119.83,119.839,0,0
2014-12-22,19:00:00,119.837,119.903,119.833,119.889,0,0
2014-12-22,20:00:00,119.891,119.949,119.879,119.903,0,0
2014-12-22,21:00:00,119.906,119.978,119.894,119.959,0,0
2014-12-22,22:00:00,119.966,120.064,119.952,120.058,0,0
2014-12-22,23:00:00,120.057,120.083,120.015,120.035,0,0
2014-12-22,23:59:00,120.039,120.074,119.993,120.062,0,0
2014-12-23,01:00:00,120.079,120.177,120.063,120.144,0,0
2014-12-23,02:00:00,120.145,120.148,120.08,120.104,0,0
2014-12-23,03:00:00,120.105,120.149,120.088,120.105,0,0
2014-12-23,04:00:00,120.105,120.138,120.055,120.127,0,0
2014-12-23,05:00:00,120.129,120.153,120.093,120.119,0,0
2014-12-23,06:00:00,120.119,120.15,120.107,120.131,0,0
2014-12-23,07:00:00,120.133,120.143,120.105,120.122,0,0
2014-12-23,08:00:00,120.131,120.157,120.12,120.128,0,0
2014-12-23,09:00:00,120.129,120.168,120.09,120.155,0,0
2014-12-23,10:00:00,120.161,120.174,120.118,120.135,0,0
2014-12-23,11:00:00,120.135,120.138,120.077,120.102,0,0
2014-12-23,12:00:00,120.091,120.137,120.052,120.052,0,0
2014-12-23,13:00:00,120.052,120.121,120.048,120.109,0,0
2014-12-23,14:00:00,120.117,120.172,120.102,120.152,0,0
2014-12-23,15:00:00,120.152,120.543,120.152,120.539,0,0
2014-12-23,16:00:00,120.533,120.786,120.521,120.779,0,0
2014-12-23,17:00:00,120.736,120.781,120.552,120.685,0,0
2014-12-23,18:00:00,120.685,120.805,120.597,120.68,0,0
2014-12-23,19:00:00,120.68,120.692,120.548,120.609,0,0
2014-12-23,20:00:00,120.609,120.788,120.588,120.707,0,0
2014-12-23,21:00:00,120.707,120.752,120.682,120.745,0,0
2014-12-23,22:00:00,120.723,120.819,120.707,120.785,0,0
2014-12-23,23:00:00,120.786,120.789,120.659,120.677,0,0
2014-12-23,23:59:00,120.676,120.742,120.667,120.712,0,0
2014-12-24,01:00:00,120.733,120.746,120.671,120.677,0,0
2014-12-24,02:00:00,120.685,120.704,120.507,120.511,0,0
2014-12-24,03:00:00,120.511,120.568,120.448,120.483,0,0
2014-12-24,04:00:00,120.483,120.491,120.275,120.394,0,0
2014-12-24,05:00:00,120.41,120.457,120.378,120.436,0,0
2014-12-24,06:00:00,120.437,120.438,120.287,120.378,0,0
2014-12-24,07:00:00,120.392,120.397,120.279,120.332,0,0
2014-12-24,08:00:00,120.35,120.452,120.306,120.398,0,0
2014-12-24,09:00:00,120.395,120.432,120.289,120.404,0,0
2014-12-24,10:00:00,120.407,120.493,120.375,120.44,0,0
2014-12-24,11:00:00,120.44,120.48,120.376,120.447,0,0
2014-12-24,12:00:00,120.448,120.467,120.416,120.431,0,0
2014-12-24,13:00:00,120.45,120.463,120.409,120.419,0,0
2014-12-24,14:00:00,120.421,120.448,120.4,120.419,0,0
2014-12-24,15:00:00,120.421,120.48,120.363,120.477,0,0
2014-12-24,16:00:00,120.477,120.491,120.411,120.465,0,0
2014-12-24,17:00:00,120.463,120.489,120.404,120.485,0,0
2014-12-24,18:00:00,120.486,120.523,120.42,120.443,0,0
2014-12-24,19:00:00,120.44,120.47,120.421,120.46,0,0
2014-12-24,20:00:00,120.458,120.495,120.4,120.474,0,0
2014-12-24,21:00:00,120.44,120.485,120.43,120.45,0,0
2014-12-24,22:00:00,120.45,120.475,120.42,120.446,0,0
2014-12-24,23:00:00,120.42,120.49,120.39,120.49,0,0
2014-12-24,23:59:00,120.5,120.5,120.31,120.449,0,0
2014-12-26,01:00:00,120.27,120.406,120.201,120.359,0,0
2014-12-26,02:00:00,120.372,120.409,120.224,120.282,0,0
2014-12-26,03:00:00,120.257,120.257,120.169,120.243,0,0
2014-12-26,04:00:00,120.249,120.267,120.168,120.184,0,0
2014-12-26,05:00:00,120.184,120.209,120.179,120.204,0,0
2014-12-26,06:00:00,120.208,120.266,120.162,120.184,0,0
2014-12-26,07:00:00,120.182,120.244,120.175,120.19,0,0
2014-12-26,08:00:00,120.19,120.239,120.169,120.229,0,0
2014-12-26,09:00:00,120.227,120.302,120.209,120.293,0,0
2014-12-26,10:00:00,120.292,120.369,120.275,120.349,0,0
2014-12-26,11:00:00,120.347,120.349,120.26,120.307,0,0
2014-12-26,12:00:00,120.309,120.332,120.252,120.27,0,0
2014-12-26,13:00:00,120.295,120.306,120.266,120.279,0,0
2014-12-26,14:00:00,120.277,120.336,120.272,120.314,0,0
2014-12-26,15:00:00,120.314,120.397,120.306,120.379,0,0
2014-12-26,16:00:00,120.379,120.45,120.357,120.448,0,0
2014-12-26,17:00:00,120.437,120.454,120.379,120.444,0,0
2014-12-26,18:00:00,120.443,120.443,120.349,120.38,0,0
2014-12-26,19:00:00,120.38,120.399,120.368,120.391,0,0
2014-12-26,20:00:00,120.394,120.406,120.316,120.337,0,0
2014-12-26,21:00:00,120.327,120.368,120.32,120.368,0,0
2014-12-26,22:00:00,120.374,120.406,120.371,120.389,0,0
2014-12-26,23:00:00,120.386,120.386,120.386,120.386,0,0
2014-12-29,01:00:00,120.378,120.436,120.373,120.417,0,0
2014-12-29,02:00:00,120.417,120.494,120.397,120.485,0,0
2014-12-29,03:00:00,120.48,120.579,120.476,120.574,0,0
2014-12-29,04:00:00,120.584,120.597,120.451,120.463,0,0
2014-12-29,05:00:00,120.451,120.509,120.425,120.504,0,0
2014-12-29,06:00:00,120.506,120.507,120.231,120.232,0,0
2014-12-29,07:00:00,120.231,120.35,120.173,120.307,0,0
2014-12-29,08:00:00,120.318,120.337,120.251,120.322,0,0
2014-12-29,09:00:00,120.321,120.369,120.278,120.319,0,0
2014-12-29,10:00:00,120.338,120.435,120.297,120.421,0,0
2014-12-29,11:00:00,120.42,120.433,120.294,120.378,0,0
2014-12-29,12:00:00,120.368,120.45,120.342,120.437,0,0
2014-12-29,13:00:00,120.438,120.492,120.415,120.435,0,0
2014-12-29,14:00:00,120.436,120.486,120.411,120.44,0,0
2014-12-29,15:00:00,120.44,120.503,120.44,120.469,0,0
2014-12-29,16:00:00,120.47,120.662,120.47,120.655,0,0
2014-12-29,17:00:00,120.65,120.675,120.558,120.568,0,0
2014-12-29,18:00:00,120.564,120.636,120.543,120.544,0,0
2014-12-29,19:00:00,120.572,120.652,120.555,120.612,0,0
2014-12-29,20:00:00,120.614,120.712,120.597,120.709,0,0
2014-12-29,21:00:00,120.709,120.725,120.677,120.714,0,0
2014-12-29,22:00:00,120.71,120.722,120.67,120.685,0,0
2014-12-29,23:00:00,120.685,120.709,120.584,120.65,0,0
2014-12-29,23:59:00,120.659,120.674,120.571,120.643,0,0
2014-12-30,01:00:00,120.66,120.675,120.63,120.638,0,0
2014-12-30,02:00:00,120.658,120.67,120.526,120.534,0,0
2014-12-30,03:00:00,120.543,120.571,120.452,120.466,0,0
2014-12-30,04:00:00,120.479,120.502,120.451,120.452,0,0
2014-12-30,05:00:00,120.452,120.494,120.431,120.468,0,0
2014-12-30,06:00:00,120.47,120.481,120.369,120.439,0,0
2014-12-30,07:00:00,120.44,120.472,120.376,120.384,0,0
2014-12-30,08:00:00,120.402,120.404,120.256,120.313,0,0
2014-12-30,09:00:00,120.315,120.316,119.737,119.791,0,0
2014-12-30,10:00:00,119.79,119.79,119.188,119.5,0,0
2014-12-30,11:00:00,119.47,119.672,119.358,119.643,0,0
2014-12-30,12:00:00,119.684,119.829,119.636,119.742,0,0
2014-12-30,13:00:00,119.742,119.778,119.407,119.414,0,0
2014-12-30,14:00:00,119.414,119.605,119.381,119.542,0,0
2014-12-30,15:00:00,119.542,119.655,119.406,119.432,0,0
2014-12-30,16:00:00,119.431,119.463,119.011,119.117,0,0
2014-12-30,17:00:00,119.107,119.386,118.859,119.379,0,0
2014-12-30,18:00:00,119.348,119.481,119.283,119.34,0,0
2014-12-30,19:00:00,119.34,119.458,119.251,119.457,0,0
2014-12-30,20:00:00,119.457,119.606,119.431,119.519,0,0
2014-12-30,21:00:00,119.518,119.567,119.435,119.534,0,0
2014-12-30,22:00:00,119.548,119.565,119.502,119.525,0,0
2014-12-30,23:00:00,119.525,119.525,119.384,119.459,0,0
2014-12-30,23:59:00,119.455,119.526,119.378,119.432,0,0
2014-12-31,01:00:00,119.432,119.482,119.383,119.463,0,0
2014-12-31,02:00:00,119.461,119.537,119.405,119.537,0,0
2014-12-31,03:00:00,119.533,119.55,119.245,119.282,0,0
2014-12-31,04:00:00,119.28,119.37,119.258,119.354,0,0
2014-12-31,05:00:00,119.354,119.45,119.354,119.449,0,0
2014-12-31,06:00:00,119.449,119.54,119.406,119.519,0,0
2014-12-31,07:00:00,119.526,119.735,119.506,119.72,0,0
2014-12-31,08:00:00,119.721,119.762,119.63,119.72,0,0
2014-12-31,09:00:00,119.747,119.775,119.596,119.624,0,0
2014-12-31,10:00:00,119.624,119.683,119.56,119.578,0,0
2014-12-31,11:00:00,119.562,119.606,119.476,119.494,0,0
2014-12-31,12:00:00,119.492,119.506,119.319,119.408,0,0
2014-12-31,13:00:00,119.421,119.477,119.298,119.321,0,0
2014-12-31,14:00:00,119.322,119.529,119.289,119.493,0,0
2014-12-31,15:00:00,119.488,119.626,119.488,119.612,0,0
2014-12-31,16:00:00,119.618,119.629,119.464,119.48,0,0
2014-12-31,17:00:00,119.485,119.851,119.382,119.843,0,0
2014-12-31,18:00:00,119.888,119.91,119.757,119.859,0,0
2014-12-31,19:00:00,119.88,119.88,119.756,119.835,0,0
2014-12-31,20:00:00,119.833,119.885,119.781,119.879,0,0
2014-12-31,21:00:00,119.896,119.925,119.827,119.884,0,0
2014-12-31,22:00:00,119.863,119.872,119.747,119.747,0,0
2014-12-31,23:00:00,119.752,119.93,119.65,119.7,0,0
2014-12-31,23:59:00,119.7,119.95,119.7,119.809,0,0
2015-01-02,01:00:00,119.833,119.96,119.783,119.881,0,0
2015-01-02,02:00:00,119.879,120.066,119.837,120.066,0,0
2015-01-02,03:00:00,120.066,120.408,120.047,120.271,0,0
2015-01-02,04:00:00,120.271,120.42,120.257,120.338,0,0
2015-01-02,05:00:00,120.363,120.366,120.272,120.317,0,0
2015-01-02,06:00:00,120.346,120.467,120.339,120.433,0,0
2015-01-02,07:00:00,120.433,120.466,120.401,120.414,0,0
2015-01-02,08:00:00,120.435,120.435,120.332,120.4,0,0
2015-01-02,09:00:00,120.394,120.503,120.382,120.447,0,0
2015-01-02,10:00:00,120.438,120.467,120.341,120.341,0,0
2015-01-02,11:00:00,120.353,120.425,120.31,120.405,0,0
2015-01-02,12:00:00,120.405,120.474,120.377,120.433,0,0
2015-01-02,13:00:00,120.431,120.491,120.431,120.478,0,0
2015-01-02,14:00:00,120.481,120.642,120.48,120.622,0,0
2015-01-02,15:00:00,120.622,120.65,120.552,120.6,0,0
2015-01-02,16:00:00,120.602,120.733,120.569,120.688,0,0
2015-01-02,17:00:00,120.679,120.679,120.023,120.195,0,0
2015-01-02,18:00:00,120.189,120.226,119.842,120.209,0,0
2015-01-02,19:00:00,120.205,120.36,120.145,120.232,0,0
2015-01-02,20:00:00,120.226,120.316,120.216,120.308,0,0
2015-01-02,21:00:00,120.307,120.387,120.3,120.35,0,0
2015-01-02,22:00:00,120.334,120.483,120.302,120.47,0,0
2015-01-02,23:00:00,120.47,120.474,120.465,120.465,0,0
2015-01-05,01:00:00,120.532,120.57,120.382,120.391,0,0
2015-01-05,02:00:00,120.391,120.405,119.989,120.258,0,0
2015-01-05,03:00:00,120.258,120.42,120.124,120.398,0,0
2015-01-05,04:00:00,120.396,120.396,120.234,120.328,0,0
2015-01-05,05:00:00,120.329,120.577,120.31,120.576,0,0
2015-01-05,06:00:00,120.61,120.624,120.491,120.518,0,0
2015-01-05,07:00:00,120.557,120.602,120.365,120.395,0,0
2015-01-05,08:00:00,120.392,120.508,120.356,120.378,0,0
2015-01-05,09:00:00,120.378,120.474,120.318,120.366,0,0
2015-01-05,10:00:00,120.366,120.423,120.258,120.35,0,0
2015-01-05,11:00:00,120.35,120.387,120.129,120.209,0,0
2015-01-05,12:00:00,120.209,120.364,120.167,120.356,0,0
2015-01-05,13:00:00,120.357,120.427,120.239,120.268,0,0
2015-01-05,14:00:00,120.268,120.281,120.035,120.148,0,0
2015-01-05,15:00:00,120.16,120.175,119.778,119.821,0,0
2015-01-05,16:00:00,119.821,119.833,119.455,119.48,0,0
2015-01-05,17:00:00,119.484,119.666,119.374,119.584,0,0
2015-01-05,18:00:00,119.584,119.776,119.433,119.644,0,0
2015-01-05,19:00:00,119.674,119.783,119.554,119.581,0,0
2015-01-05,20:00:00,119.599,119.79,119.574,119.688,0,0
2015-01-05,21:00:00,119.676,119.676,119.493,119.529,0,0
2015-01-05,22:00:00,119.521,119.671,119.488,119.645,0,0
2015-01-05,23:00:00,119.652,119.652,119.567,119.631,0,0
2015-01-05,23:59:00,119.63,119.63,119.252,119.286,0,0
2015-01-06,01:00:00,119.286,119.484,119.285,119.419,0,0
2015-01-06,02:00:00,119.414,119.503,119.162,119.162,0,0
2015-01-06,03:00:00,119.162,119.444,119.161,119.442,0,0
2015-01-06,04:00:00,119.442,119.442,119.167,119.331,0,0
2015-01-06,05:00:00,119.305,119.38,119.249,119.296,0,0
2015-01-06,06:00:00,119.29,119.29,119.087,119.229,0,0
2015-01-06,07:00:00,119.218,119.235,118.901,118.952,0,0
2015-01-06,08:00:00,118.919,119.037,118.65,118.791,0,0
2015-01-06,09:00:00,118.796,119.165,118.779,119.165,0,0
2015-01-06,10:00:00,119.16,119.231,118.748,118.863,0,0
2015-01-06,11:00:00,118.866,119.005,118.71,118.784,0,0
2015-01-06,12:00:00,118.82,118.977,118.744,118.961,0,0
2015-01-06,13:00:00,118.966,119.339,118.959,119.308,0,0
2015-01-06,14:00:00,119.351,119.376,119.055,119.062,0,0
2015-01-06,15:00:00,119.073,119.118,118.902,118.997,0,0
2015-01-06,16:00:00,118.999,119.193,118.862,118.862,0,0
2015-01-06,17:00:00,118.719,119.04,118.612,118.704,0,0
2015-01-06,18:00:00,118.705,118.8,118.196,118.226,0,0
2015-01-06,19:00:00,118.234,118.48,118.051,118.48,0,0
2015-01-06,20:00:00,118.477,118.477,118.088,118.369,0,0
2015-01-06,21:00:00,118.369,118.642,118.253,118.569,0,0
2015-01-06,22:00:00,118.607,118.807,118.495,118.502,0,0
2015-01-06,23:00:00,118.497,118.594,118.355,118.371,0,0
2015-01-06,23:59:00,118.38,118.664,118.356,118.583,0,0
2015-01-07,01:00:00,118.558,118.692,118.521,118.661,0,0
2015-01-07,02:00:00,118.653,118.847,118.639,118.749,0,0
2015-01-07,03:00:00,118.749,119.002,118.736,118.997,0,0
2015-01-07,04:00:00,119,119.162,119,119.068,0,0
2015-01-07,05:00:00,119.067,119.103,118.887,119.012,0,0
2015-01-07,06:00:00,119.01,119.095,118.982,119.04,0,0
2015-01-07,07:00:00,119.04,119.068,118.802,118.87,0,0
2015-01-07,08:00:00,118.869,119.093,118.796,119.039,0,0
2015-01-07,09:00:00,119.039,119.249,118.917,119.078,0,0
2015-01-07,10:00:00,119.03,119.198,118.98,119.073,0,0
2015-01-07,11:00:00,119.068,119.098,118.695,118.834,0,0
2015-01-07,12:00:00,118.828,119.196,118.761,119.157,0,0
2015-01-07,13:00:00,119.139,119.163,119.025,119.126,0,0
2015-01-07,14:00:00,119.136,119.221,119.029,119.17,0,0
2015-01-07,15:00:00,119.169,119.522,119.163,119.399,0,0
2015-01-07,16:00:00,119.405,119.56,119.294,119.491,0,0
2015-01-07,17:00:00,119.547,119.643,119.404,119.446,0,0
2015-01-07,18:00:00,119.443,119.542,119.295,119.515,0,0
2015-01-07,19:00:00,119.54,119.569,119.429,119.484,0,0
2015-01-07,20:00:00,119.492,119.514,119.216,119.236,0,0
2015-01-07,21:00:00,119.236,119.491,118.843,118.935,0,0
2015-01-07,22:00:00,118.995,119.184,118.975,119.15,0,0
2015-01-07,23:00:00,119.144,119.252,119.064,119.246,0,0
2015-01-07,23:59:00,119.246,119.348,119.202,119.318,0,0
2015-01-08,01:00:00,119.321,119.39,119.246,119.29,0,0
2015-01-08,02:00:00,119.289,119.472,119.187,119.459,0,0
2015-01-08,03:00:00,119.426,119.709,119.368,119.683,0,0
2015-01-08,04:00:00,119.687,119.756,119.6,119.712,0,0
2015-01-08,05:00:00,119.71,119.813,119.62,119.673,0,0
2015-01-08,06:00:00,119.68,119.787,119.63,119.729,0,0
2015-01-08,07:00:00,119.721,119.746,119.631,119.699,0,0
2015-01-08,08:00:00,119.699,119.894,119.699,119.855,0,0
2015-01-08,09:00:00,119.888,119.958,119.78,119.803,0,0
2015-01-08,10:00:00,119.805,119.859,119.689,119.713,0,0
2015-01-08,11:00:00,119.743,119.82,119.673,119.754,0,0
2015-01-08,12:00:00,119.752,119.879,119.741,119.816,0,0
2015-01-08,13:00:00,119.841,119.857,119.755,119.812,0,0
2015-01-08,14:00:00,119.804,119.891,119.742,119.745,0,0
2015-01-08,15:00:00,119.754,119.85,119.422,119.456,0,0
2015-01-08,16:00:00,119.45,119.647,119.383,119.525,0,0
2015-01-08,17:00:00,119.528,119.726,119.514,119.674,0,0
2015-01-08,18:00:00,119.678,119.687,119.518,119.521,0,0
2015-01-08,19:00:00,119.519,119.562,119.453,119.522,0,0
2015-01-08,20:00:00,119.522,119.721,119.491,119.601,0,0
2015-01-08,21:00:00,119.601,119.763,119.583,119.7,0,0
2015-01-08,22:00:00,119.676,119.729,119.621,119.643,0,0
2015-01-08,23:00:00,119.641,119.679,119.619,119.655,0,0
2015-01-08,23:59:00,119.65,119.816,119.634,119.774,0,0
2015-01-09,01:00:00,119.759,119.866,119.747,119.796,0,0
2015-01-09,02:00:00,119.795,119.848,119.738,119.812,0,0
2015-01-09,03:00:00,119.812,119.812,119.467,119.558,0,0
2015-01-09,04:00:00,119.561,119.63,119.409,119.487,0,0
2015-01-09,05:00:00,119.487,119.585,119.469,119.542,0,0
2015-01-09,06:00:00,119.515,119.519,119.269,119.341,0,0
2015-01-09,07:00:00,119.341,119.352,119.166,119.32,0,0
2015-01-09,08:00:00,119.317,119.476,119.317,119.423,0,0
2015-01-09,09:00:00,119.423,119.488,119.319,119.436,0,0
2015-01-09,10:00:00,119.436,119.436,119.29,119.398,0,0
2015-01-09,11:00:00,119.427,119.434,119.305,119.326,0,0
2015-01-09,12:00:00,119.327,119.343,119.174,119.209,0,0
2015-01-09,13:00:00,119.213,119.295,119.197,119.254,0,0
2015-01-09,14:00:00,119.257,119.293,119.168,119.185,0,0
2015-01-09,15:00:00,119.187,119.752,118.985,119.499,0,0
2015-01-09,16:00:00,119.5,119.648,119.11,119.158,0,0
2015-01-09,17:00:00,119.106,119.167,118.748,118.864,0,0
2015-01-09,18:00:00,118.867,119.315,118.425,118.661,0,0
2015-01-09,19:00:00,118.657,118.686,118.511,118.563,0,0
2015-01-09,20:00:00,118.541,118.61,118.501,118.523,0,0
2015-01-09,21:00:00,118.506,118.589,118.503,118.561,0,0
2015-01-09,22:00:00,118.577,118.651,118.496,118.556,0,0
2015-01-09,23:00:00,118.556,118.556,118.555,118.555,0,0
